CustomerKey,FirstName,LastName,FullName,Gender,DateFirstPurchase,Customer City
11000,Jon,Yang,Jon Yang,MALE,2021-01-19,Rockhampton
11001,Eugene,Huang,Eugene Huang,MALE,2021-01-15,Seaford
11002,Ruben,Torres,Ruben Torres,MALE,2021-01-07,Hobart
11003,Christy,Zhu,Christy Zhu,FEMALE,2020-12-29,North Ryde
11004,Elizabeth,Johnson,Elizabeth Johnson,FEMALE,2021-01-23,Wollongong
11005,Julio,Ruiz,Julio Ruiz,MALE,2020-12-30,East Brisbane
11006,Janet,Alvarez,Janet Alvarez,FEMALE,2021-01-24,Matraville
11007,Marco,Mehta,Marco Mehta,MALE,2021-01-09,Warrnambool
11008,Rob,Verhoff,Rob Verhoff,FEMALE,2021-01-25,Bendigo
11009,Shannon,Carlson,Shannon Carlson,MALE,2021-01-27,Hervey Bay
11010,Jacquelyn,Suarez,Jacquelyn Suarez,FEMALE,2021-01-14,East Brisbane
11011,Curtis,Lu,Curtis Lu,MALE,2020-12-30,East Brisbane
11012,Lauren,Walker,Lauren Walker,FEMALE,2023-03-16,Bremerton
11013,Ian,Jenkins,Ian Jenkins,MALE,2023-04-13,Lebanon
11014,Sydney,Bennett,Sydney Bennett,FEMALE,2023-03-23,Redmond
11015,Chloe,Young,Chloe Young,FEMALE,2023-01-18,Burbank
11016,Wyatt,Hill,Wyatt Hill,MALE,2023-02-09,Imperial Beach
11017,Shannon,Wang,Shannon Wang,FEMALE,2021-01-12,Sunbury
11018,Clarence,Rai,Clarence Rai,MALE,2021-01-17,Bendigo
11019,Luke,Lal,Luke Lal,MALE,2023-02-12,Langley
11020,Jordan,King,Jordan King,MALE,2022-12-29,Metchosin
11021,Destiny,Wilson,Destiny Wilson,FEMALE,2023-01-23,Beaverton
11022,Ethan,Zhang,Ethan Zhang,MALE,2023-01-20,Bellingham
11023,Seth,Edwards,Seth Edwards,MALE,2023-02-17,Bellflower
11024,Russell,Xie,Russell Xie,MALE,2023-06-27,Concord
11025,Alejandro,Beck,Alejandro Beck,MALE,2021-01-06,Hawthorne
11026,Harold,Sai,Harold Sai,MALE,2021-01-23,Goulburn
11027,Jessie,Zhao,Jessie Zhao,MALE,2021-01-16,Warrnambool
11028,Jill,Jimenez,Jill Jimenez,FEMALE,2021-01-26,St. Leonards
11029,Jimmy,Moreno,Jimmy Moreno,MALE,2021-01-19,Bendigo
11030,Bethany,Yuan,Bethany Yuan,FEMALE,2021-02-05,Cloverdale
11031,Theresa,Ramos,Theresa Ramos,FEMALE,2021-02-01,Matraville
11032,Denise,Stone,Denise Stone,FEMALE,2021-02-18,Melbourne
11033,Jaime,Nath,Jaime Nath,MALE,2021-02-15,Milsons Point
11034,Ebony,Gonzalez,Ebony Gonzalez,FEMALE,2021-02-01,North Sydney
11035,Wendy,Dominguez,Wendy Dominguez,FEMALE,2021-02-06,Cranbourne
11036,Jennifer,Russell,Jennifer Russell,FEMALE,2023-01-22,National City
11037,Chloe,Garcia,Chloe Garcia,FEMALE,2023-01-20,Cliffside
11038,Diana,Hernandez,Diana Hernandez,FEMALE,2021-02-07,Lavender Bay
11039,Marc,Martin,Marc Martin,MALE,2021-02-07,Wollongong
11040,Jesse,Murphy,Jesse Murphy,MALE,2023-04-03,Tacoma
11041,Amanda,Carter,Amanda Carter,FEMALE,2023-01-14,Glendale
11042,Megan,Sanchez,Megan Sanchez,FEMALE,2023-01-21,Los Angeles
11043,Nathan,Simmons,Nathan Simmons,MALE,2023-05-08,Glendale
11044,Adam,Flores,Adam Flores,MALE,2021-02-28,Hervey Bay
11045,Leonard,Nara,Leonard Nara,MALE,2023-04-10,Matraville
11046,Christine,Yuan,Christine Yuan,FEMALE,2021-02-06,Lavender Bay
11047,Jaclyn,Lu,Jaclyn Lu,FEMALE,2021-02-03,Geelong
11048,Jeremy,Powell,Jeremy Powell,MALE,2021-02-10,Sunbury
11049,Carol,Rai,Carol Rai,FEMALE,2023-03-09,Chula Vista
11050,Alan,Zheng,Alan Zheng,MALE,2021-02-20,Hobart
11051,Daniel,Johnson,Daniel Johnson,MALE,2023-12-29,Caloundra
11052,Heidi,Lopez,Heidi Lopez,FEMALE,2021-02-17,Matraville
11053,Ana,Price,Ana Price,FEMALE,2023-01-17,San Diego
11054,Deanna,Munoz,Deanna Munoz,FEMALE,2021-02-03,Geelong
11055,Gilbert,Raje,Gilbert Raje,MALE,2021-01-31,East Brisbane
11056,Michele,Nath,Michele Nath,FEMALE,2021-02-26,Newcastle
11057,Carl,Andersen,Carl Andersen,MALE,2021-02-22,Lane Cove
11058,Marc,Diaz,Marc Diaz,MALE,2021-03-09,Findon
11059,Ashlee,Andersen,Ashlee Andersen,FEMALE,2023-02-18,Townsville
11060,Jon,Zhou,Jon Zhou,MALE,2021-03-19,Warrnambool
11061,Todd,Gao,Todd Gao,MALE,2021-03-13,Gold Coast
11062,Noah,Powell,Noah Powell,MALE,2023-01-07,Portland
11063,Angela,Murphy,Angela Murphy,FEMALE,2023-01-12,Redmond
11064,Chase,Reed,Chase Reed,MALE,2023-01-25,Downey
11065,Jessica,Henderson,Jessica Henderson,FEMALE,2023-02-10,La Jolla
11066,Grace,Butler,Grace Butler,FEMALE,2023-05-31,Lebanon
11067,Caleb,Carter,Caleb Carter,MALE,2023-08-18,Port Orchard
11068,Tiffany,Liang,Tiffany Liang,FEMALE,2023-04-30,Warrnambool
11069,Carolyn,Navarro,Carolyn Navarro,FEMALE,2021-04-17,Gold Coast
11070,Willie,Raji,Willie Raji,MALE,2021-04-28,Sunbury
11071,Linda,Serrano,Linda Serrano,FEMALE,2023-03-01,Hawthorne
11072,Casey,Luo,Casey Luo,FEMALE,2021-03-31,St. Leonards
11073,Amy,Ye,Amy Ye,FEMALE,2023-03-23,Springwood
11074,Levi,Arun,Levi Arun,MALE,2023-03-23,Cloverdale
11075,Felicia,Jimenez,Felicia Jimenez,FEMALE,2021-04-28,Bendigo
11076,Blake,Anderson,Blake Anderson,MALE,2021-04-21,Wollongong
11077,Leah,Ye,Leah Ye,FEMALE,2021-04-15,Melton
11078,Gina,Martin,Gina Martin,FEMALE,2023-02-15,Cliffside
11079,Donald,Gonzalez,Donald Gonzalez,MALE,2023-03-15,Geelong
11080,Damien,Chander,Damien Chander,MALE,2021-04-10,Perth
11081,Savannah,Baker,Savannah Baker,FEMALE,2023-02-12,Concord
11082,Angela,Butler,Angela Butler,FEMALE,2023-01-22,Fremont
11083,Alyssa,Cox,Alyssa Cox,FEMALE,2023-01-06,Lincoln Acres
11084,Lucas,Phillips,Lucas Phillips,MALE,2023-01-04,Lebanon
11085,Emily,Johnson,Emily Johnson,FEMALE,2023-12-06,Newport Beach
11086,Ryan,Brown,Ryan Brown,MALE,2023-07-02,Santa Monica
11087,Tamara,Liang,Tamara Liang,FEMALE,2023-02-25,Chula Vista
11088,Hunter,Davis,Hunter Davis,MALE,2023-01-13,San Diego
11089,Abigail,Price,Abigail Price,FEMALE,2022-12-29,Long Beach
11090,Trevor,Bryant,Trevor Bryant,MALE,2021-08-07,Los Angeles
11091,Dalton,Perez,Dalton Perez,MALE,2023-01-29,Haney
11092,Cheryl,Diaz,Cheryl Diaz,FEMALE,2021-04-08,East Brisbane
11093,Aimee,He,Aimee He,FEMALE,2021-04-07,Wollongong
11094,Cedric,Ma,Cedric Ma,MALE,2023-04-07,Cranbourne
11095,Chad,Kumar,Chad Kumar,MALE,2021-04-01,Port Macquarie
11096,Andrés,Anand,Andrés Anand,MALE,2021-04-11,North Sydney
11097,Edwin,Nara,Edwin Nara,MALE,2021-04-04,Warrnambool
11098,Mallory,Rubio,Mallory Rubio,FEMALE,2023-02-11,Rhodes
11099,Adam,Ross,Adam Ross,MALE,2021-04-07,Port Macquarie
11100,Latasha,Navarro,Latasha Navarro,FEMALE,2021-04-16,Cloverdale
11101,Abby,Sai,Abby Sai,FEMALE,2021-04-29,Cranbourne
11102,Julia,Nelson,Julia Nelson,FEMALE,2023-07-16,Sydney
11103,Cassie,Chande,Cassie Chande,FEMALE,2021-04-15,Darlinghurst
11104,Edgar,Sara,Edgar Sara,MALE,2021-05-04,Gold Coast
11105,Candace,Fernandez,Candace Fernandez,FEMALE,2021-05-14,Matraville
11106,Jessie,Liu,Jessie Liu,MALE,2021-05-18,Warrnambool
11107,Bianca,Lin,Bianca Lin,FEMALE,2021-05-01,St. Leonards
11108,Kari,Alvarez,Kari Alvarez,FEMALE,2021-05-03,Port Macquarie
11109,Ruben,Kapoor,Ruben Kapoor,MALE,2021-05-10,South Melbourne
11110,Curtis,Yang,Curtis Yang,MALE,2021-05-01,Darlinghurst
11111,Meredith,Gutierrez,Meredith Gutierrez,FEMALE,2021-05-20,Geelong
11112,Crystal,Wang,Crystal Wang,FEMALE,2021-05-25,Hervey Bay
11113,Micheal,Blanco,Micheal Blanco,MALE,2023-02-01,Perth
11114,Leslie,Moreno,Leslie Moreno,FEMALE,2023-03-18,Rhodes
11115,Alvin,Cai,Alvin Cai,MALE,2023-02-10,St. Leonards
11116,Clinton,Carlson,Clinton Carlson,MALE,2023-03-15,Sydney
11117,April,Deng,April Deng,FEMALE,2021-05-06,Matraville
11118,Alvin,Zeng,Alvin Zeng,MALE,2023-07-10,Lavender Bay
11119,Evan,James,Evan James,MALE,2023-02-03,Port Macquarie
11120,Beth,Jiménez,Beth Jiménez,FEMALE,2021-05-14,Sydney
11121,Orlando,Suarez,Orlando Suarez,MALE,2023-06-24,Newcastle
11122,Byron,Vazquez,Byron Vazquez,MALE,2023-02-21,North Sydney
11123,Philip,Alvarez,Philip Alvarez,MALE,2023-04-17,Sunbury
11124,Ross,Jordan,Ross Jordan,MALE,2021-05-05,Warrnambool
11125,Dana,Navarro,Dana Navarro,FEMALE,2023-01-31,Seaford
11126,Shaun,Carson,Shaun Carson,MALE,2021-05-28,North Ryde
11127,Jan,Edwards,Jan Edwards,FEMALE,2023-04-10,San Gabriel
11128,Samantha,Long,Samantha Long,FEMALE,2023-06-19,Renton
11129,Julia,Wright,Julia Wright,FEMALE,2021-08-06,Sedro Woolley
11130,Caroline,Russell,Caroline Russell,FEMALE,2023-12-09,Lebanon
11131,Amanda,Rivera,Amanda Rivera,FEMALE,2023-10-18,Haney
11132,Melissa,Richardson,Melissa Richardson,FEMALE,2023-04-09,Langford
11133,Angela,Griffin,Angela Griffin,FEMALE,2023-12-30,Lake Oswego
11134,Larry,Townsend,Larry Townsend,MALE,2021-05-03,Perth
11135,Marcus,Harris,Marcus Harris,MALE,2023-04-18,Burlingame
11136,Brianna,Morgan,Brianna Morgan,FEMALE,2023-01-03,Metchosin
11137,Jasmine,Taylor,Jasmine Taylor,FEMALE,2023-07-31,Spokane
11138,Lauren,Davis,Lauren Davis,FEMALE,2023-09-19,Glendale
11139,Tanya,Moreno,Tanya Moreno,FEMALE,2023-09-14,Cloverdale
11140,Javier,Alvarez,Javier Alvarez,MALE,2023-03-19,Burbank
11141,Nicole,Ramirez,Nicole Ramirez,FEMALE,2023-05-16,Daly City
11142,Eduardo,Patterson,Eduardo Patterson,MALE,2023-02-13,Langford
11143,Jonathan,Henderson,Jonathan Henderson,MALE,2023-06-15,Lakewood
11144,Edward,Hernandez,Edward Hernandez,MALE,2023-01-25,Ballard
11145,Jasmine,Coleman,Jasmine Coleman,FEMALE,2023-01-25,Beaverton
11146,Karla,Goel,Karla Goel,FEMALE,2023-02-05,Matraville
11147,Ernest,Wu,Ernest Wu,MALE,2021-05-13,Warrnambool
11148,Ross,Vazquez,Ross Vazquez,MALE,2023-03-07,East Brisbane
11149,Theodore,Gill,Theodore Gill,MALE,2023-06-04,Hervey Bay
11150,Russell,Shen,Russell Shen,MALE,2023-03-27,Sunbury
11151,Melinda,Gill,Melinda Gill,FEMALE,2021-05-15,Sydney
11152,James,Williams,James Williams,MALE,2023-01-09,Puyallup
11153,Angela,James,Angela James,FEMALE,2023-03-29,Renton
11154,Megan,Walker,Megan Walker,FEMALE,2023-01-10,Woodburn
11155,Hunter,Robinson,Hunter Robinson,MALE,2023-01-06,Burbank
11156,Maria,Roberts,Maria Roberts,FEMALE,2023-01-08,Lakewood
11157,Hannah,Long,Hannah Long,FEMALE,2023-07-24,Tacoma
11158,Jason,Wright,Jason Wright,MALE,2023-01-19,San Gabriel
11159,Brianna,Hughes,Brianna Hughes,FEMALE,2023-09-08,Woodland Hills
11160,Maurice,Tang,Maurice Tang,MALE,2023-02-21,Concord
11161,Emily,Wood,Emily Wood,FEMALE,2023-06-01,Concord
11162,Chase,Cox,Chase Cox,MALE,2023-02-18,La Jolla
11163,Gabriel,Wang,Gabriel Wang,MALE,2023-05-01,Spring Valley
11164,Devin,Brooks,Devin Brooks,MALE,2023-04-27,Torrance
11165,Jocelyn,Alexander,Jocelyn Alexander,FEMALE,2023-05-25,Oakland
11166,Ashley,Martinez,Ashley Martinez,FEMALE,2023-10-14,Olympia
11167,Jasmine,Barnes,Jasmine Barnes,FEMALE,2023-01-07,Issaquah
11168,David,Rodriguez,David Rodriguez,MALE,2023-01-15,Oakland
11169,Bryce,Richardson,Bryce Richardson,MALE,2023-05-26,Coronado
11170,Carol,Howard,Carol Howard,FEMALE,2023-08-26,Burien
11171,Jonathan,Hill,Jonathan Hill,MALE,2021-08-20,Woodland Hills
11172,Gabrielle,Adams,Gabrielle Adams,FEMALE,2023-05-03,Lynnwood
11173,Sarah,Thomas,Sarah Thomas,FEMALE,2023-03-02,W. Linn
11174,Nicholas,Robinson,Nicholas Robinson,MALE,2023-07-13,Los Angeles
11175,Luis,Wang,Luis Wang,MALE,2021-08-28,Beverly Hills
11176,Mason,Roberts,Mason Roberts,MALE,2023-02-02,Haney
11177,Jose,Flores,Jose Flores,MALE,2023-03-29,San Diego
11178,Nathan,Johnson,Nathan Johnson,MALE,2023-02-21,Lakewood
11179,Molly,Rodriguez,Molly Rodriguez,FEMALE,2023-03-12,Beverly Hills
11180,April,Anand,April Anand,FEMALE,2023-03-17,Chula Vista
11181,Devin,Martin,Devin Martin,MALE,2023-05-07,Los Angeles
11182,Stephanie,Torres,Stephanie Torres,FEMALE,2023-08-28,Sedro Woolley
11183,Jasmine,Lee,Jasmine Lee,FEMALE,2023-04-30,Santa Cruz
11184,Meghan,Hernandez,Meghan Hernandez,FEMALE,2023-08-10,Concord
11185,Ashley,Henderson,Ashley Henderson,FEMALE,2023-02-21,Metchosin
11186,Sarah,Price,Sarah Price,FEMALE,2023-10-18,Palo Alto
11187,Jennifer,Cooper,Jennifer Cooper,FEMALE,2023-04-03,Burien
11188,Catherine,Morris,Catherine Morris,FEMALE,2023-11-01,San Gabriel
11189,Lawrence,Blanco,Lawrence Blanco,MALE,2021-08-26,Bellingham
11190,Carson,Bryant,Carson Bryant,MALE,2023-08-28,Beverly Hills
11191,Kristi,Perez,Kristi Perez,FEMALE,2021-08-11,Colma
11192,James,Brown,James Brown,MALE,2023-06-23,Seattle
11193,Ian,Gray,Ian Gray,MALE,2023-02-25,Woodburn
11194,Jacqueline,Price,Jacqueline Price,FEMALE,2023-03-13,Palo Alto
11195,Megan,Henderson,Megan Henderson,FEMALE,2023-04-14,Renton
11196,Alfredo,Romero,Alfredo Romero,MALE,2023-03-03,Beaverton
11197,Andrea,Morris,Andrea Morris,FEMALE,2023-05-02,Seattle
11198,Brooke,Sanders,Brooke Sanders,FEMALE,2023-02-05,Santa Cruz
11199,Jacqueline,Bennett,Jacqueline Bennett,FEMALE,2023-03-18,Burlingame
11200,Jason,Griffin,Jason Griffin,MALE,2023-02-07,Victoria
11201,Amanda,Foster,Amanda Foster,FEMALE,2023-07-01,Santa Monica
11202,Alexia,Price,Alexia Price,FEMALE,2023-09-15,Lakewood
11203,Luis,Diaz,Luis Diaz,MALE,2023-02-20,Port Hammond
11204,Destiny,Rivera,Destiny Rivera,FEMALE,2023-08-09,Beaverton
11205,Abby,Fernandez,Abby Fernandez,FEMALE,2023-07-27,Burien
11206,Blake,Flores,Blake Flores,MALE,2023-05-11,Lynnwood
11207,Danielle,Cox,Danielle Cox,FEMALE,2023-01-31,Renton
11208,Maria,Reed,Maria Reed,FEMALE,2023-03-04,Glendale
11209,Allison,Evans,Allison Evans,FEMALE,2023-03-25,Lincoln Acres
11210,Edward,Wood,Edward Wood,MALE,2023-05-06,West Covina
11211,Samantha,Russell,Samantha Russell,FEMALE,2023-02-01,Haney
11212,Chloe,Campbell,Chloe Campbell,FEMALE,2023-01-30,Metchosin
11213,Stephanie,Murphy,Stephanie Murphy,FEMALE,2023-03-28,Edmonds
11214,Charles,Miller,Charles Miller,MALE,2023-08-14,Milwaukie
11215,Ana,Perry,Ana Perry,FEMALE,2023-02-15,Royal Oak
11216,Jasmine,Torres,Jasmine Torres,FEMALE,2021-08-15,Portland
11217,Natalie,Adams,Natalie Adams,FEMALE,2021-08-10,Portland
11218,Olivia,Brown,Olivia Brown,FEMALE,2023-02-28,Tacoma
11219,Charles,Cook,Charles Cook,MALE,2023-10-29,Woodburn
11220,Erica,Huang,Erica Huang,FEMALE,2023-03-14,Colma
11221,Nathan,Perry,Nathan Perry,MALE,2023-04-07,Lakewood
11222,Alexandra,Rivera,Alexandra Rivera,FEMALE,2023-11-01,Santa Monica
11223,Hailey,Patterson,Hailey Patterson,FEMALE,2023-01-29,Langley
11224,Tiffany,Li,Tiffany Li,FEMALE,2021-08-07,Burien
11225,Madison,Lee,Madison Lee,FEMALE,2023-06-22,Renton
11226,Sydney,Ross,Sydney Ross,FEMALE,2023-02-21,W. Linn
11227,Marshall,Chavez,Marshall Chavez,MALE,2021-08-03,Colma
11228,Ashley,Jones,Ashley Jones,FEMALE,2023-10-25,El Cajon
11229,Adrian,Stewart,Adrian Stewart,MALE,2023-07-27,Redwood City
11230,Amber,Turner,Amber Turner,FEMALE,2023-07-16,Santa Monica
11231,Dennis,Zhang,Dennis Zhang,MALE,2023-02-10,Bremerton
11232,Hailey,Bryant,Hailey Bryant,FEMALE,2023-09-20,Everett
11233,Todd,Li,Todd Li,MALE,2023-02-08,Berkeley
11234,Anna,Griffin,Anna Griffin,FEMALE,2023-02-08,Long Beach
11235,Angel,Stewart,Angel Stewart,MALE,2023-07-04,Ballard
11236,Jeremy,Butler,Jeremy Butler,MALE,2023-10-03,Bellingham
11237,Clarence,Anand,Clarence Anand,MALE,2021-09-05,Solingen
11238,Mayra,Prasad,Mayra Prasad,FEMALE,2021-01-06,Birmingham
11239,Latoya,Goel,Latoya Goel,FEMALE,2021-01-19,London
11240,Anne,Hernandez,Anne Hernandez,FEMALE,2021-02-27,Watford
11241,Lisa,Cai,Lisa Cai,FEMALE,2022-09-10,Les Ulis
11242,Larry,Munoz,Larry Munoz,MALE,2022-09-19,Versailles
11243,Robin,Alvarez,Robin Alvarez,FEMALE,2021-02-21,Esher-Molesey
11244,Alexis,Coleman,Alexis Coleman,FEMALE,2021-02-12,Runcorn
11245,Ricky,Vazquez,Ricky Vazquez,MALE,2021-09-26,Hamburg
11246,Latasha,Rubio,Latasha Rubio,FEMALE,2021-10-03,Hamburg
11247,Claudia,Zhou,Claudia Zhou,FEMALE,2021-02-18,Lancaster
11248,Tristan,Alexander,Tristan Alexander,MALE,2023-07-14,Saint-Denis
11249,Cindy,Patel,Cindy Patel,FEMALE,2021-10-09,Sulzbach Taunus
11250,Shannon,Liu,Shannon Liu,FEMALE,2021-03-17,Woolston
11251,Xavier,Long,Xavier Long,MALE,2023-10-18,Haney
11252,Nicholas,Thompson,Nicholas Thompson,MALE,2021-08-14,Lemon Grove
11253,José,Hernandez,José Hernandez,MALE,2023-03-01,Victoria
11254,Johnathan,Vance,Johnathan Vance,MALE,2023-11-23,Burien
11255,Colin,Lin,Colin Lin,MALE,2023-02-23,Burien
11256,Katelyn,Hernandez,Katelyn Hernandez,FEMALE,2023-04-15,Lynnwood
11257,Jacqueline,Powell,Jacqueline Powell,FEMALE,2021-08-24,Newport Beach
11258,Xavier,Hill,Xavier Hill,MALE,2023-05-21,Palo Alto
11259,Victoria,Stewart,Victoria Stewart,FEMALE,2021-09-04,Salem
11260,Katelyn,Kelly,Katelyn Kelly,FEMALE,2023-02-05,Burlingame
11261,Stephanie,Collins,Stephanie Collins,FEMALE,2021-09-27,San Diego
11262,Jennifer,Simmons,Jennifer Simmons,FEMALE,2023-02-27,Port Hammond
11263,Trinity,Richardson,Trinity Richardson,FEMALE,2021-08-29,Burien
11264,Eduardo,Martin,Eduardo Martin,MALE,2023-01-02,Issaquah
11265,Elizabeth,Jones,Elizabeth Jones,FEMALE,2023-01-03,Kirkland
11266,Taylor,Howard,Taylor Howard,FEMALE,2021-09-10,Port Orchard
11267,David,Diaz,David Diaz,MALE,2021-09-17,Burlingame
11268,Katelyn,Carter,Katelyn Carter,FEMALE,2023-05-29,Coronado
11269,Ryan,Foster,Ryan Foster,MALE,2023-08-22,Daly City
11270,Robert,Lee,Robert Lee,MALE,2021-09-10,Lakewood
11271,Danielle,Reed,Danielle Reed,FEMALE,2021-09-27,San Francisco
11272,Lauren,Martinez,Lauren Martinez,FEMALE,2021-09-19,Beverly Hills
11273,Nathan,Lal,Nathan Lal,MALE,2023-05-14,La Jolla
11274,Kyle,Foster,Kyle Foster,MALE,2021-08-29,Bellingham
11275,Jenny,Rai,Jenny Rai,FEMALE,2021-08-30,Colma
11276,Nancy,Chapman,Nancy Chapman,FEMALE,2023-01-29,Cliffside
11277,Charles,Jackson,Charles Jackson,MALE,2023-02-02,Royal Oak
11278,Jonathan,Phillips,Jonathan Phillips,MALE,2021-09-16,Edmonds
11279,Amanda,Cook,Amanda Cook,FEMALE,2023-03-03,Everett
11280,Robert,Collins,Robert Collins,MALE,2023-07-01,Lynnwood
11281,Megan,Barnes,Megan Barnes,FEMALE,2021-09-13,Burbank
11282,Christian,Thomas,Christian Thomas,MALE,2021-08-31,Burien
11283,Arturo,Lal,Arturo Lal,MALE,2023-05-29,Berkeley
11284,Theresa,Serrano,Theresa Serrano,FEMALE,2023-02-06,Chula Vista
11285,Jeremy,Anderson,Jeremy Anderson,MALE,2023-07-27,Fremont
11286,Hunter,Griffin,Hunter Griffin,MALE,2021-09-21,Torrance
11287,Henry,Garcia,Henry Garcia,MALE,2023-01-29,Cliffside
11288,Cindy,Sanchez,Cindy Sanchez,FEMALE,2023-03-05,Burbank
11289,Maria,Carter,Maria Carter,FEMALE,2021-09-08,Downey
11290,Katelyn,Sanchez,Katelyn Sanchez,FEMALE,2021-09-20,Lakewood
11291,Jenna,Wright,Jenna Wright,FEMALE,2021-09-04,Lemon Grove
11292,Seth,Phillips,Seth Phillips,MALE,2021-09-15,San Gabriel
11293,Luke,Long,Luke Long,MALE,2023-02-24,Port Orchard
11294,Dalton,Clark,Dalton Clark,MALE,2023-09-25,Issaquah
11295,Taylor,Lewis,Taylor Lewis,FEMALE,2021-09-25,Concord
11296,Haley,Richardson,Haley Richardson,FEMALE,2021-09-01,Everett
11297,Noah,Coleman,Noah Coleman,MALE,2021-09-26,Burbank
11298,Jon,Luo,Jon Luo,MALE,2021-09-12,Chula Vista
11299,Orlando,Vazquez,Orlando Vazquez,MALE,2021-09-26,Burbank
11300,Fernando,Barnes,Fernando Barnes,MALE,2023-01-31,N. Vancouver
11301,Cameron,Rodriguez,Cameron Rodriguez,MALE,2023-06-09,Ballard
11302,Spencer,Russell,Spencer Russell,MALE,2021-09-06,Corvallis
11303,Julia,Coleman,Julia Coleman,FEMALE,2021-09-02,Edmonds
11304,Julia,Garcia,Julia Garcia,FEMALE,2023-03-20,Portland
11305,Sean,Evans,Sean Evans,MALE,2023-03-25,Chula Vista
11306,Micah,Zhou,Micah Zhou,MALE,2023-06-30,Coronado
11307,Hunter,Rodriguez,Hunter Rodriguez,MALE,2021-09-04,Daly City
11308,Ian,Gonzales,Ian Gonzales,MALE,2023-09-07,Oregon City
11309,Victoria,Lewis,Victoria Lewis,FEMALE,2023-07-09,Beaverton
11310,Erin,Sanders,Erin Sanders,FEMALE,2023-08-12,San Francisco
11311,Gabrielle,Lopez,Gabrielle Lopez,FEMALE,2023-04-18,Lynnwood
11312,Sara,Richardson,Sara Richardson,FEMALE,2023-05-17,Lynnwood
11313,Trevor,Jenkins,Trevor Jenkins,MALE,2023-05-07,Port Orchard
11314,Mya,Flores,Mya Flores,FEMALE,2023-02-25,Issaquah
11315,Hailey,Ward,Hailey Ward,FEMALE,2023-05-20,Port Orchard
11316,Luke,Allen,Luke Allen,MALE,2023-01-12,Langford
11317,Victoria,Russell,Victoria Russell,FEMALE,2021-09-01,Salem
11318,Jessica,Wilson,Jessica Wilson,FEMALE,2023-10-17,Edmonds
11319,Jade,Bailey,Jade Bailey,FEMALE,2021-09-09,Oakland
11320,Morgan,Hill,Morgan Hill,FEMALE,2023-06-15,Glendale
11321,Terrance,Raman,Terrance Raman,MALE,2023-02-23,Burien
11322,Sydney,Garcia,Sydney Garcia,FEMALE,2023-03-24,Bremerton
11323,Jose,Patterson,Jose Patterson,MALE,2021-09-10,Daly City
11324,Zachary,Anderson,Zachary Anderson,MALE,2021-09-26,Glendale
11325,Elijah,Ross,Elijah Ross,MALE,2021-09-19,Seattle
11326,Rafael,Xie,Rafael Xie,MALE,2021-09-15,Beverly Hills
11327,Jaime,Moreno,Jaime Moreno,MALE,2021-09-26,Burbank
11328,Julian,Griffin,Julian Griffin,MALE,2023-01-05,Newton
11329,Andy,Alvarez,Andy Alvarez,MALE,2021-09-25,Concord
11330,Ryan,Thompson,Ryan Thompson,MALE,2023-02-12,Oak Bay
11331,Samantha,Jenkins,Samantha Jenkins,FEMALE,2023-02-07,Shawnee
11332,Deanna,Ramos,Deanna Ramos,FEMALE,2021-10-15,Berlin
11333,Emily,Miller,Emily Miller,FEMALE,2021-03-21,Newcastle upon Tyne
11334,Nicole,Brown,Nicole Brown,FEMALE,2021-03-04,Stoke-on-Trent
11335,Carla,Raman,Carla Raman,FEMALE,2021-10-23,Hof
11336,Shaun,Raji,Shaun Raji,MALE,2022-09-27,Paris
11337,Jerome,Romero,Jerome Romero,MALE,2021-03-09,Watford
11338,Frank,Navarro,Frank Navarro,MALE,2021-10-11,Bonn
11339,Dennis,She,Dennis She,MALE,2022-10-07,Paris
11340,Melody,Munoz,Melody Munoz,FEMALE,2022-10-27,Paris
11341,Randy,Zeng,Randy Zeng,MALE,2021-04-11,Cheltenham
11342,Marshall,Wang,Marshall Wang,MALE,2023-07-12,Boulogne-sur-Mer
11343,Arthur,Carlson,Arthur Carlson,MALE,2021-04-04,Oxon
11344,Jessie,Jimenez,Jessie Jimenez,FEMALE,2021-05-13,Oxford
11345,Robin,Ramos,Robin Ramos,FEMALE,2022-10-22,Tremblay-en-France
11346,Deanna,Gutierrez,Deanna Gutierrez,FEMALE,2022-10-01,Paris
11347,Roy,Navarro,Roy Navarro,MALE,2023-03-16,Braunschweig
11348,Shawn,Rai,Shawn Rai,MALE,2023-03-31,Paderborn
11349,Mindy,Luo,Mindy Luo,FEMALE,2024-01-13,München
11350,Cara,Zhou,Cara Zhou,FEMALE,2023-02-05,Peterborough
11351,Anne,Ramos,Anne Ramos,FEMALE,2021-06-12,London
11352,Raymond,Rodriguez,Raymond Rodriguez,MALE,2023-05-01,Pantin
11353,Carrie,Ortega,Carrie Ortega,FEMALE,2021-06-12,Warrington
11354,Deanna,Suarez,Deanna Suarez,FEMALE,2023-12-03,Grevenbroich
11355,Roberto,Gutierrez,Roberto Gutierrez,MALE,2023-09-26,Wokingham
11356,Terrence,Carson,Terrence Carson,MALE,2021-05-10,Lavender Bay
11357,Ramon,Ye,Ramon Ye,MALE,2021-06-18,Caloundra
11358,Cynthia,Malhotra,Cynthia Malhotra,FEMALE,2021-06-28,Coffs Harbour
11359,Jarrod,Prasad,Jarrod Prasad,MALE,2021-06-13,Malabar
11360,Tyrone,Serrano,Tyrone Serrano,MALE,2021-06-27,Rockhampton
11361,Cindy,Ramos,Cindy Ramos,FEMALE,2023-10-01,Newcastle
11362,Damien,Shan,Damien Shan,MALE,2023-03-29,Cranbourne
11363,Julian,Ross,Julian Ross,MALE,2021-06-08,Melbourne
11364,Jennifer,Collins,Jennifer Collins,FEMALE,2021-06-07,Geelong
11365,Brittney,Sun,Brittney Sun,FEMALE,2021-05-31,Findon
11366,Virginia,Patel,Virginia Patel,FEMALE,2023-06-24,Seaford
11367,Calvin,Nara,Calvin Nara,MALE,2023-07-07,North Sydney
11368,Edward,Miller,Edward Miller,MALE,2021-06-24,Rockhampton
11369,Ashlee,Tang,Ashlee Tang,FEMALE,2023-07-05,Findon
11370,Alicia,Xu,Alicia Xu,FEMALE,2023-07-13,South Melbourne
11371,Lacey,Jai,Lacey Jai,FEMALE,2023-11-07,Rockhampton
11372,Wendy,Romero,Wendy Romero,FEMALE,2021-06-07,Brisbane
11373,Carly,Luo,Carly Luo,FEMALE,2023-08-27,Salzgitter
11374,Jimmy,Ortega,Jimmy Ortega,MALE,2023-04-15,Werne
11375,Francisco,Martinez,Francisco Martinez,MALE,2023-10-17,High Wycombe
11376,Lance,Vazquez,Lance Vazquez,MALE,2023-10-15,Liverpool
11377,David,Robinett,David Robinett,MALE,2023-02-28,Solingen
11378,Shannon,Liang,Shannon Liang,FEMALE,2022-10-17,Metz
11379,Gary,Vazquez,Gary Vazquez,MALE,2022-10-02,Boulogne-Billancourt
11380,Mitchell,Kumar,Mitchell Kumar,MALE,2021-10-11,Saarlouis
11381,Meredith,Raman,Meredith Raman,FEMALE,2021-06-12,London
11382,Edward,Patterson,Edward Patterson,MALE,2022-11-03,Roubaix
11383,Marie,Gill,Marie Gill,FEMALE,2024-01-01,Roissy en Brie
11384,Tiffany,Wang,Tiffany Wang,FEMALE,2023-08-02,Les Ulis
11385,Miguel,Allen,Miguel Allen,MALE,2023-07-06,York
11386,Jaclyn,Cai,Jaclyn Cai,FEMALE,2023-11-02,Darmstadt
11387,Megan,Ramirez,Megan Ramirez,FEMALE,2021-07-26,Gateshead
11388,Joseph,Martin,Joseph Martin,MALE,2021-07-03,York
11389,Karl,Shan,Karl Shan,MALE,2023-11-17,Duesseldorf
11390,Christine,Raji,Christine Raji,FEMALE,2023-11-07,Saint Germain en Laye
11391,Lindsay,Xie,Lindsay Xie,FEMALE,2023-10-26,Salzgitter
11392,Willie,Zhao,Willie Zhao,MALE,2023-03-29,Frankfurt
11393,Kurt,Pal,Kurt Pal,MALE,2023-07-16,Saint Ouen
11394,George,McDonald,George McDonald,MALE,2021-07-04,Milton Keynes
11395,Beth,Gutierrez,Beth Gutierrez,FEMALE,2021-11-14,Frankfurt
11396,Ian,Lopez,Ian Lopez,MALE,2023-10-26,Saarlouis
11397,Latoya,Shan,Latoya Shan,FEMALE,2023-07-07,Paris
11398,Colin,Nath,Colin Nath,MALE,2021-07-03,Newcastle upon Tyne
11399,Brenda,Mehta,Brenda Mehta,FEMALE,2023-04-13,Paris
11400,Franklin,Raji,Franklin Raji,MALE,2021-07-15,London
11401,Linda,Navarro,Linda Navarro,FEMALE,2022-10-28,Paris
11402,Kelli,Cai,Kelli Cai,FEMALE,2022-11-07,Orleans
11403,Nancy,Schmidt,Nancy Schmidt,FEMALE,2022-10-28,Saint Ouen
11404,Megan,Taylor,Megan Taylor,FEMALE,2023-02-10,Kassel
11405,Bonnie,Goel,Bonnie Goel,FEMALE,2023-03-31,Bonn
11406,Latoya,Xu,Latoya Xu,FEMALE,2022-11-04,Paris
11407,Mario,She,Mario She,MALE,2023-06-23,Münster
11408,Darren,Gill,Darren Gill,MALE,2023-03-05,London
11409,Jacqueline,Hayes,Jacqueline Hayes,FEMALE,2022-11-17,Saint Germain en Laye
11410,Maurice,Goel,Maurice Goel,MALE,2022-11-13,Paris
11411,Devin,Ross,Devin Ross,MALE,2023-08-04,Ingolstadt
11412,Sydney,Bryant,Sydney Bryant,FEMALE,2021-11-05,Ingolstadt
11413,Megan,Stewart,Megan Stewart,FEMALE,2021-08-10,Gateshead
11414,Ian,Richardson,Ian Richardson,MALE,2021-08-13,Kirkby
11415,Randy,She,Randy She,MALE,2023-08-16,Darmstadt
11416,Katrina,Becker,Katrina Becker,FEMALE,2022-11-07,Croix
11417,Lacey,Zheng,Lacey Zheng,FEMALE,2022-11-04,Pantin
11418,Rafael,Hu,Rafael Hu,MALE,2023-12-17,Paderborn
11419,Kyle,Scott,Kyle Scott,MALE,2023-03-12,Watford
11420,Jordan,Turner,Jordan Turner,MALE,2022-11-01,Roubaix
11421,Amy,Sun,Amy Sun,FEMALE,2021-11-03,Offenbach
11422,Dustin,Deng,Dustin Deng,MALE,2021-08-22,Liverpool
11423,Jasmine,Stewart,Jasmine Stewart,FEMALE,2021-12-10,Hamburg
11424,Pamela,Garcia,Pamela Garcia,FEMALE,2023-04-21,Berlin
11425,Ariana,Gray,Ariana Gray,FEMALE,2022-11-22,Metz
11426,Kristopher,Mehta,Kristopher Mehta,MALE,2023-04-09,Braunschweig
11427,Desiree,Dominguez,Desiree Dominguez,FEMALE,2021-12-20,Kiel
11428,Deanna,Perez,Deanna Perez,FEMALE,2021-12-05,Poing
11429,Marco,Lopez,Marco Lopez,MALE,2022-12-14,Sèvres
11430,Casey,Yuan,Casey Yuan,FEMALE,2023-03-19,Bottrop
11431,Bryant,Garcia,Bryant Garcia,MALE,2021-12-21,Hof
11432,Dominique,Prasad,Dominique Prasad,FEMALE,2022-12-10,Roissy en Brie
11433,Maurice,Shan,Maurice Shan,MALE,2022-12-02,Tremblay-en-France
11434,Andre,Lopez,Andre Lopez,MALE,2023-06-15,West Sussex
11435,Robin,Romero,Robin Romero,FEMALE,2024-01-04,Kiel
11436,Taylor,Cox,Taylor Cox,FEMALE,2023-05-22,Watford
11437,Alfredo,Moreno,Alfredo Moreno,MALE,2023-12-19,Villeneuve-d'Ascq
11438,Jenny,Nara,Jenny Nara,FEMALE,2023-02-05,Werne
11439,Janet,Munoz,Janet Munoz,FEMALE,2022-11-29,Paris La Defense
11440,Sergio,Weber,Sergio Weber,MALE,2023-03-27,Lille
11441,Erika,Gomez,Erika Gomez,FEMALE,2024-01-08,Paris
11442,Joseph,Harris,Joseph Harris,MALE,2023-09-29,Tremblay-en-France
11443,Grace,Griffin,Grace Griffin,FEMALE,2021-06-07,Hobart
11444,Tina,Mehta,Tina Mehta,FEMALE,2021-06-01,Bendigo
11445,Kari,Kim,Kari Kim,FEMALE,2021-06-06,Silverwater
11446,Bethany,Chander,Bethany Chander,FEMALE,2021-06-18,Lane Cove
11447,Jennifer,Roberts,Jennifer Roberts,FEMALE,2021-06-28,Hervey Bay
11448,Kyle,Patterson,Kyle Patterson,MALE,2021-06-16,Melbourne
11449,Alvin,Hu,Alvin Hu,MALE,2021-06-19,Seaford
11450,Brett,Mehta,Brett Mehta,MALE,2021-06-29,Cloverdale
11451,Ruben,Muñoz,Ruben Muñoz,MALE,2021-07-29,Newcastle
11452,Erika,Rubio,Erika Rubio,FEMALE,2021-07-11,Caloundra
11453,Stanley,Malhotra,Stanley Malhotra,MALE,2021-07-15,Hobart
11454,Melinda,Navarro,Melinda Navarro,FEMALE,2021-07-31,Melbourne
11455,Ross,Sanz,Ross Sanz,MALE,2021-07-01,Melton
11456,Jon,Gao,Jon Gao,MALE,2021-07-17,St. Leonards
11457,Jaime,Gutierrez,Jaime Gutierrez,FEMALE,2021-07-17,Wollongong
11458,Bianca,Liu,Bianca Liu,FEMALE,2023-03-30,Springwood
11459,Tasha,Deng,Tasha Deng,FEMALE,2021-07-27,Port Macquarie
11460,Melvin,Chande,Melvin Chande,MALE,2021-07-21,Cranbourne
11461,Victor,Jimenez,Victor Jimenez,MALE,2021-07-31,Lavender Bay
11462,Laura,Lin,Laura Lin,FEMALE,2021-07-16,Matraville
11463,Alisha,Beck,Alisha Beck,FEMALE,2023-03-05,Cloverdale
11464,Alejandro,Huang,Alejandro Huang,MALE,2021-07-22,South Melbourne
11465,Louis,Luo,Louis Luo,MALE,2021-07-14,Gold Coast
11466,Grant,Tang,Grant Tang,MALE,2023-05-22,Lavender Bay
11467,Arturo,Zheng,Arturo Zheng,MALE,2023-07-31,St. Leonards
11468,Jaclyn,Andersen,Jaclyn Andersen,FEMALE,2021-08-08,York
11469,Edwin,Raji,Edwin Raji,MALE,2023-08-09,York
11470,Jay,Suarez,Jay Suarez,MALE,2022-01-22,Stuttgart
11471,Latasha,Suarez,Latasha Suarez,FEMALE,2023-05-17,Chatou
11472,Kenneth,Kumar,Kenneth Kumar,MALE,2021-07-26,Hawthorne
11473,Grace,Henderson,Grace Henderson,FEMALE,2023-06-02,Drancy
11474,Melvin,Xu,Melvin Xu,MALE,2023-09-26,Peterborough
11475,Cesar,Subram,Cesar Subram,MALE,2023-04-23,London
11476,Erika,Navarro,Erika Navarro,FEMALE,2023-11-01,Kirkby
11477,Tristan,Hughes,Tristan Hughes,MALE,2023-09-25,Darmstadt
11478,Billy,Hernandez,Billy Hernandez,MALE,2023-04-19,Sèvres
11479,Darryl,Wu,Darryl Wu,MALE,2022-12-05,Saint Ouen
11480,Colleen,Ma,Colleen Ma,FEMALE,2022-12-25,Tremblay-en-France
11481,Erica,Hu,Erica Hu,FEMALE,2022-01-27,Braunschweig
11482,Adrienne,Torres,Adrienne Torres,FEMALE,2021-09-08,Warrington
11483,Calvin,Chande,Calvin Chande,MALE,2022-12-22,Paris
11484,Erick,Sai,Erick Sai,MALE,2022-01-02,Neunkirchen
11485,Donald,Chandra,Donald Chandra,MALE,2021-09-14,Esher-Molesey
11486,Ariana,Rogers,Ariana Rogers,FEMALE,2023-11-24,Erlangen
11487,Morgan,Jones,Morgan Jones,FEMALE,2023-12-15,Dunkerque
11488,Jermaine,Lopez,Jermaine Lopez,MALE,2021-10-28,London
11489,Deborah,Goel,Deborah Goel,FEMALE,2021-10-28,Oxford
11490,Danny,Rubio,Danny Rubio,MALE,2023-04-04,Paris La Defense
11491,Andre,Perez,Andre Perez,MALE,2021-11-07,London
11492,Terrence,Chander,Terrence Chander,MALE,2022-02-11,Eilenburg
11493,Dawn,Wu,Dawn Wu,FEMALE,2021-11-14,London
11494,Jimmy,Gutierrez,Jimmy Gutierrez,MALE,2021-12-23,Runcorn
11495,Francis,Jimenez,Francis Jimenez,MALE,2023-10-26,Bonn
11496,Gary,Ortega,Gary Ortega,MALE,2021-11-30,Warrington
11497,Katrina,Nath,Katrina Nath,FEMALE,2023-11-04,Newcastle upon Tyne
11498,Arturo,Sun,Arturo Sun,MALE,2023-02-28,Cliffside
11499,Pedro,Vance,Pedro Vance,MALE,2023-04-06,Concord
11500,Sarah,Simmons,Sarah Simmons,FEMALE,2023-01-31,Langley
11501,Brandy,Chandra,Brandy Chandra,FEMALE,2023-03-27,Cliffside
11502,Jared,Peterson,Jared Peterson,MALE,2023-01-30,Shawnee
11503,Dennis,Wu,Dennis Wu,MALE,2023-05-26,Coronado
11504,Jordan,Baker,Jordan Baker,FEMALE,2023-05-01,Downey
11505,Jasmine,Powell,Jasmine Powell,FEMALE,2023-02-22,Burnaby
11506,Nicholas,Brown,Nicholas Brown,MALE,2023-03-08,Port Hammond
11507,Isabella,Russell,Isabella Russell,FEMALE,2023-02-17,Victoria
11508,Elizabeth,Wilson,Elizabeth Wilson,FEMALE,2023-05-02,Lynnwood
11509,Roger,Harui,Roger Harui,FEMALE,2023-07-29,Novato
11510,Seth,Roberts,Seth Roberts,MALE,2023-03-12,N. Vancouver
11511,Caleb,Perry,Caleb Perry,MALE,2023-03-13,Lebanon
11512,Natalie,Campbell,Natalie Campbell,FEMALE,2023-12-28,Oak Bay
11513,Alyssa,Howard,Alyssa Howard,FEMALE,2023-06-08,Royal Oak
11514,Dalton,Diaz,Dalton Diaz,MALE,2023-06-24,Tacoma
11515,Shannon,Huang,Shannon Huang,FEMALE,2021-08-31,Burbank
11516,Mya,Gonzales,Mya Gonzales,FEMALE,2021-09-15,Colma
11517,Katherine,Bryant,Katherine Bryant,FEMALE,2023-06-26,Redwood City
11518,Edward,Washington,Edward Washington,MALE,2023-10-27,Milwaukie
11519,Jerome,Navarro,Jerome Navarro,MALE,2023-03-13,Cliffside
11520,Jada,Morgan,Jada Morgan,FEMALE,2023-02-22,Port Hammond
11521,Ariana,Peterson,Ariana Peterson,FEMALE,2023-03-05,Walla Walla
11522,Christian,Hughes,Christian Hughes,MALE,2021-09-03,Oregon City
11523,Lucas,Taylor,Lucas Taylor,MALE,2023-02-15,N. Vancouver
11524,Alyssa,Jackson,Alyssa Jackson,FEMALE,2023-08-28,Torrance
11525,Ariana,Cook,Ariana Cook,FEMALE,2021-09-06,Lebanon
11526,Katherine,Diaz,Katherine Diaz,FEMALE,2023-02-03,Westminster
11527,Jenna,Green,Jenna Green,FEMALE,2023-02-07,San Gabriel
11528,Joan,Washington,Joan Washington,FEMALE,2021-09-12,Glendale
11529,Austin,Bryant,Austin Bryant,MALE,2021-09-24,Portland
11530,Andrew,Martinez,Andrew Martinez,MALE,2023-01-28,N. Vancouver
11531,Nina,Yuan,Nina Yuan,FEMALE,2021-08-30,Beverly Hills
11532,Lauren,Miller,Lauren Miller,FEMALE,2023-04-05,Redmond
11533,Ebony,Gill,Ebony Gill,FEMALE,2023-05-14,Birmingham
11534,Cameron,Lewis,Cameron Lewis,MALE,2021-09-18,Long Beach
11535,Devin,Nelson,Devin Nelson,MALE,2021-09-02,Lebanon
11536,Logan,Chow,Logan Chow,MALE,2021-09-24,Fremont
11537,Dakota,Ross,Dakota Ross,MALE,2021-09-21,Colma
11538,Nicole,Taylor,Nicole Taylor,FEMALE,2021-09-16,Palo Alto
11539,Justin,Washington,Justin Washington,MALE,2021-09-23,Concord
11540,Alberto,Navarro,Alberto Navarro,MALE,2021-09-13,Coronado
11541,Aidan,Ross,Aidan Ross,MALE,2021-09-12,Portland
11542,Alejandro,Tang,Alejandro Tang,MALE,2023-05-11,York
11543,Sheena,Chande,Sheena Chande,FEMALE,2023-12-21,Paris
11544,Joel,Garcia,Joel Garcia,MALE,2023-08-28,Darmstadt
11545,Reginald,Dominguez,Reginald Dominguez,MALE,2023-07-13,Paris
11546,Christine,Chande,Christine Chande,FEMALE,2022-12-02,Roubaix
11547,Cindy,Sai,Cindy Sai,FEMALE,2022-12-25,Paris
11548,Raymond,Sanchez,Raymond Sanchez,MALE,2021-12-02,Berkshire
11549,Crystal,Liang,Crystal Liang,FEMALE,2021-12-21,London
11550,Deb,Torres,Deb Torres,FEMALE,2022-01-20,Oxford
11551,Shannon,Alvarez,Shannon Alvarez,MALE,2023-03-01,Colombes
11552,Eddie,Rubio,Eddie Rubio,MALE,2024-01-06,Salzgitter
11553,Sharon,Luo,Sharon Luo,FEMALE,2023-08-22,Reading
11554,Sydney,Simmons,Sydney Simmons,FEMALE,2023-05-08,Tremblay-en-France
11555,Alexandria,Henderson,Alexandria Henderson,FEMALE,2023-05-08,Esher-Molesey
11556,Lucas,Evans,Lucas Evans,MALE,2023-12-21,Warrington
11557,Felicia,Ramos,Felicia Ramos,FEMALE,2023-08-08,York
11558,Ivan,Malhotra,Ivan Malhotra,MALE,2023-11-30,Woolston
11559,Frederick,Subram,Frederick Subram,MALE,2023-11-29,Solingen
11560,Whitney,Srini,Whitney Srini,FEMALE,2023-12-03,London
11561,Briana,Dominguez,Briana Dominguez,FEMALE,2022-02-19,München
11562,Jarrod,Gonzalez,Jarrod Gonzalez,MALE,2023-06-26,Leipzig
11563,Cesar,Srini,Cesar Srini,MALE,2023-07-05,London
11564,Jorge,Liang,Jorge Liang,MALE,2022-02-16,Frankfurt am Main
11565,Erik,Diaz,Erik Diaz,MALE,2023-09-08,Berks
11566,April,Shan,April Shan,FEMALE,2023-01-28,Cergy
11567,Carla,Perez,Carla Perez,FEMALE,2023-03-15,Berlin
11568,Alexia,Foster,Alexia Foster,FEMALE,2022-01-10,Cheltenham
11569,Troy,Malhotra,Troy Malhotra,MALE,2023-11-20,West Sussex
11570,Kristin,Andersen,Kristin Andersen,FEMALE,2022-03-25,Berlin
11571,Joel,Sai,Joel Sai,MALE,2022-12-12,Orleans
11572,Billy,Moreno,Billy Moreno,MALE,2022-12-09,Dunkerque
11573,Meagan,Subram,Meagan Subram,FEMALE,2023-07-27,Woolston
11574,Karla,Luo,Karla Luo,FEMALE,2023-03-15,West Sussex
11575,Jackson,Campbell,Jackson Campbell,MALE,2022-01-20,Leeds
11576,Micah,Zhu,Micah Zhu,MALE,2022-12-15,Croix
11577,Janet,Serrano,Janet Serrano,FEMALE,2022-12-21,Paris
11578,Trisha,Huang,Trisha Huang,FEMALE,2022-11-29,Pantin
11579,Clayton,Beck,Clayton Beck,MALE,2023-07-31,Warrington
11580,Melvin,Raje,Melvin Raje,MALE,2023-04-16,Berkshire
11581,Cindy,Jordan,Cindy Jordan,FEMALE,2023-02-11,Paris
11582,Claudia,Ma,Claudia Ma,FEMALE,2022-12-07,Pantin
11583,Karla,Xu,Karla Xu,FEMALE,2022-12-21,Chatou
11584,Devin,Carter,Devin Carter,MALE,2023-09-16,Neunkirchen
11585,Kari,Perez,Kari Perez,FEMALE,2024-01-10,Billericay
11586,Alberto,Romero,Alberto Romero,MALE,2023-10-28,York
11587,Kevin,Bryant,Kevin Bryant,MALE,2022-11-29,Metz
11588,Candace,Mehta,Candace Mehta,FEMALE,2022-11-29,Saint-Denis
11589,Ebony,Malhotra,Ebony Malhotra,FEMALE,2023-06-04,London
11590,Erika,Diaz,Erika Diaz,FEMALE,2022-12-01,Drancy
11591,Stacey,Lu,Stacey Lu,FEMALE,2021-01-11,Versailles
11592,Darrell,Raji,Darrell Raji,MALE,2021-01-11,Paris
11593,Armando,Moreno,Armando Moreno,MALE,2021-01-21,Orleans
11594,Corey,Goel,Corey Goel,MALE,2023-08-17,Verrieres Le Buisson
11595,Sebastian,Howard,Sebastian Howard,MALE,2023-12-30,Erlangen
11596,Roger,Raje,Roger Raje,MALE,2023-10-01,Runcorn
11597,Janelle,Chandra,Janelle Chandra,FEMALE,2024-01-05,Orly
11598,Meredith,Ruiz,Meredith Ruiz,FEMALE,2022-03-11,Saarbrücken
11599,Melody,Diaz,Melody Diaz,FEMALE,2021-01-18,Les Ulis
11600,Linda,Rubio,Linda Rubio,FEMALE,2023-05-06,Sèvres
11601,Ivan,Raman,Ivan Raman,MALE,2021-01-19,Versailles
11602,Larry,Gill,Larry Gill,MALE,2023-07-10,Salzgitter
11603,Geoffrey,Gonzalez,Geoffrey Gonzalez,MALE,2022-01-18,London
11604,Edgar,Sanchez,Edgar Sanchez,MALE,2022-01-03,Wokingham
11605,Heidi,Subram,Heidi Subram,FEMALE,2022-03-08,Stuttgart
11606,Melody,Ramos,Melody Ramos,FEMALE,2021-01-08,Morangis
11607,Clinton,Moreno,Clinton Moreno,MALE,2021-01-19,Paris
11608,Cesar,Madan,Cesar Madan,MALE,2023-12-13,Paris La Defense
11609,Eugene,Ye,Eugene Ye,MALE,2022-01-28,York
11610,Blake,Collins,Blake Collins,MALE,2022-01-10,Stoke-on-Trent
11611,Ernest,Lin,Ernest Lin,MALE,2021-01-23,Orleans
11612,Keith,Andersen,Keith Andersen,MALE,2022-02-02,Berkshire
11613,Meredith,Prasad,Meredith Prasad,FEMALE,2022-05-13,Leipzig
11614,Katrina,Sharma,Katrina Sharma,FEMALE,2022-05-10,Offenbach
11615,Dwayne,Navarro,Dwayne Navarro,MALE,2022-02-22,Lancaster
11616,Casey,Nath,Casey Nath,FEMALE,2022-02-03,Milton Keynes
11617,Sean,Brooks,Sean Brooks,MALE,2021-09-10,Grossmont
11618,Brian,Ramirez,Brian Ramirez,MALE,2023-02-09,Cliffside
11619,Sierra,Young,Sierra Young,FEMALE,2023-02-08,Victoria
11620,Megan,Rodriguez,Megan Rodriguez,FEMALE,2023-02-08,Bellingham
11621,Leah,She,Leah She,FEMALE,2023-08-01,Bremerton
11622,Gabriel,Allen,Gabriel Allen,MALE,2023-04-08,Kirkland
11623,Angela,Perry,Angela Perry,FEMALE,2021-09-07,Fremont
11624,Ryan,Smith,Ryan Smith,MALE,2021-09-21,Mill Valley
11625,Zachary,Moore,Zachary Moore,MALE,2021-09-24,Palo Alto
11626,Destiny,Rogers,Destiny Rogers,FEMALE,2021-09-01,San Francisco
11627,Dalton,Gray,Dalton Gray,MALE,2023-08-27,Spring Valley
11628,Mariah,Wood,Mariah Wood,FEMALE,2021-09-12,Bellflower
11629,Isaiah,Wright,Isaiah Wright,MALE,2021-09-25,Newport Beach
11630,Haley,Powell,Haley Powell,FEMALE,2021-09-21,Seattle
11631,Antonio,Bennett,Antonio Bennett,MALE,2023-02-07,Langley
11632,Alexandra,Jenkins,Alexandra Jenkins,FEMALE,2023-01-30,Langford
11633,Thomas,Anderson,Thomas Anderson,MALE,2023-11-13,Burien
11634,Samuel,Collins,Samuel Collins,MALE,2023-03-11,Puyallup
11635,Darrell,Chande,Darrell Chande,MALE,2023-02-08,Beverly Hills
11636,Kimberly,Cox,Kimberly Cox,FEMALE,2023-09-11,Daly City
11637,Morgan,Hernandez,Morgan Hernandez,FEMALE,2023-02-08,Los Angeles
11638,Antonio,Powell,Antonio Powell,MALE,2023-10-19,Mill Valley
11639,Angelica,Perry,Angelica Perry,FEMALE,2023-11-09,Mill Valley
11640,Chloe,Wilson,Chloe Wilson,FEMALE,2023-03-15,Langford
11641,James,Chen,James Chen,MALE,2023-01-30,Cliffside
11642,Morgan,Hughes,Morgan Hughes,FEMALE,2023-02-09,Oak Bay
11643,Naomi,Munoz,Naomi Munoz,FEMALE,2023-04-21,Burien
11644,Charles,Torres,Charles Torres,MALE,2023-05-17,Redmond
11645,Gabriella,Turner,Gabriella Turner,FEMALE,2023-11-10,Salem
11646,Anna,Foster,Anna Foster,FEMALE,2023-07-15,Burien
11647,Randy,Wu,Randy Wu,MALE,2023-02-15,Cliffside
11648,Kevin,Scott,Kevin Scott,MALE,2023-08-28,Chula Vista
11649,Ian,White,Ian White,MALE,2023-04-05,Newport Beach
11650,Caleb,Hayes,Caleb Hayes,MALE,2023-02-15,Glendale
11651,Patricia,Garcia,Patricia Garcia,FEMALE,2023-03-04,Cliffside
11652,Samuel,Russell,Samuel Russell,MALE,2023-06-26,Vancouver
11653,Sydney,Peterson,Sydney Peterson,FEMALE,2023-04-16,Lebanon
11654,Ariana,Sanchez,Ariana Sanchez,FEMALE,2021-10-18,Bellflower
11655,Tamara,Sharma,Tamara Sharma,FEMALE,2023-09-29,Concord
11656,Katelyn,Perez,Katelyn Perez,FEMALE,2023-09-11,Imperial Beach
11657,Megan,Cox,Megan Cox,FEMALE,2023-05-25,Novato
11658,Robert,Mitchell,Robert Mitchell,MALE,2023-04-23,Oakland
11659,Miguel,Adams,Miguel Adams,MALE,2023-05-09,Sooke
11660,Miranda,Gonzales,Miranda Gonzales,FEMALE,2023-05-08,Port Hammond
11661,Jeremiah,James,Jeremiah James,MALE,2023-04-06,Cliffside
11662,Ethan,Kumar,Ethan Kumar,MALE,2023-05-06,Milwaukie
11663,Seth,Williams,Seth Williams,MALE,2021-10-28,Walla Walla
11664,Alyssa,Morgan,Alyssa Morgan,FEMALE,2021-10-27,Burlingame
11665,Janet,Dominguez,Janet Dominguez,FEMALE,2021-10-13,Chula Vista
11666,Angel,Baker,Angel Baker,MALE,2021-10-17,Torrance
11667,Blake,Moore,Blake Moore,MALE,2023-07-04,Walla Walla
11668,Jada,Collins,Jada Collins,FEMALE,2023-12-16,Beverly Hills
11669,Isabella,Simmons,Isabella Simmons,FEMALE,2023-08-18,Tacoma
11670,Jacqueline,Perry,Jacqueline Perry,FEMALE,2023-04-13,Grossmont
11671,Jessica,Brown,Jessica Brown,FEMALE,2021-10-21,El Cajon
11672,Chad,Jai,Chad Jai,MALE,2023-07-25,Beverly Hills
11673,Susan,Ye,Susan Ye,FEMALE,2023-01-30,Burien
11674,Morgan,Rogers,Morgan Rogers,FEMALE,2023-05-30,Woodland Hills
11675,Devin,Martinez,Devin Martinez,MALE,2021-10-25,Everett
11676,Alan,Hu,Alan Hu,MALE,2023-08-20,Branch
11677,Charles,Walker,Charles Walker,MALE,2023-04-05,Haney
11678,Johnny,Chavez,Johnny Chavez,MALE,2021-10-10,Cheyenne
11679,Dalton,Richardson,Dalton Richardson,MALE,2023-10-13,Puyallup
11680,Kaylee,Nelson,Kaylee Nelson,FEMALE,2023-09-01,Redmond
11681,Abigail,Jones,Abigail Jones,FEMALE,2023-03-07,Spokane
11682,Kaitlyn,Hall,Kaitlyn Hall,FEMALE,2023-09-05,Tacoma
11683,Greg,Taylor,Greg Taylor,MALE,2021-10-05,El Cajon
11684,Devin,Parker,Devin Parker,MALE,2023-07-01,Redmond
11685,Jose,Griffin,Jose Griffin,MALE,2023-03-11,Milwaukie
11686,Luke,Edwards,Luke Edwards,MALE,2023-03-08,Glendale
11687,Cody,Torres,Cody Torres,MALE,2023-04-12,La Jolla
11688,Victoria,Morris,Victoria Morris,FEMALE,2021-10-02,Sedro Woolley
11689,Ian,Diaz,Ian Diaz,MALE,2023-08-26,Edmonds
11690,Caroline,Butler,Caroline Butler,FEMALE,2021-10-25,Port Orchard
11691,Kaitlyn,Wilson,Kaitlyn Wilson,FEMALE,2023-02-08,Imperial Beach
11692,Caleb,Gonzales,Caleb Gonzales,MALE,2023-07-07,Burbank
11693,Hailey,Diaz,Hailey Diaz,FEMALE,2023-01-28,Haney
11694,Jonathon,Ortega,Jonathon Ortega,MALE,2023-04-11,Colma
11695,Logan,Campbell,Logan Campbell,MALE,2023-04-09,Beverly Hills
11696,Mackenzie,Campbell,Mackenzie Campbell,FEMALE,2021-10-01,Tacoma
11697,Eduardo,Lee,Eduardo Lee,MALE,2023-08-07,Oakland
11698,Jackson,Wright,Jackson Wright,MALE,2023-03-31,Metchosin
11699,Chase,Peterson,Chase Peterson,MALE,2023-05-29,Walla Walla
11700,Xavier,Richardson,Xavier Richardson,MALE,2023-02-02,Woodland Hills
11701,David,Hayes,David Hayes,MALE,2023-04-24,Novato
11702,Jenny,Zhou,Jenny Zhou,FEMALE,2023-05-17,Burlingame
11703,Kaylee,Baker,Kaylee Baker,FEMALE,2023-02-13,La Jolla
11704,Evan,Hernandez,Evan Hernandez,MALE,2023-07-07,Santa Cruz
11705,Brooke,Richardson,Brooke Richardson,FEMALE,2021-10-28,Woodland Hills
11706,Blake,Perez,Blake Perez,MALE,2023-03-08,Burlingame
11707,Natalie,Cook,Natalie Cook,FEMALE,2021-10-10,Woodland Hills
11708,Elizabeth,Weisman,Elizabeth Weisman,FEMALE,2021-10-25,Lincoln Acres
11709,Hailey,Collins,Hailey Collins,FEMALE,2023-03-11,Victoria
11710,Zoe,Ramirez,Zoe Ramirez,FEMALE,2023-11-23,La Jolla
11711,Daniel,Davis,Daniel Davis,MALE,2023-02-07,N. Vancouver
11712,Shelby,Rogers,Shelby Rogers,FEMALE,2023-02-04,Haney
11713,Kyle,Zhang,Kyle Zhang,MALE,2023-07-07,Kirkland
11714,Alexandria,Long,Alexandria Long,FEMALE,2023-02-18,San Diego
11715,Chloe,Robinson,Chloe Robinson,FEMALE,2023-12-26,San Gabriel
11716,Evan,Kelly,Evan Kelly,MALE,2023-05-31,Daly City
11717,Marcus,Jones,Marcus Jones,MALE,2023-05-25,Corvallis
11718,Sarah,Jones,Sarah Jones,FEMALE,2023-03-06,Oregon City
11719,Blake,Green,Blake Green,MALE,2023-04-26,Cliffside
11720,Morgan,Morris,Morgan Morris,FEMALE,2023-05-17,San Diego
11721,Jennifer,Alexander,Jennifer Alexander,FEMALE,2023-06-15,Lincoln Acres
11722,Julian,Hughes,Julian Hughes,MALE,2023-07-30,Bellingham
11723,Luke,Coleman,Luke Coleman,MALE,2023-01-31,Shawnee
11724,Jason,Carter,Jason Carter,MALE,2023-02-05,Shawnee
11725,Jose,Li,Jose Li,MALE,2023-04-01,Burien
11726,Micah,Liang,Micah Liang,MALE,2023-10-10,Burien
11727,Benjamin,Taylor,Benjamin Taylor,MALE,2021-10-12,National City
11728,Logan,White,Logan White,MALE,2023-06-11,Woodburn
11729,Caleb,Campbell,Caleb Campbell,MALE,2023-07-27,Kirkland
11730,Emma,Torres,Emma Torres,FEMALE,2023-05-11,Redmond
11731,Tanya,Gill,Tanya Gill,FEMALE,2023-03-16,Burlingame
11732,Erick,Sanchez,Erick Sanchez,MALE,2023-06-09,Cincinnati
11733,Kristi,Schmidt,Kristi Schmidt,FEMALE,2024-01-01,Concord
11734,Omar,Chen,Omar Chen,MALE,2023-06-21,Coronado
11735,Sydney,Gray,Sydney Gray,FEMALE,2023-02-24,Lynnwood
11736,Sebastian,Sanchez,Sebastian Sanchez,MALE,2023-10-17,Fremont
11737,Megan,Martin,Megan Martin,FEMALE,2023-02-14,Redwood City
11738,Elijah,Alexander,Elijah Alexander,MALE,2023-02-02,Oak Bay
11739,Aaron,King,Aaron King,MALE,2023-01-13,Shawnee
11740,Jan,Hall,Jan Hall,FEMALE,2023-03-07,Vancouver
11741,Tamara,Chander,Tamara Chander,FEMALE,2021-10-15,Chula Vista
11742,Edward,Lewis,Edward Lewis,MALE,2021-10-03,Redwood City
11743,Chase,Kelly,Chase Kelly,MALE,2021-10-25,Spring Valley
11744,Stephanie,Campbell,Stephanie Campbell,FEMALE,2023-04-13,Spring Valley
11745,Allison,Gonzalez,Allison Gonzalez,FEMALE,2021-10-10,Walla Walla
11746,Seth,Brooks,Seth Brooks,MALE,2023-01-28,Tacoma
11747,Destiny,Davis,Destiny Davis,FEMALE,2023-08-07,Edmonds
11748,Blake,Hill,Blake Hill,MALE,2023-06-07,Victoria
11749,Eduardo,Jackson,Eduardo Jackson,MALE,2023-04-08,Coffs Harbour
11750,Latoya,She,Latoya She,FEMALE,2021-07-14,Newcastle
11751,Victoria,Gonzales,Victoria Gonzales,FEMALE,2021-07-08,Melton
11752,Lauren,Bryant,Lauren Bryant,FEMALE,2023-02-27,Goulburn
11753,Felicia,Ortega,Felicia Ortega,FEMALE,2023-04-19,Coffs Harbour
11754,Janet,Ortega,Janet Ortega,FEMALE,2021-07-16,Malabar
11755,Willie,Pal,Willie Pal,MALE,2023-05-31,Hervey Bay
11756,Linda,Ortega,Linda Ortega,FEMALE,2021-07-28,St. Leonards
11757,Vincent,Cai,Vincent Cai,MALE,2023-02-23,Cranbourne
11758,Colin,Yuan,Colin Yuan,MALE,2023-03-30,Darlinghurst
11759,Dawn,Nath,Dawn Nath,FEMALE,2021-07-10,Cloverdale
11760,Melody,Moreno,Melody Moreno,FEMALE,2023-03-31,Findon
11761,Edgar,Mehta,Edgar Mehta,MALE,2021-08-05,Hobart
11762,Randall,Gomez,Randall Gomez,MALE,2021-08-07,Wollongong
11763,Ross,Fernandez,Ross Fernandez,MALE,2023-01-30,Springwood
11764,Jessie,Ramos,Jessie Ramos,FEMALE,2021-09-09,Newcastle
11765,Marc,Torres,Marc Torres,MALE,2021-09-12,North Ryde
11766,Candace,Raman,Candace Raman,FEMALE,2021-09-19,South Melbourne
11767,Meagan,Madan,Meagan Madan,FEMALE,2021-09-17,Hawthorne
11768,Clayton,Nara,Clayton Nara,MALE,2021-09-03,Perth
11769,Haley,Hernandez,Haley Hernandez,FEMALE,2023-04-28,Newton
11770,Peter,Nara,Peter Nara,MALE,2023-08-08,Ballard
11771,Isaac,Rivera,Isaac Rivera,MALE,2023-03-31,Marysville
11772,Cameron,Moore,Cameron Moore,MALE,2021-10-08,Tacoma
11773,Gavin,Diaz,Gavin Diaz,MALE,2021-10-23,El Cajon
11774,Emma,Sanchez,Emma Sanchez,FEMALE,2021-10-26,National City
11775,Sierra,Roberts,Sierra Roberts,FEMALE,2021-10-03,Palo Alto
11776,Seth,Mitchell,Seth Mitchell,MALE,2021-10-05,Santa Cruz
11777,Miranda,Long,Miranda Long,FEMALE,2021-10-14,Burlingame
11778,Haley,Henderson,Haley Henderson,FEMALE,2021-10-27,Sedro Woolley
11779,Sarah,Jackson,Sarah Jackson,FEMALE,2021-10-17,Woodburn
11780,Jessica,Alexander,Jessica Alexander,FEMALE,2021-10-15,Edmonds
11781,Carlos,Gray,Carlos Gray,MALE,2023-03-06,Daly City
11782,Barbara,Jai,Barbara Jai,FEMALE,2023-08-02,Burbank
11783,Sara,Mitchell,Sara Mitchell,FEMALE,2023-03-23,San Diego
11784,Jose,Turner,Jose Turner,MALE,2023-04-12,Metchosin
11785,Theodore,Diaz,Theodore Diaz,MALE,2023-04-21,Ballard
11786,Ian,Murphy,Ian Murphy,MALE,2023-12-29,Redmond
11787,Jerry,Nath,Jerry Nath,MALE,2023-10-13,Burbank
11788,Destiny,James,Destiny James,FEMALE,2023-05-09,Los Angeles
11789,Bailey,Phillips,Bailey Phillips,FEMALE,2023-03-07,National City
11790,Timothy,Gonzalez,Timothy Gonzalez,MALE,2023-03-11,Chula Vista
11791,Chase,Morgan,Chase Morgan,MALE,2023-09-29,Spokane
11792,Alexia,Perry,Alexia Perry,FEMALE,2023-05-03,Colma
11793,Xavier,Rogers,Xavier Rogers,MALE,2023-02-04,Burbank
11794,Lauren,Ross,Lauren Ross,FEMALE,2023-11-28,Lakewood
11795,Nicole,Thomas,Nicole Thomas,FEMALE,2023-07-12,Downey
11796,Isabel,Jenkins,Isabel Jenkins,FEMALE,2021-10-16,Downey
11797,Devin,Coleman,Devin Coleman,MALE,2021-10-14,Oakland
11798,Brendan,Chande,Brendan Chande,MALE,2021-10-15,Bremerton
11799,Jessie,Wang,Jessie Wang,MALE,2021-10-10,Burien
11800,Jennifer,Baker,Jennifer Baker,FEMALE,2023-08-10,Beaverton
11801,Aaron,Sharma,Aaron Sharma,MALE,2023-12-12,Beaverton
11802,Madison,Taylor,Madison Taylor,FEMALE,2023-02-25,Oak Bay
11803,Jan,Hernandez,Jan Hernandez,FEMALE,2023-07-29,Olympia
11804,Haley,Turner,Haley Turner,FEMALE,2023-05-29,Redmond
11805,Richard,Green,Richard Green,MALE,2023-04-23,Beverly Hills
11806,Jennifer,Stewart,Jennifer Stewart,FEMALE,2023-02-21,Burlingame
11807,Lucas,Baker,Lucas Baker,MALE,2023-04-13,National City
11808,James,Parker,James Parker,MALE,2023-03-26,N. Vancouver
11809,Juan,Gray,Juan Gray,MALE,2021-10-21,Beverly Hills
11810,Antonio,Washington,Antonio Washington,MALE,2021-10-20,Bremerton
11811,Abigail,Brooks,Abigail Brooks,FEMALE,2021-10-15,Colma
11812,Andrew,Rodriguez,Andrew Rodriguez,MALE,2021-10-03,Walla Walla
11813,Mary,Patterson,Mary Patterson,FEMALE,2021-10-16,W. Linn
11814,Dalton,Morgan,Dalton Morgan,MALE,2023-06-23,Lake Oswego
11815,Hannah,Patterson,Hannah Patterson,FEMALE,2021-10-02,Tacoma
11816,Joe,Torres,Joe Torres,MALE,2021-10-02,Beverly Hills
11817,Morgan,Miller,Morgan Miller,FEMALE,2021-10-13,Colma
11818,Daniel,Garcia,Daniel Garcia,MALE,2021-10-21,Coronado
11819,Jose,Lal,Jose Lal,MALE,2023-02-15,Everett
11820,Katelyn,Lopez,Katelyn Lopez,FEMALE,2023-02-09,Victoria
11821,Austin,Johnson,Austin Johnson,MALE,2023-07-30,Beverly Hills
11822,Rohinton,Wadia,Rohinton Wadia,FEMALE,2023-05-20,Lincoln Acres
11823,Morgan,Turner,Morgan Turner,FEMALE,2023-05-18,Metchosin
11824,Jill,Martin,Jill Martin,FEMALE,2023-03-18,Newton
11825,Aimee,She,Aimee She,FEMALE,2021-10-16,Bellflower
11826,Jessie,Alonso,Jessie Alonso,FEMALE,2021-10-27,Beverly Hills
11827,Sara,Baker,Sara Baker,FEMALE,2023-02-20,Newton
11828,Katherine,Martinez,Katherine Martinez,FEMALE,2023-04-03,Milwaukie
11829,Sophia,Campbell,Sophia Campbell,FEMALE,2023-03-13,Seattle
11830,Taylor,Garcia,Taylor Garcia,FEMALE,2021-09-29,Lincoln Acres
11831,Christian,Ross,Christian Ross,MALE,2021-10-27,San Carlos
11832,Zoe,Murphy,Zoe Murphy,FEMALE,2023-02-18,Walla Walla
11833,Oscar,Price,Oscar Price,MALE,2023-06-12,Oak Bay
11834,Fernando,Flores,Fernando Flores,MALE,2021-10-22,Mill Valley
11835,Elijah,Russell,Elijah Russell,MALE,2023-01-10,Metchosin
11836,Garrett,Travers,Garrett Travers,MALE,2023-03-24,Everett
11837,Haley,Alexander,Haley Alexander,FEMALE,2021-10-13,San Francisco
11838,Justin,Rodriguez,Justin Rodriguez,MALE,2023-05-31,Beaverton
11839,Tyler,Brown,Tyler Brown,MALE,2021-10-26,Santa Monica
11840,Julian,Patterson,Julian Patterson,MALE,2023-04-30,Lincoln Acres
11841,Sean,Nelson,Sean Nelson,MALE,2023-05-20,Langley
11842,Justin,Wilson,Justin Wilson,MALE,2023-05-12,Olympia
11843,Christy,Nara,Christy Nara,FEMALE,2023-02-07,Beaverton
11844,Michele,Alvarez,Michele Alvarez,FEMALE,2023-10-05,Chula Vista
11845,Natalie,Jones,Natalie Jones,FEMALE,2023-02-13,Shawnee
11846,Savannah,Reed,Savannah Reed,FEMALE,2023-04-28,Long Beach
11847,Cassidy,Diaz,Cassidy Diaz,FEMALE,2023-06-28,Portland
11848,Joshua,Lewis,Joshua Lewis,MALE,2023-07-27,Yakima
11849,Faith,Reed,Faith Reed,FEMALE,2023-11-27,La Jolla
11850,Brooke,Ramirez,Brooke Ramirez,FEMALE,2023-04-08,Novato
11851,Jada,Mitchell,Jada Mitchell,FEMALE,2023-06-16,Concord
11852,Kyle,Russell,Kyle Russell,MALE,2023-07-10,Lakewood
11853,Grace,Jones,Grace Jones,FEMALE,2023-05-10,Concord
11854,Jason,Mitchell,Jason Mitchell,MALE,2021-10-25,West Covina
11855,Christian,Walker,Christian Walker,MALE,2023-04-27,Burlingame
11856,Seth,Hernandez,Seth Hernandez,MALE,2023-11-29,Corvallis
11857,Isabella,Young,Isabella Young,FEMALE,2023-10-06,Edmonds
11858,Jordan,Coleman,Jordan Coleman,MALE,2023-03-27,San Gabriel
11859,Blake,Garcia,Blake Garcia,MALE,2023-04-22,Olympia
11860,Nicole,Walker,Nicole Walker,FEMALE,2023-07-03,National City
11861,Katherine,Carter,Katherine Carter,FEMALE,2023-05-14,Westminster
11862,Olivia,Peterson,Olivia Peterson,FEMALE,2023-05-16,Everett
11863,Jessica,Wood,Jessica Wood,FEMALE,2023-09-03,Sedro Woolley
11864,Elizabeth,Thompson,Elizabeth Thompson,FEMALE,2023-03-01,Tacoma
11865,Chloe,Rivera,Chloe Rivera,FEMALE,2023-02-17,National City
11866,Lucas,Scott,Lucas Scott,MALE,2023-02-18,Glendale
11867,Nathaniel,James,Nathaniel James,MALE,2023-06-04,National City
11868,Jessica,Peterson,Jessica Peterson,FEMALE,2023-02-02,Vancouver
11869,Kaitlyn,Adams,Kaitlyn Adams,FEMALE,2023-03-20,Westminster
11870,Jillian,Garcia,Jillian Garcia,FEMALE,2023-07-20,Burien
11871,Dalton,Bennett,Dalton Bennett,MALE,2023-02-23,Lynnwood
11872,Faith,Patterson,Faith Patterson,FEMALE,2021-10-21,Glendale
11873,Ryan,Zhang,Ryan Zhang,MALE,2021-10-07,Spring Valley
11874,Adrian,Bell,Adrian Bell,MALE,2023-07-19,Woodland Hills
11875,Jonathan,Brown,Jonathan Brown,MALE,2023-04-20,Langford
11876,Madison,White,Madison White,FEMALE,2023-06-19,Oakland
11877,Alexis,Diaz,Alexis Diaz,FEMALE,2023-10-05,Newport Beach
11878,Christine,Nara,Christine Nara,FEMALE,2023-11-30,Ballard
11879,Edgar,Sai,Edgar Sai,MALE,2023-02-27,Beaverton
11880,Melissa,Sanchez,Melissa Sanchez,FEMALE,2023-04-10,Salem
11881,Richard,Mitchell,Richard Mitchell,MALE,2023-12-02,Grossmont
11882,Patrick,Stewart,Patrick Stewart,MALE,2023-02-17,Seattle
11883,Hannah,Anderson,Hannah Anderson,FEMALE,2023-02-21,Burien
11884,Latoya,Shen,Latoya Shen,FEMALE,2023-02-17,Ballard
11885,Kurt,Sharma,Kurt Sharma,MALE,2021-10-28,Burlingame
11886,Katelyn,Parker,Katelyn Parker,FEMALE,2021-10-28,Santa Monica
11887,Joseph,White,Joseph White,MALE,2023-05-28,Coronado
11888,Aaron,Ross,Aaron Ross,MALE,2023-03-18,Cliffside
11889,Blake,Patterson,Blake Patterson,MALE,2023-02-23,Puyallup
11890,Whitney,Lopez,Whitney Lopez,FEMALE,2023-03-29,Berkeley
11891,Jamie,Liang,Jamie Liang,FEMALE,2023-03-07,Beverly Hills
11892,Julio,Ortega,Julio Ortega,MALE,2021-09-04,Rhodes
11893,Orlando,Carlson,Orlando Carlson,MALE,2021-08-31,Sydney
11894,Ann,Gonzalez,Ann Gonzalez,FEMALE,2021-09-22,Hervey Bay
11895,Dustin,Chander,Dustin Chander,MALE,2021-09-12,Gold Coast
11896,Frank,Carlson,Frank Carlson,MALE,2021-09-01,Springwood
11897,Orlando,Ashe,Orlando Ashe,MALE,2021-08-30,South Melbourne
11898,Angela,Henderson,Angela Henderson,FEMALE,2021-09-14,Brisbane
11899,Brenda,Perez,Brenda Perez,FEMALE,2021-09-04,Melton
11900,Byron,Carlson,Byron Carlson,MALE,2021-09-21,Newcastle
11901,Stacy,Alvarez,Stacy Alvarez,FEMALE,2021-09-10,Darlinghurst
11902,Drew,Pal,Drew Pal,MALE,2023-02-21,Malabar
11903,Kate,Raji,Kate Raji,FEMALE,2021-09-21,Caloundra
11904,Kaylee,Cook,Kaylee Cook,FEMALE,2021-09-17,Geelong
11905,Isaiah,Ramirez,Isaiah Ramirez,MALE,2021-08-29,Hobart
11906,Gabriella,Sanders,Gabriella Sanders,FEMALE,2021-09-10,Brisbane
11907,Sarah,Garcia,Sarah Garcia,FEMALE,2021-09-28,Wollongong
11908,Rafael,Tang,Rafael Tang,MALE,2021-09-19,South Melbourne
11909,Nichole,She,Nichole She,FEMALE,2021-09-20,Rockhampton
11910,Jaclyn,Zheng,Jaclyn Zheng,FEMALE,2021-10-09,Goulburn
11911,Rachael,Kapoor,Rachael Kapoor,FEMALE,2023-06-01,Geelong
11912,Rachael,Sai,Rachael Sai,FEMALE,2021-10-27,Townsville
11913,Rebecca,Robinson,Rebecca Robinson,FEMALE,2023-12-03,Seaford
11914,Meagan,Rana,Meagan Rana,FEMALE,2021-10-18,Port Macquarie
11915,Philip,Carlson,Philip Carlson,MALE,2021-10-02,Port Macquarie
11916,Joe,Rana,Joe Rana,MALE,2021-10-01,Warrnambool
11917,Roy,Sanz,Roy Sanz,MALE,2021-10-27,Darlinghurst
11918,Kaylee,Hill,Kaylee Hill,FEMALE,2021-10-13,Coffs Harbour
11919,Warren,Andersen,Warren Andersen,MALE,2021-10-05,Rockhampton
11920,Adrienne,Gomez,Adrienne Gomez,FEMALE,2021-10-10,Brisbane
11921,Gilbert,Zhu,Gilbert Zhu,MALE,2023-09-19,Cranbourne
11922,James,Davis,James Davis,MALE,2023-02-15,Victoria
11923,Sarah,Bryant,Sarah Bryant,FEMALE,2023-02-12,National City
11924,Ian,Long,Ian Long,MALE,2021-10-26,Novato
11925,Ashlee,Jai,Ashlee Jai,FEMALE,2021-10-09,Bellingham
11926,Eduardo,Foster,Eduardo Foster,MALE,2023-05-04,Oregon City
11927,Nicole,Murphy,Nicole Murphy,FEMALE,2024-01-09,Sedro Woolley
11928,Isabella,Morris,Isabella Morris,FEMALE,2023-05-31,El Cajon
11929,Virginia,Gonzalez,Virginia Gonzalez,FEMALE,2021-10-14,St. Leonards
11930,Jaclyn,Nara,Jaclyn Nara,FEMALE,2021-10-14,North Sydney
11931,Marcus,Adams,Marcus Adams,MALE,2023-02-16,Palo Alto
11932,Elizabeth,Coleman,Elizabeth Coleman,FEMALE,2023-04-29,Santa Monica
11933,Mathew,Rubio,Mathew Rubio,MALE,2021-10-13,Bellingham
11934,Justin,Shan,Justin Shan,MALE,2021-11-19,Burien
11935,Jessica,Taylor,Jessica Taylor,FEMALE,2023-06-06,Lebanon
11936,Hunter,Clark,Hunter Clark,MALE,2023-04-05,Redmond
11937,Devin,Perez,Devin Perez,MALE,2021-10-29,Salem
11938,Seth,Alexander,Seth Alexander,MALE,2023-03-07,Daly City
11939,Kevin,Washington,Kevin Washington,MALE,2021-11-10,Imperial Beach
11940,Tyler,Miller,Tyler Miller,MALE,2023-08-02,Woodland Hills
11941,Adam,Roberts,Adam Roberts,MALE,2023-08-07,Woodburn
11942,George,Gonzalez,George Gonzalez,MALE,2021-10-15,Newcastle
11943,Dawn,Huang,Dawn Huang,FEMALE,2021-10-18,Warrnambool
11944,Rachael,Rodriguez,Rachael Rodriguez,FEMALE,2021-10-19,Silverwater
11945,Dennis,Huang,Dennis Huang,MALE,2021-10-29,Concord
11946,Brandy,Saunders,Brandy Saunders,FEMALE,2021-10-21,Sydney
11947,Jenny,Zheng,Jenny Zheng,FEMALE,2021-10-13,Rhodes
11948,Tasha,Xu,Tasha Xu,FEMALE,2023-09-06,St. Leonards
11949,Julia,Brooks,Julia Brooks,FEMALE,2023-07-16,Torrance
11950,Jordan,Carter,Jordan Carter,FEMALE,2023-02-17,Coronado
11951,Lacey,Huang,Lacey Huang,FEMALE,2023-08-20,Melbourne
11952,Dorothy,Robinson,Dorothy Robinson,MALE,2021-10-05,Geelong
11953,Courtney,Wright,Courtney Wright,FEMALE,2023-02-09,Milwaukie
11954,Joseph,Garcia,Joseph Garcia,MALE,2021-11-01,Glendale
11955,Gabriel,Green,Gabriel Green,MALE,2021-10-29,Glendale
11956,Alexandria,Sandberg,Alexandria Sandberg,FEMALE,2021-10-31,Beverly Hills
11957,Courtney,Hernandez,Courtney Hernandez,FEMALE,2023-02-12,Redmond
11958,Dylan,Lal,Dylan Lal,MALE,2023-06-16,Bremerton
11959,Elizabeth,Davis,Elizabeth Davis,FEMALE,2023-03-23,Lemon Grove
11960,Ana,Griffin,Ana Griffin,FEMALE,2023-03-25,Redmond
11961,Anne,Alvarez,Anne Alvarez,FEMALE,2023-02-11,Berkeley
11962,Alexandra,Roberts,Alexandra Roberts,FEMALE,2023-08-11,Bellflower
11963,Antonio,Patterson,Antonio Patterson,MALE,2021-10-22,Coffs Harbour
11964,Sharon,Salavaria,Sharon Salavaria,MALE,2021-10-14,East Brisbane
11965,Katie,She,Katie She,FEMALE,2023-02-10,Matraville
11966,Rafael,Black,Rafael Black,MALE,2023-11-01,Bendigo
11967,Latasha,Munoz,Latasha Munoz,FEMALE,2021-10-23,Hervey Bay
11968,Kelsey,Becker,Kelsey Becker,FEMALE,2021-10-28,Milsons Point
11969,Randy,Xu,Randy Xu,MALE,2021-10-19,Perth
11970,Bailey,Collins,Bailey Collins,FEMALE,2023-05-25,W. Linn
11971,Amanda,Adams,Amanda Adams,FEMALE,2023-04-15,Fremont
11972,Katherine,Williams,Katherine Williams,FEMALE,2023-11-09,Edmonds
11973,Caroline,Barnes,Caroline Barnes,FEMALE,2023-02-27,Renton
11974,Randy,Sun,Randy Sun,MALE,2023-10-30,Berkeley
11975,Destiny,Garcia,Destiny Garcia,FEMALE,2023-07-17,Chula Vista
11976,Audrey,Ramos,Audrey Ramos,FEMALE,2021-10-25,North Sydney
11977,Bonnie,Jai,Bonnie Jai,FEMALE,2021-11-01,Newcastle
11978,Jackson,Washington,Jackson Washington,MALE,2023-02-03,Fremont
11979,Christopher,Johnson,Christopher Johnson,MALE,2023-02-14,Victoria
11980,Kimberly,Richardson,Kimberly Richardson,FEMALE,2023-09-23,Santa Monica
11981,Alexandria,Howard,Alexandria Howard,FEMALE,2023-04-09,Everett
11982,Alexandra,Foster,Alexandra Foster,FEMALE,2023-08-17,San Diego
11983,Cheryl,Ortega,Cheryl Ortega,FEMALE,2021-11-08,Bellflower
11984,Alex,Campbell,Alex Campbell,MALE,2023-02-15,Oak Bay
11985,Melanie,Hughes,Melanie Hughes,FEMALE,2023-02-27,Beaverton
11986,Max,Alvarez,Max Alvarez,MALE,2021-11-22,Geelong
11987,Diane,Vazquez,Diane Vazquez,FEMALE,2023-06-17,South Melbourne
11988,Kathryn,Chapman,Kathryn Chapman,FEMALE,2021-11-10,Goulburn
11989,Kara,Anand,Kara Anand,FEMALE,2021-11-03,Hawthorne
11990,Joanna,Vazquez,Joanna Vazquez,FEMALE,2021-11-13,Newcastle
11991,Frederick,Martinez,Frederick Martinez,MALE,2021-11-01,Milsons Point
11992,Tonya,Chande,Tonya Chande,FEMALE,2021-11-17,Brisbane
11993,Rosa,Wang,Rosa Wang,FEMALE,2021-11-13,Goulburn
11994,Leah,Hu,Leah Hu,FEMALE,2021-11-25,Townsville
11995,Kelvin,Carson,Kelvin Carson,MALE,2021-11-08,Sunbury
11996,Veronica,Srini,Veronica Srini,FEMALE,2021-11-04,Caloundra
11997,Kristina,Kapoor,Kristina Kapoor,FEMALE,2021-11-05,Coffs Harbour
11998,Donna,Sharma,Donna Sharma,FEMALE,2021-11-16,Hawthorne
11999,Johnny,Shan,Johnny Shan,MALE,2021-11-10,Newcastle
12000,Ashley,Russell,Ashley Russell,FEMALE,2021-11-16,Caloundra
12001,Shannon,Yang,Shannon Yang,FEMALE,2021-11-14,Goulburn
12002,Adriana,Lopez,Adriana Lopez,FEMALE,2021-11-24,Lane Cove
12003,Audrey,Munoz,Audrey Munoz,FEMALE,2021-11-06,Hervey Bay
12004,Jarrod,Suri,Jarrod Suri,MALE,2021-11-08,Melton
12005,Gilbert,Shen,Gilbert Shen,MALE,2021-11-21,Hawthorne
12006,Richard,Blue,Richard Blue,MALE,2023-05-05,Townsville
12007,Shannon,Sun,Shannon Sun,FEMALE,2021-12-07,Brisbane
12008,Sharon,Yuan,Sharon Yuan,FEMALE,2023-06-10,Hervey Bay
12009,Ann,Martinez,Ann Martinez,FEMALE,2021-12-11,North Ryde
12010,Max,Serrano,Max Serrano,MALE,2021-12-21,Townsville
12011,Morgan,Johnson,Morgan Johnson,FEMALE,2021-12-01,Bendigo
12012,Monica,Schmidt,Monica Schmidt,FEMALE,2023-02-13,Coffs Harbour
12013,Kayla,Lewis,Kayla Lewis,FEMALE,2021-12-09,Sunbury
12014,Devin,Sanders,Devin Sanders,MALE,2021-12-08,Bendigo
12015,Jacob,White,Jacob White,MALE,2023-04-22,Lincoln Acres
12016,Meredith,Serrano,Meredith Serrano,FEMALE,2021-11-14,Colma
12017,David,Simmons,David Simmons,MALE,2023-03-20,Port Hammond
12018,Devin,Henderson,Devin Henderson,MALE,2021-10-29,San Diego
12019,Gabrielle,Cox,Gabrielle Cox,FEMALE,2023-09-25,Torrance
12020,Olivia,Rogers,Olivia Rogers,FEMALE,2023-10-12,Port Hammond
12021,Deborah,Yuan,Deborah Yuan,FEMALE,2021-12-03,Springwood
12022,Jose,Wright,Jose Wright,MALE,2023-08-16,Woodburn
12023,Fernando,Johnson,Fernando Johnson,MALE,2021-10-30,Colma
12024,Samuel,Edwards,Samuel Edwards,MALE,2023-02-23,Port Orchard
12025,Logan,Diaz,Logan Diaz,MALE,2021-11-18,Lake Oswego
12026,Lucas,Flores,Lucas Flores,MALE,2021-11-22,West Covina
12027,Haley,Wood,Haley Wood,FEMALE,2021-11-10,Renton
12028,Sarah,Lewis,Sarah Lewis,FEMALE,2023-09-26,Lemon Grove
12029,Damien,Hu,Damien Hu,MALE,2023-08-02,Bellflower
12030,Ana,Washington,Ana Washington,FEMALE,2021-11-06,Issaquah
12031,Logan,Jai,Logan Jai,MALE,2023-11-06,Cliffside
12032,Tyler,Taylor,Tyler Taylor,MALE,2023-02-20,Royal Oak
12033,Kristen,Guo,Kristen Guo,FEMALE,2021-11-23,Bremerton
12034,Julian,Long,Julian Long,MALE,2023-09-23,Cranbourne
12035,Gerald,Prasad,Gerald Prasad,MALE,2023-02-07,Hobart
12036,Summer,Lopez,Summer Lopez,FEMALE,2023-03-18,Rockhampton
12037,Patricia,Chapman,Patricia Chapman,FEMALE,2021-12-27,Caloundra
12038,George,Vance,George Vance,MALE,2023-05-04,Darlinghurst
12039,Ricardo,Nath,Ricardo Nath,MALE,2021-12-27,Bendigo
12040,Richard,Torres,Richard Torres,MALE,2023-02-13,San Diego
12041,Seth,Martin,Seth Martin,MALE,2021-11-09,Marysville
12042,Alex,Carter,Alex Carter,MALE,2021-11-05,Yakima
12043,Carson,Patterson,Carson Patterson,MALE,2023-09-21,Fremont
12044,Madeline,Lopez,Madeline Lopez,FEMALE,2023-11-18,Long Beach
12045,Luis,Russell,Luis Russell,MALE,2023-05-20,Mill Valley
12046,Alexa,Cook,Alexa Cook,FEMALE,2023-02-17,San Carlos
12047,Alexandra,Davis,Alexandra Davis,FEMALE,2023-05-02,West Covina
12048,Kayla,Coleman,Kayla Coleman,FEMALE,2023-09-11,Lake Oswego
12049,Angela,Russell,Angela Russell,FEMALE,2023-08-19,Los Angeles
12050,Aaron,Young,Aaron Young,MALE,2021-11-12,Lincoln Acres
12051,Isaiah,Scott,Isaiah Scott,MALE,2023-02-23,National City
12052,Makayla,Ward,Makayla Ward,FEMALE,2021-11-03,Redwood City
12053,Cedric,Gao,Cedric Gao,MALE,2021-10-29,Burbank
12054,Luke,Diaz,Luke Diaz,MALE,2023-01-29,Newton
12055,Arianna,Richardson,Arianna Richardson,FEMALE,2023-02-21,Newton
12056,Ian,Ward,Ian Ward,MALE,2023-06-14,N. Vancouver
12057,Madeline,Collins,Madeline Collins,FEMALE,2023-02-26,Marysville
12058,Chloe,Nelson,Chloe Nelson,FEMALE,2021-11-14,Fremont
12059,Jason,Jenkins,Jason Jenkins,MALE,2021-11-22,Renton
12060,Andrew,Wedge,Andrew Wedge,MALE,2023-01-31,Sooke
12061,Bryce,Brooks,Bryce Brooks,MALE,2023-01-29,Royal Oak
12062,Edward,Long,Edward Long,MALE,2023-02-24,San Carlos
12063,Xavier,Martinez,Xavier Martinez,MALE,2023-09-10,Bellingham
12064,John,White,John White,MALE,2023-03-18,Corvallis
12065,Isaiah,Collins,Isaiah Collins,MALE,2023-03-06,Issaquah
12066,Wyatt,Powell,Wyatt Powell,MALE,2023-03-01,Los Angeles
12067,Aaron,Bryant,Aaron Bryant,MALE,2023-04-24,Redwood City
12068,Maria,Jenkins,Maria Jenkins,FEMALE,2023-07-05,Newport Beach
12069,Garrett,Kelly,Garrett Kelly,MALE,2021-10-30,Chula Vista
12070,Luke,Ross,Luke Ross,MALE,2023-11-27,Beverly Hills
12071,Robert,Robinson,Robert Robinson,MALE,2021-11-23,Beverly Hills
12072,Tristan,Ross,Tristan Ross,MALE,2021-11-12,Lakewood
12073,Thomas,Rodriguez,Thomas Rodriguez,MALE,2023-03-06,Lakewood
12074,Megan,Jenkins,Megan Jenkins,FEMALE,2023-08-11,Oak Bay
12075,Cameron,Griffin,Cameron Griffin,MALE,2021-11-22,Issaquah
12076,Chloe,Washington,Chloe Washington,FEMALE,2021-11-04,Fremont
12077,Nicole,Sandberg,Nicole Sandberg,FEMALE,2023-01-29,Shawnee
12078,Jose,Edwards,Jose Edwards,MALE,2021-11-27,Yakima
12079,Nathaniel,Cooper,Nathaniel Cooper,MALE,2021-11-05,National City
12080,Grace,Sanchez,Grace Sanchez,FEMALE,2023-03-31,Cliffside
12081,Kaitlyn,Perez,Kaitlyn Perez,FEMALE,2023-05-08,Oak Bay
12082,Lauren,Sanchez,Lauren Sanchez,FEMALE,2021-11-17,Downey
12083,Kayla,Alexander,Kayla Alexander,FEMALE,2021-11-24,Edmonds
12084,Aidan,Perry,Aidan Perry,MALE,2021-11-08,Milwaukie
12085,Tyler,Rodriguez,Tyler Rodriguez,MALE,2023-06-21,Portland
12086,Emily,Clark,Emily Clark,FEMALE,2023-05-14,Royal Oak
12087,Sean,Cook,Sean Cook,MALE,2023-10-10,Lakewood
12088,Lauren,Thompson,Lauren Thompson,FEMALE,2023-12-26,Salem
12089,Nathaniel,Richardson,Nathaniel Richardson,MALE,2023-02-02,N. Vancouver
12090,Savannah,Carter,Savannah Carter,FEMALE,2023-05-08,Royal Oak
12091,Eddie,Munoz,Eddie Munoz,MALE,2023-02-05,Beaverton
12092,Austin,White,Austin White,MALE,2023-05-02,Burien
12093,Levi,Chandra,Levi Chandra,MALE,2023-11-05,Beverly Hills
12094,Bailey,Bailey,Bailey Bailey,FEMALE,2021-11-05,Lemon Grove
12095,Austin,Griffin,Austin Griffin,MALE,2023-05-02,Lincoln Acres
12096,Caitlin,Brooks,Caitlin Brooks,FEMALE,2021-11-17,San Carlos
12097,Sean,Allen,Sean Allen,MALE,2023-05-21,Shawnee
12098,Grace,Clark,Grace Clark,FEMALE,2023-01-29,Spokane
12099,Sydney,Hall,Sydney Hall,FEMALE,2023-04-11,Yakima
12100,Jon,Sun,Jon Sun,MALE,2023-08-13,Burbank
12101,Logan,Patterson,Logan Patterson,MALE,2023-03-14,Newport Beach
12102,Devin,Simmons,Devin Simmons,MALE,2021-11-07,Novato
12103,Chloe,White,Chloe White,FEMALE,2021-11-28,Oakland
12104,Mariah,Ross,Mariah Ross,FEMALE,2021-10-29,Palo Alto
12105,Abigail,Foster,Abigail Foster,FEMALE,2021-11-01,Woodland Hills
12106,Isaiah,Baker,Isaiah Baker,MALE,2023-06-13,Oak Bay
12107,Nathan,Gonzales,Nathan Gonzales,MALE,2023-02-28,Victoria
12108,James,Walker,James Walker,MALE,2021-11-18,Marysville
12109,Morgan,Foster,Morgan Foster,FEMALE,2021-11-10,Spokane
12110,Bianca,Guo,Bianca Guo,FEMALE,2021-11-14,Burlingame
12111,Jacqueline,Gonzales,Jacqueline Gonzales,FEMALE,2023-07-10,Fremont
12112,Arianna,Henderson,Arianna Henderson,FEMALE,2021-11-27,Long Beach
12113,Nathan,Hughes,Nathan Hughes,MALE,2023-02-19,Langford
12114,Charles,Richardson,Charles Richardson,MALE,2023-03-02,Metchosin
12115,Chloe,Richardson,Chloe Richardson,FEMALE,2023-06-05,Lebanon
12116,Amanda,Gray,Amanda Gray,FEMALE,2021-11-20,Portland
12117,Cameron,Yang,Cameron Yang,MALE,2023-08-03,Seattle
12118,Miguel,Sanchez,Miguel Sanchez,FEMALE,2021-11-04,Bellflower
12119,Keith,Raje,Keith Raje,MALE,2023-05-05,Berkeley
12120,Xavier,Simmons,Xavier Simmons,MALE,2021-11-03,Issaquah
12121,Logan,Wilson,Logan Wilson,MALE,2021-11-21,Milwaukie
12122,Destiny,Coleman,Destiny Coleman,FEMALE,2023-03-05,Vancouver
12123,Wesley,Liang,Wesley Liang,MALE,2022-02-10,Wokingham
12124,Brandi,Gill,Brandi Gill,FEMALE,2021-01-29,Paris
12125,Diana,Ortega,Diana Ortega,FEMALE,2022-05-15,Mühlheim
12126,Tammy,Raman,Tammy Raman,FEMALE,2023-04-08,London
12127,Grace,Davis,Grace Davis,FEMALE,2023-11-10,Dunkerque
12128,Kristy,Munoz,Kristy Munoz,FEMALE,2022-05-01,Berlin
12129,Wendy,Alvarez,Wendy Alvarez,FEMALE,2022-05-25,Leipzig
12130,Suzanne,Zhou,Suzanne Zhou,FEMALE,2022-05-08,Paderborn
12131,Randall,Dominguez,Randall Dominguez,MALE,2021-02-21,Dunkerque
12132,Kaitlyn,Henderson,Kaitlyn Henderson,FEMALE,2021-01-30,Tremblay-en-France
12133,Colleen,Xie,Colleen Xie,FEMALE,2022-02-11,Lancaster
12134,Hector,Alonso,Hector Alonso,MALE,2023-07-05,Stoke-on-Trent
12135,Fernando,Taylor,Fernando Taylor,MALE,2023-05-09,El Cajon
12136,Blake,Turner,Blake Turner,MALE,2023-04-24,Cliffside
12137,Jack,Green,Jack Green,MALE,2023-03-19,Novato
12138,Colin,Jai,Colin Jai,MALE,2023-08-28,Beaverton
12139,Franklin,Yang,Franklin Yang,MALE,2023-07-02,Bellingham
12140,Oscar,Russell,Oscar Russell,MALE,2023-06-02,Westminster
12141,Kaitlyn,Lee,Kaitlyn Lee,FEMALE,2021-11-05,Beaverton
12142,Gabriella,Torres,Gabriella Torres,FEMALE,2021-11-27,Milwaukie
12143,Logan,Turner,Logan Turner,MALE,2021-11-16,Port Orchard
12144,Kelly,Jenkins,Kelly Jenkins,FEMALE,2023-03-22,Port Orchard
12145,Brandon,Butler,Brandon Butler,MALE,2023-11-28,Walla Walla
12146,Xavier,Thomas,Xavier Thomas,MALE,2023-06-29,Concord
12147,Taylor,Patterson,Taylor Patterson,FEMALE,2023-06-23,Haney
12148,Gabrielle,Morris,Gabrielle Morris,FEMALE,2023-11-23,Salem
12149,Bailey,Scott,Bailey Scott,FEMALE,2023-05-01,W. Linn
12150,Logan,Wang,Logan Wang,MALE,2023-08-14,El Cajon
12151,Steven,Kelly,Steven Kelly,MALE,2021-11-14,Lemon Grove
12152,Adrian,Ramirez,Adrian Ramirez,MALE,2021-10-30,Lemon Grove
12153,Kaitlyn,Bailey,Kaitlyn Bailey,FEMALE,2021-11-27,Oakland
12154,Hailey,Adams,Hailey Adams,FEMALE,2023-03-14,Westminster
12155,Gabriella,Lopez,Gabriella Lopez,FEMALE,2021-11-21,Yakima
12156,Bonnie,Raji,Bonnie Raji,FEMALE,2021-11-06,Burbank
12157,William,White,William White,MALE,2023-05-10,Lincoln Acres
12158,Kyle,Phillips,Kyle Phillips,MALE,2023-09-01,Sooke
12159,Kaitlyn,Scott,Kaitlyn Scott,FEMALE,2023-02-24,Westminster
12160,Jaclyn,Zhang,Jaclyn Zhang,FEMALE,2021-11-18,Beaverton
12161,Alexandria,Rogers,Alexandria Rogers,FEMALE,2023-03-09,Yakima
12162,Luke,Mitchell,Luke Mitchell,MALE,2021-11-11,La Jolla
12163,Aaron,Wang,Aaron Wang,MALE,2021-11-05,Santa Cruz
12164,Noah,Butler,Noah Butler,MALE,2021-11-25,Spring Valley
12165,Caleb,Flores,Caleb Flores,MALE,2023-01-30,Langford
12166,Jared,Rogers,Jared Rogers,MALE,2023-07-11,N. Vancouver
12167,Sebastian,Stewart,Sebastian Stewart,MALE,2021-10-29,Seattle
12168,Hunter,Jackson,Hunter Jackson,MALE,2023-02-26,Edmonds
12169,Abigail,Howard,Abigail Howard,FEMALE,2021-10-29,Coronado
12170,Sara,Reed,Sara Reed,FEMALE,2021-11-23,Glendale
12171,Alyssa,Cooper,Alyssa Cooper,FEMALE,2021-11-01,Lemon Grove
12172,Eduardo,Alexander,Eduardo Alexander,MALE,2021-11-20,Newport Beach
12173,Dalton,Edwards,Dalton Edwards,MALE,2021-11-12,Newport Beach
12174,Charles,Phillips,Charles Phillips,MALE,2021-12-06,Torrance
12175,Luke,Powell,Luke Powell,MALE,2023-11-17,Santa Cruz
12176,Cody,James,Cody James,MALE,2023-02-02,Salem
12177,Kevin,Campbell,Kevin Campbell,MALE,2023-03-07,Oak Bay
12178,Ethan,Shan,Ethan Shan,MALE,2021-12-25,Portland
12179,Alexis,Jones,Alexis Jones,FEMALE,2021-12-16,Lebanon
12180,Holly,Mehta,Holly Mehta,FEMALE,2021-12-10,Beaverton
12181,Katelyn,Sanders,Katelyn Sanders,FEMALE,2021-12-03,Palo Alto
12182,Erin,Torres,Erin Torres,FEMALE,2023-03-14,Cliffside
12183,Emily,Robinson,Emily Robinson,FEMALE,2023-02-19,Sooke
12184,Isaiah,Perez,Isaiah Perez,MALE,2021-12-22,Oregon City
12185,Kaitlyn,Patterson,Kaitlyn Patterson,FEMALE,2023-03-29,Yakima
12186,Bryant,Srini,Bryant Srini,MALE,2021-12-25,Berkeley
12187,Ruben,Subram,Ruben Subram,MALE,2021-12-25,Beverly Hills
12188,Ashley,Thomas,Ashley Thomas,FEMALE,2021-12-25,Chula Vista
12189,Sophia,Wright,Sophia Wright,FEMALE,2021-12-14,Los Angeles
12190,Justin,Gonzales,Justin Gonzales,MALE,2021-12-09,San Gabriel
12191,Melissa,Washington,Melissa Washington,FEMALE,2023-04-16,West Covina
12192,Jocelyn,Hayes,Jocelyn Hayes,FEMALE,2023-04-12,Bellingham
12193,Caleb,Simmons,Caleb Simmons,MALE,2023-03-29,Newton
12194,Destiny,Foster,Destiny Foster,FEMALE,2023-04-18,San Gabriel
12195,Erin,Morris,Erin Morris,FEMALE,2023-05-23,National City
12196,Alexis,Miller,Alexis Miller,FEMALE,2023-04-10,Vancouver
12197,Adam,Hernandez,Adam Hernandez,MALE,2023-02-01,Mill Valley
12198,Noah,Scott,Noah Scott,MALE,2021-12-15,Milwaukie
12199,Christina,Richardson,Christina Richardson,FEMALE,2023-06-16,Walla Walla
12200,Rafael,Sharma,Rafael Sharma,MALE,2021-12-20,Colma
12201,Mindy,Yuan,Mindy Yuan,FEMALE,2023-06-11,Burlingame
12202,Xavier,Ross,Xavier Ross,MALE,2023-02-05,Sooke
12203,Zachary,Hughes,Zachary Hughes,MALE,2023-07-03,Port Hammond
12204,Bradley,Jai,Bradley Jai,MALE,2023-01-28,Beaverton
12205,Madison,Long,Madison Long,FEMALE,2023-10-26,Burbank
12206,Sierra,Parker,Sierra Parker,FEMALE,2021-12-28,Long Beach
12207,Samuel,Hill,Samuel Hill,MALE,2021-12-25,Issaquah
12208,Dominique,Sanchez,Dominique Sanchez,FEMALE,2021-12-16,Bellingham
12209,Mindy,Jai,Mindy Jai,FEMALE,2021-12-17,Bellflower
12210,Alan,He,Alan He,MALE,2022-03-15,London
12211,Victor,Romero,Victor Romero,MALE,2021-03-07,Roissy en Brie
12212,Shawna,Xie,Shawna Xie,FEMALE,2021-03-27,Versailles
12213,Alejandro,Lal,Alejandro Lal,MALE,2022-05-09,München
12214,Julie,Raje,Julie Raje,FEMALE,2022-03-07,Leeds
12215,Karla,She,Karla She,FEMALE,2022-03-10,London
12216,Gerald,Rodriguez,Gerald Rodriguez,MALE,2022-03-25,Maidenhead
12217,Kyle,Roberts,Kyle Roberts,MALE,2021-03-23,Versailles
12218,Mitchell,Xu,Mitchell Xu,MALE,2022-05-25,Berlin
12219,Kurt,Nara,Kurt Nara,MALE,2021-03-24,Roncq
12220,Virginia,Sara,Virginia Sara,FEMALE,2021-03-09,Paris La Defense
12221,Brandi,Ruiz,Brandi Ruiz,FEMALE,2021-03-02,Saint Germain en Laye
12222,Jenny,Xu,Jenny Xu,FEMALE,2022-03-13,London
12223,Felicia,Vazquez,Felicia Vazquez,FEMALE,2023-08-08,Frankfurt am Main
12224,Tristan,Henderson,Tristan Henderson,MALE,2023-11-15,Leeds
12225,Kathleen,Ortega,Kathleen Ortega,FEMALE,2022-05-19,Poing
12226,Faith,Ward,Faith Ward,FEMALE,2022-05-19,Hof
12227,Kelsey,Raje,Kelsey Raje,FEMALE,2023-04-29,Kirkby
12228,Mayra,Martinez,Mayra Martinez,FEMALE,2022-06-22,Berlin
12229,Kari,Gomez,Kari Gomez,FEMALE,2022-06-07,Mühlheim
12230,Wesley,Zheng,Wesley Zheng,MALE,2022-06-20,Hamburg
12231,Isabelle,Patterson,Isabelle Patterson,FEMALE,2022-06-15,Solingen
12232,Sean,Hernandez,Sean Hernandez,MALE,2022-06-03,Paderborn
12233,Jerry,Yuan,Jerry Yuan,MALE,2024-01-17,London
12234,Clarence,Zeng,Clarence Zeng,MALE,2023-04-26,Les Ulis
12235,Donna,Rai,Donna Rai,FEMALE,2023-03-23,Cambridge
12236,Kendra,Gill,Kendra Gill,FEMALE,2023-07-13,Hamburg
12237,Ruth,Madan,Ruth Madan,FEMALE,2022-06-17,Kassel
12238,Monica,Raman,Monica Raman,FEMALE,2023-07-09,Offenbach
12239,Alberto,Ramos,Alberto Ramos,MALE,2022-03-23,London
12240,Clayton,Sharma,Clayton Sharma,MALE,2021-12-28,Matraville
12241,Kristine,Sandberg,Kristine Sandberg,FEMALE,2021-12-16,Wollongong
12242,Gilbert,Liang,Gilbert Liang,MALE,2021-12-16,Findon
12243,Kristy,Rubio,Kristy Rubio,FEMALE,2021-12-24,Geelong
12244,Amy,Huang,Amy Huang,FEMALE,2023-02-16,Rhodes
12245,Francisco,Gonzalez,Francisco Gonzalez,MALE,2021-12-12,Rhodes
12246,Shawn,Luo,Shawn Luo,MALE,2021-12-06,Melton
12247,Brandy,Raman,Brandy Raman,FEMALE,2023-02-01,Darlinghurst
12248,Devin,Taylor,Devin Taylor,MALE,2021-12-10,Geelong
12249,Jessie,Cai,Jessie Cai,MALE,2023-03-29,Matraville
12250,Andrea,Collins,Andrea Collins,FEMALE,2021-12-07,Brisbane
12251,Troy,Suri,Troy Suri,MALE,2021-12-05,East Brisbane
12252,Omar,Liu,Omar Liu,MALE,2021-12-25,Caloundra
12253,Jenny,Sun,Jenny Sun,FEMALE,2021-12-18,North Sydney
12254,Calvin,Deng,Calvin Deng,MALE,2021-03-16,Pantin
12255,Robyn,Alvarez,Robyn Alvarez,FEMALE,2021-03-21,Colomiers
12256,Wendy,Ramos,Wendy Ramos,FEMALE,2021-03-30,Morangis
12257,Ross,Ruiz,Ross Ruiz,MALE,2023-12-05,Berlin
12258,Jamie,Li,Jamie Li,FEMALE,2023-10-01,Essen
12259,Cindy,Madan,Cindy Madan,FEMALE,2023-03-03,Berkshire
12260,Melinda,Romero,Melinda Romero,FEMALE,2023-02-13,Cheltenham
12261,Kaitlin,Sanchez,Kaitlin Sanchez,FEMALE,2021-04-22,Dunkerque
12262,Morgan,Sanchez,Morgan Sanchez,FEMALE,2023-03-10,Bury
12263,Emmanuel,Garcia,Emmanuel Garcia,MALE,2022-03-28,Milton Keynes
12264,Bruce,Ashe,Bruce Ashe,MALE,2022-04-10,Milton Keynes
12265,Alan,Guo,Alan Guo,MALE,2021-04-26,Suresnes
12266,Tiffany,Lin,Tiffany Lin,FEMALE,2022-06-16,Paderborn
12267,Clifford,Garcia,Clifford Garcia,MALE,2021-04-01,Les Ulis
12268,Edwin,Shan,Edwin Shan,MALE,2023-04-16,Berlin
12269,Warren,Zheng,Warren Zheng,MALE,2023-06-27,Croix
12270,Ebony,Ramos,Ebony Ramos,FEMALE,2022-06-23,Berlin
12271,Tyrone,Hernandez,Tyrone Hernandez,MALE,2022-04-11,London
12272,Justin,Alexander,Justin Alexander,MALE,2022-04-02,Leeds
12273,Nelson,Carlson,Nelson Carlson,MALE,2023-08-01,Ingolstadt
12274,Javier,Torres,Javier Torres,MALE,2023-10-07,Paris
12275,Adriana,Madan,Adriana Madan,FEMALE,2022-07-15,Berlin
12276,Alisha,Shan,Alisha Shan,FEMALE,2022-07-01,Berlin
12277,Beth,Ortega,Beth Ortega,FEMALE,2022-04-14,Esher-Molesey
12278,Meredith,Johnsen,Meredith Johnsen,FEMALE,2023-06-22,Duesseldorf
12279,Mathew,Suarez,Mathew Suarez,MALE,2021-05-13,Paris
12280,Theresa,Alvarez,Theresa Alvarez,FEMALE,2021-05-13,Saint Ouen
12281,Janelle,Sanchez,Janelle Sanchez,FEMALE,2022-04-13,Oxford
12282,Nicolas,Tang,Nicolas Tang,MALE,2022-04-24,Woolston
12283,Todd,Zeng,Todd Zeng,MALE,2022-03-30,Billericay
12284,Cristina,Beck,Cristina Beck,FEMALE,2022-04-06,Bracknell
12285,Bethany,Chande,Bethany Chande,FEMALE,2021-05-30,Drancy
12286,Nathan,Jenkins,Nathan Jenkins,MALE,2022-05-16,Peterborough
12287,Andre,Arun,Andre Arun,MALE,2022-05-29,Kirkby
12288,Sara,Brooks,Sara Brooks,FEMALE,2023-10-01,Peterborough
12289,Joseph,Taylor,Joseph Taylor,MALE,2022-05-20,Stoke-on-Trent
12290,Kaylee,Morris,Kaylee Morris,FEMALE,2021-05-06,Lille
12291,Johnathan,Suri,Johnathan Suri,MALE,2022-07-23,Eilenburg
12292,Nicolas,Kumar,Nicolas Kumar,MALE,2022-05-20,Berks
12293,Tammy,Garcia,Tammy Garcia,FEMALE,2023-06-01,Bracknell
12294,Shane,Kovar,Shane Kovar,MALE,2023-05-22,London
12295,Dwayne,Gomez,Dwayne Gomez,MALE,2023-02-12,Courbevoie
12296,Francisco,Sara,Francisco Sara,MALE,2021-05-19,Les Ulis
12297,Felicia,Blanco,Felicia Blanco,FEMALE,2022-08-12,Frankfurt
12298,Crystal,Zeng,Crystal Zeng,FEMALE,2022-08-21,Neunkirchen
12299,Walter,Serrano,Walter Serrano,MALE,2022-05-09,West Sussex
12300,Adriana,Gonzalez,Adriana Gonzalez,FEMALE,2021-05-24,Colomiers
12301,Nichole,Nara,Nichole Nara,FEMALE,2021-05-10,Saint-Denis
12302,Kevin,Coleman,Kevin Coleman,MALE,2022-08-23,Frankfurt
12303,Kristi,Alvarez,Kristi Alvarez,FEMALE,2023-08-18,London
12304,Alejandro,Zhou,Alejandro Zhou,MALE,2023-09-02,London
12305,Xavier,Bailey,Xavier Bailey,MALE,2022-06-27,Bury
12306,Logan,Parker,Logan Parker,MALE,2023-05-02,Hof
12307,Brad,She,Brad She,MALE,2021-05-29,Cergy
12308,Margaret,He,Margaret He,FEMALE,2021-06-03,Metz
12309,Omar,Raje,Omar Raje,MALE,2023-03-29,Cambridge
12310,Stacy,Munoz,Stacy Munoz,FEMALE,2023-10-12,Gloucestershire
12311,Stanley,Weber,Stanley Weber,MALE,2023-09-17,London
12312,Jake,Zhao,Jake Zhao,MALE,2023-10-28,Paris
12313,Jaime,Chande,Jaime Chande,MALE,2024-01-15,Paris
12314,Jill,Suarez,Jill Suarez,FEMALE,2022-08-16,Grevenbroich
12315,Ann,Rodriguez,Ann Rodriguez,FEMALE,2022-06-26,London
12316,Alejandro,Luo,Alejandro Luo,MALE,2022-05-30,London
12317,Carl,She,Carl She,MALE,2022-06-25,Oxford
12318,Kristina,Schmidt,Kristina Schmidt,FEMALE,2022-06-11,Warrington
12319,Shannon,Ye,Shannon Ye,FEMALE,2023-04-10,Eilenburg
12320,Cheryl,Alvarez,Cheryl Alvarez,FEMALE,2023-08-17,Bracknell
12321,Rosa,Hu,Rosa Hu,FEMALE,2021-06-02,Les Ulis
12322,Kari,Mehta,Kari Mehta,FEMALE,2023-12-22,Les Ulis
12323,Lawrence,Alonso,Lawrence Alonso,MALE,2021-06-24,Suresnes
12324,Dale,Lal,Dale Lal,MALE,2023-10-31,Hamburg
12325,Gloria,Martin,Gloria Martin,FEMALE,2023-08-05,London
12326,Glenn,Zhou,Glenn Zhou,MALE,2023-09-29,York
12327,Edwin,Liang,Edwin Liang,MALE,2023-02-05,Braunschweig
12328,Eugene,Zhao,Eugene Zhao,MALE,2022-06-04,London
12329,Bonnie,Shan,Bonnie Shan,FEMALE,2023-05-22,York
12330,Preston,Raman,Preston Raman,MALE,2022-08-20,Essen
12331,Meagan,Chandra,Meagan Chandra,FEMALE,2023-03-05,Croix
12332,Andres,Nara,Andres Nara,MALE,2021-06-13,Paris
12333,Terrance,Rodriguez,Terrance Rodriguez,MALE,2021-06-18,Villeneuve-d'Ascq
12334,Roy,Jimenez,Roy Jimenez,MALE,2023-06-13,London
12335,Francisco,Ashe,Francisco Ashe,MALE,2022-06-11,Runcorn
12336,Wyatt,Price,Wyatt Price,MALE,2023-02-23,Newcastle upon Tyne
12337,Dustin,Goldstein,Dustin Goldstein,MALE,2021-12-05,Lavender Bay
12338,Monica,Vance,Monica Vance,FEMALE,2021-12-24,South Melbourne
12339,Clayton,Jai,Clayton Jai,MALE,2022-01-13,Findon
12340,Stacy,Diaz,Stacy Diaz,FEMALE,2022-01-23,Caloundra
12341,Katie,Kumar,Katie Kumar,FEMALE,2022-01-04,Lane Cove
12342,Morgan,Young,Morgan Young,FEMALE,2022-01-10,Sydney
12343,Gloria,Ruiz,Gloria Ruiz,FEMALE,2022-01-17,Milsons Point
12344,Dominique,Perez,Dominique Perez,FEMALE,2023-03-14,Darlinghurst
12345,Alison,Raje,Alison Raje,FEMALE,2023-03-31,Townsville
12346,Wesley,Gao,Wesley Gao,MALE,2022-01-04,Silverwater
12347,Summer,Madan,Summer Madan,FEMALE,2022-01-13,Warrnambool
12348,Jimmy,Vazquez,Jimmy Vazquez,MALE,2022-01-28,Lavender Bay
12349,Lacey,Yuan,Lacey Yuan,FEMALE,2021-12-29,Silverwater
12350,Logan,Hernandez,Logan Hernandez,MALE,2022-01-06,Geelong
12351,Cara,Zhang,Cara Zhang,FEMALE,2023-06-23,Sunbury
12352,Ramon,Zhang,Ramon Zhang,MALE,2023-09-28,North Sydney
12353,Joe,Ramos,Joe Ramos,MALE,2022-01-25,Hawthorne
12354,Lance,Ortega,Lance Ortega,MALE,2022-01-03,Geelong
12355,Monique,Ortega,Monique Ortega,FEMALE,2021-12-29,Wollongong
12356,Julia,Wood,Julia Wood,FEMALE,2022-01-09,Port Macquarie
12357,Susan,Lu,Susan Lu,FEMALE,2023-10-29,Findon
12358,Lacey,Raje,Lacey Raje,FEMALE,2022-01-28,Milsons Point
12359,Veronica,Raman,Veronica Raman,FEMALE,2023-09-11,Milsons Point
12360,Mario,Goel,Mario Goel,MALE,2022-01-16,North Sydney
12361,Dana,Diaz,Dana Diaz,FEMALE,2023-09-18,East Brisbane
12362,Thomas,Harrison,Thomas Harrison,MALE,2021-12-04,Lemon Grove
12363,Kayla,Thompson,Kayla Thompson,FEMALE,2023-03-29,Langford
12364,Erin,Rogers,Erin Rogers,FEMALE,2021-12-26,Port Orchard
12365,Alex,Evans,Alex Evans,MALE,2023-04-01,Bremerton
12366,Stephanie,Cox,Stephanie Cox,FEMALE,2023-04-11,Ballard
12367,Trinity,Townsend,Trinity Townsend,FEMALE,2023-02-10,Leeds
12368,Rodney,Rubio,Rodney Rubio,MALE,2023-11-27,Metz
12369,Terrence,Lal,Terrence Lal,MALE,2023-09-25,Melton
12370,Preston,Perez,Preston Perez,MALE,2023-02-10,Silverwater
12371,Stefanie,Subram,Stefanie Subram,FEMALE,2023-07-01,Rhodes
12372,Darren,Prasad,Darren Prasad,MALE,2023-03-22,East Brisbane
12373,Isaac,Gray,Isaac Gray,MALE,2021-06-27,Versailles
12374,Marie,Kapoor,Marie Kapoor,FEMALE,2023-02-07,Croix
12375,Jarrod,Raman,Jarrod Raman,MALE,2024-01-11,Cergy
12376,Holly,Perez,Holly Perez,FEMALE,2023-05-10,London
12377,Christopher,Miller,Christopher Miller,MALE,2023-06-24,Bottrop
12378,Brianna,Sanchez,Brianna Sanchez,FEMALE,2022-08-07,Ingolstadt
12379,Bridget,Chande,Bridget Chande,FEMALE,2023-04-21,Hamburg
12380,Omar,Yuan,Omar Yuan,MALE,2022-06-04,Billericay
12381,Johnny,Lal,Johnny Lal,MALE,2022-06-19,London
12382,Tamara,Chen,Tamara Chen,FEMALE,2022-06-28,London
12383,Albert,Gomez,Albert Gomez,MALE,2021-05-31,Paris
12384,Jacquelyn,Gutierrez,Jacquelyn Gutierrez,FEMALE,2022-08-16,Kiel
12385,Tara,Raji,Tara Raji,FEMALE,2022-06-01,Berks
12386,Katherine,Perry,Katherine Perry,FEMALE,2022-08-02,Erlangen
12387,Meredith,Vazquez,Meredith Vazquez,FEMALE,2023-09-21,Villeneuve-d'Ascq
12388,Casey,Kumar,Casey Kumar,FEMALE,2022-08-12,Kiel
12389,Albert,Jiménez,Albert Jiménez,MALE,2023-11-13,Colombes
12390,Denise,Martinez,Denise Martinez,FEMALE,2022-08-05,Berlin
12391,Olivia,Kelly,Olivia Kelly,FEMALE,2022-06-24,Kirkby
12392,Nichole,Nath,Nichole Nath,FEMALE,2023-01-28,Esher-Molesey
12393,Brenda,Sai,Brenda Sai,FEMALE,2023-09-27,Saint-Denis
12394,Erika,Serrano,Erika Serrano,FEMALE,2022-06-16,Liverpool
12395,Kyle,Carter,Kyle Carter,MALE,2021-06-19,Chatou
12396,Susan,Yang,Susan Yang,FEMALE,2023-10-15,Hof
12397,Shaun,Chapman,Shaun Chapman,MALE,2022-08-23,Poing
12398,Ashley,Clark,Ashley Clark,FEMALE,2021-06-17,Lille
12399,Henry,Chapman,Henry Chapman,MALE,2023-08-23,Braunschweig
12400,Andy,Martin,Andy Martin,MALE,2023-08-09,Essen
12401,Kimberly,Rivera,Kimberly Rivera,FEMALE,2023-09-19,Hof
12402,Albert,Moreno,Albert Moreno,MALE,2022-06-08,London
12403,Henry,Young,Henry Young,MALE,2023-11-20,Watford
12404,Krystal,Liang,Krystal Liang,FEMALE,2022-07-22,York
12405,Cole,Sanchez,Cole Sanchez,MALE,2024-01-07,Newcastle upon Tyne
12406,Ross,Gutierrez,Ross Gutierrez,MALE,2023-12-16,Grevenbroich
12407,Shawn,Raji,Shawn Raji,MALE,2023-10-26,Berlin
12408,Jon,Lu,Jon Lu,MALE,2023-09-30,Saarlouis
12409,Savannah,Hill,Savannah Hill,FEMALE,2023-05-20,Santa Cruz
12410,Mariah,Richardson,Mariah Richardson,FEMALE,2023-04-05,Beverly Hills
12411,Kevin,Alexander,Kevin Alexander,MALE,2023-06-30,Concord
12412,Mackenzie,Wright,Mackenzie Wright,FEMALE,2023-10-25,Downey
12413,James,Gonzales,James Gonzales,MALE,2023-06-20,Olympia
12414,Ethan,Lal,Ethan Lal,MALE,2023-05-27,Oregon City
12415,Brianna,Richardson,Brianna Richardson,FEMALE,2023-11-22,W. Linn
12416,Veronica,Martinez,Veronica Martinez,FEMALE,2023-06-29,Bellflower
12417,Alexis,Bryant,Alexis Bryant,FEMALE,2024-01-05,Chula Vista
12418,Robert,Hernandez,Robert Hernandez,MALE,2021-12-21,Corvallis
12419,Destiny,Bell,Destiny Bell,FEMALE,2023-06-10,Bremerton
12420,Spencer,Hayes,Spencer Hayes,MALE,2023-03-15,Milwaukie
12421,Cameron,Hughes,Cameron Hughes,MALE,2023-03-12,Newport Beach
12422,Hailey,Evans,Hailey Evans,FEMALE,2023-10-13,Marysville
12423,Sarah,Thompson,Sarah Thompson,FEMALE,2021-12-19,Olympia
12424,Rebecca,Mitchell,Rebecca Mitchell,FEMALE,2023-08-25,Sedro Woolley
12425,Brandon,White,Brandon White,MALE,2023-11-17,Walla Walla
12426,Cody,Cox,Cody Cox,MALE,2023-11-05,Lakewood
12427,Kimberly,Stewart,Kimberly Stewart,FEMALE,2023-06-04,San Diego
12428,Sean,Morris,Sean Morris,MALE,2023-10-26,San Gabriel
12429,Melvin,Black,Melvin Black,MALE,2023-03-05,Concord
12430,Kaitlyn,Thompson,Kaitlyn Thompson,FEMALE,2023-04-20,Sooke
12431,Wyatt,Thomas,Wyatt Thomas,MALE,2023-03-21,Sooke
12432,Nathan,Clark,Nathan Clark,MALE,2023-10-26,Glendale
12433,Antonio,Price,Antonio Price,MALE,2023-03-30,San Gabriel
12434,Thomas,Kumar,Thomas Kumar,MALE,2023-11-20,Tacoma
12435,Christy,Zhou,Christy Zhou,FEMALE,2021-12-04,Bell Gardens
12436,Albert,Diaz,Albert Diaz,MALE,2023-06-16,Burien
12437,Jeremy,Young,Jeremy Young,MALE,2021-12-13,Salem
12438,Bailey,Rogers,Bailey Rogers,FEMALE,2021-12-09,Colma
12439,Megan,Bennett,Megan Bennett,FEMALE,2023-03-25,Beaverton
12440,Francisco,Chandra,Francisco Chandra,MALE,2021-11-29,Burbank
12441,Trevor,Simmons,Trevor Simmons,MALE,2021-12-03,Berkeley
12442,Allison,Richardson,Allison Richardson,FEMALE,2021-11-30,Burbank
12443,Garrett,James,Garrett James,MALE,2024-01-18,Burbank
12444,Mackenzie,Phillips,Mackenzie Phillips,FEMALE,2023-03-03,Metchosin
12445,Cameron,Taylor,Cameron Taylor,MALE,2023-08-08,Oregon City
12446,Jasmine,Hall,Jasmine Hall,FEMALE,2021-12-08,La Jolla
12447,Carson,Hayes,Carson Hayes,MALE,2023-05-03,Port Hammond
12448,Hailey,Cox,Hailey Cox,FEMALE,2021-12-26,Lebanon
12449,Dylan,Brown,Dylan Brown,MALE,2023-06-10,Port Hammond
12450,Cody,Cook,Cody Cook,MALE,2021-12-24,Imperial Beach
12451,Anna,Simmons,Anna Simmons,FEMALE,2023-06-20,Vancouver
12452,Sean,Sanchez,Sean Sanchez,MALE,2021-12-21,Spokane
12453,Madison,Bennett,Madison Bennett,FEMALE,2023-05-20,W. Linn
12454,Samuel,Griffin,Samuel Griffin,MALE,2023-04-08,Bremerton
12455,Benjamin,Lewis,Benjamin Lewis,MALE,2023-11-17,Mill Valley
12456,Thomas,Chen,Thomas Chen,MALE,2024-01-16,Burien
12457,Misty,Rai,Misty Rai,FEMALE,2023-04-04,Beaverton
12458,Veronica,Sanchez,Veronica Sanchez,FEMALE,2023-09-04,Bottrop
12459,Stefanie,Rodriguez,Stefanie Rodriguez,FEMALE,2022-07-02,Milton Keynes
12460,Dominique,Malhotra,Dominique Malhotra,FEMALE,2022-07-25,London
12461,Ruth,Suri,Ruth Suri,FEMALE,2022-08-15,Hamburg
12462,Levi,Suri,Levi Suri,MALE,2022-09-07,Sulzbach Taunus
12463,Todd,Huang,Todd Huang,MALE,2022-07-06,Cheltenham
12464,Jared,Cook,Jared Cook,MALE,2021-07-23,Bobigny
12465,Cassandra,Patel,Cassandra Patel,FEMALE,2023-03-30,Gloucestershire
12466,Willie,He,Willie He,MALE,2023-03-19,Drancy
12467,Jennifer,Jones,Jennifer Jones,FEMALE,2023-04-21,Paris
12468,Wayne,Nath,Wayne Nath,MALE,2021-07-12,Paris
12469,Shane,Srini,Shane Srini,MALE,2023-09-19,Paderborn
12470,Barbara,He,Barbara He,FEMALE,2023-11-23,Berlin
12471,Lacey,Zeng,Lacey Zeng,FEMALE,2023-03-16,Bottrop
12472,Jeffery,Zhang,Jeffery Zhang,MALE,2023-08-09,Colombes
12473,Sergio,Sai,Sergio Sai,MALE,2022-07-11,York
12474,Tammy,Chandra,Tammy Chandra,FEMALE,2021-07-22,Cergy
12475,Logan,Carter,Logan Carter,MALE,2022-09-03,Solingen
12476,Rodney,Jimenez,Rodney Jimenez,MALE,2023-10-09,Milton Keynes
12477,Robin,Gill,Robin Gill,FEMALE,2023-12-09,Paris
12478,Ruben,Mehta,Ruben Mehta,MALE,2023-12-30,Bottrop
12479,Priscilla,Tang,Priscilla Tang,FEMALE,2022-09-04,Frankfurt
12480,Meredith,Alvarez,Meredith Alvarez,FEMALE,2021-07-10,Lille
12481,Victor,Diaz,Victor Diaz,MALE,2023-03-08,Berlin
12482,Jerome,Browning,Jerome Browning,MALE,2023-12-25,Orly
12483,Amanda,Perez,Amanda Perez,FEMALE,2021-07-04,Roubaix
12484,Lori,Suarez,Lori Suarez,FEMALE,2022-09-24,Hamburg
12485,Veronica,Subram,Veronica Subram,FEMALE,2021-07-12,Colomiers
12486,Kristen,Ye,Kristen Ye,FEMALE,2022-07-19,West Sussex
12487,Willie,Zhu,Willie Zhu,MALE,2022-09-14,Salzgitter
12488,Jay,Garcia,Jay Garcia,MALE,2023-09-20,Saint Germain en Laye
12489,Wayne,Rai,Wayne Rai,MALE,2023-03-20,Les Ulis
12490,Trisha,He,Trisha He,FEMALE,2023-03-18,Paris
12491,Alvin,Huang,Alvin Huang,MALE,2023-08-02,Oxford
12492,Brittany,Price,Brittany Price,FEMALE,2022-07-13,Stoke-on-Trent
12493,Dwayne,Vazquez,Dwayne Vazquez,MALE,2023-05-15,Ingolstadt
12494,Abby,Sandberg,Abby Sandberg,FEMALE,2021-07-01,Versailles
12495,Lucas,Miller,Lucas Miller,MALE,2022-09-18,Frankfurt
12496,Melanie,Cox,Melanie Cox,FEMALE,2023-08-20,Gateshead
12497,Ashlee,Kumar,Ashlee Kumar,FEMALE,2023-07-01,Saarbrücken
12498,Eduardo,Diaz,Eduardo Diaz,MALE,2023-06-29,Hamburg
12499,Heather,Wang,Heather Wang,FEMALE,2022-09-13,München
12500,Kathleen,Vazquez,Kathleen Vazquez,FEMALE,2022-09-01,Offenbach
12501,Cory,Sai,Cory Sai,MALE,2022-09-28,Solingen
12502,Darren,Sanchez,Darren Sanchez,MALE,2023-02-03,Oxon
12503,Casey,Shen,Casey Shen,FEMALE,2023-02-15,York
12504,Arthur,Gutierrez,Arthur Gutierrez,MALE,2023-04-25,Gloucestershire
12505,Dalton,Martin,Dalton Martin,MALE,2023-03-01,Stoke-on-Trent
12506,Preston,Sanchez,Preston Sanchez,MALE,2023-02-11,West Sussex
12507,Ian,Bell,Ian Bell,MALE,2023-04-11,Solingen
12508,Nichole,Anand,Nichole Anand,FEMALE,2023-05-31,Bury
12509,Marc,Ferrier,Marc Ferrier,MALE,2023-02-21,Drancy
12510,Roberto,Sanz,Roberto Sanz,MALE,2021-08-27,Lieusaint
12511,Grant,Chander,Grant Chander,MALE,2023-06-28,Paris
12512,Carolyn,Gomez,Carolyn Gomez,FEMALE,2023-03-23,Berlin
12513,Austin,Thompson,Austin Thompson,MALE,2023-06-17,Stoke-on-Trent
12514,Lacey,Becker,Lacey Becker,FEMALE,2023-02-14,Paris
12515,Shelby,Bailey,Shelby Bailey,FEMALE,2023-07-24,Roubaix
12516,Shawna,Chander,Shawna Chander,FEMALE,2023-12-16,Frankfurt am Main
12517,Alexa,Watson,Alexa Watson,FEMALE,2023-10-19,Kassel
12518,Jacquelyn,Dominguez,Jacquelyn Dominguez,FEMALE,2023-08-01,Solingen
12519,Casey,Gutierrez,Casey Gutierrez,MALE,2023-05-11,Peterborough
12520,Seth,Jackson,Seth Jackson,MALE,2021-08-02,Saint Germain en Laye
12521,Meredith,Dominguez,Meredith Dominguez,FEMALE,2022-10-05,Offenbach
12522,Brandy,Sanchez,Brandy Sanchez,FEMALE,2021-08-24,Pantin
12523,Steve,Wagner,Steve Wagner,MALE,2021-08-28,Paris
12524,Kate,Shan,Kate Shan,FEMALE,2023-06-13,Les Ulis
12525,Chelsea,Rodriguez,Chelsea Rodriguez,FEMALE,2023-05-25,Esher-Molesey
12526,Michele,Suarez,Michele Suarez,FEMALE,2022-07-10,London
12527,José,Rodriguez,José Rodriguez,MALE,2023-12-17,Burbank
12528,Devin,Wilson,Devin Wilson,MALE,2023-08-28,Spokane
12529,Isaiah,Allen,Isaiah Allen,MALE,2024-01-19,Berkeley
12530,Isabel,Coleman,Isabel Coleman,FEMALE,2023-02-15,Shawnee
12531,Autumn,Xu,Autumn Xu,FEMALE,2023-03-18,Beaverton
12532,Jose,Carter,Jose Carter,MALE,2023-09-26,Metchosin
12533,Luis,Washington,Luis Washington,MALE,2023-02-01,Walla Walla
12534,Katie,Shan,Katie Shan,FEMALE,2023-09-08,Saint Ouen
12535,Clifford,Kapoor,Clifford Kapoor,MALE,2023-09-18,Solingen
12536,Javier,Dominguez,Javier Dominguez,MALE,2023-11-21,Solingen
12537,Terrence,Luo,Terrence Luo,MALE,2023-06-24,Paris
12538,Paula,Blanco,Paula Blanco,FEMALE,2023-05-27,Berlin
12539,Marc,Dominguez,Marc Dominguez,MALE,2023-11-30,Orly
12540,Levi,Sara,Levi Sara,MALE,2023-03-02,Peterborough
12541,Jonathan,Zhang,Jonathan Zhang,MALE,2023-06-15,Drancy
12542,Preston,Patel,Preston Patel,MALE,2024-01-11,Paris
12543,Ruben,Alvarez,Ruben Alvarez,MALE,2023-05-04,Verrieres Le Buisson
12544,Bruce,Jordan,Bruce Jordan,MALE,2023-12-21,Kiel
12545,Marc,Ruiz,Marc Ruiz,MALE,2023-07-27,Berks
12546,Clarence,Andersen,Clarence Andersen,MALE,2022-10-06,Mühlheim
12547,Bradley,Nara,Bradley Nara,MALE,2021-08-14,Les Ulis
12548,Alexandra,Collins,Alexandra Collins,FEMALE,2022-10-16,Bottrop
12549,Donna,Xie,Donna Xie,FEMALE,2021-08-18,Paris
12550,Austin,Diaz,Austin Diaz,MALE,2023-06-13,Oxford
12551,Julio,Ramos,Julio Ramos,MALE,2023-08-09,London
12552,Bruce,Torres,Bruce Torres,MALE,2023-10-13,Saint Ouen
12553,Toni,Fernandez,Toni Fernandez,FEMALE,2023-05-11,Suresnes
12554,Barry,Rodriguez,Barry Rodriguez,MALE,2023-07-27,Cambridge
12555,Edgar,Malhotra,Edgar Malhotra,MALE,2023-09-03,Roubaix
12556,Manuel,Kapoor,Manuel Kapoor,MALE,2023-11-27,Werne
12557,Phillip,Lopez,Phillip Lopez,MALE,2023-05-07,Boulogne-Billancourt
12558,Amanda,Evans,Amanda Evans,FEMALE,2023-09-02,Bottrop
12559,Emmanuel,Lopez,Emmanuel Lopez,MALE,2022-07-23,London
12560,Mandy,Gao,Mandy Gao,FEMALE,2022-07-15,London
12561,Trisha,Lin,Trisha Lin,FEMALE,2021-09-25,Bobigny
12562,Kristina,Chandra,Kristina Chandra,FEMALE,2023-03-14,Paris
12563,Alejandro,Lin,Alejandro Lin,MALE,2023-07-01,Cheltenham
12564,Marshall,Yang,Marshall Yang,MALE,2023-03-07,London
12565,Kendra,Gutierrez,Kendra Gutierrez,FEMALE,2023-10-05,Paris
12566,Omar,Yang,Omar Yang,MALE,2023-05-31,London
12567,Carmen,Arthur,Carmen Arthur,FEMALE,2023-02-11,Newcastle upon Tyne
12568,Stacey,Ye,Stacey Ye,FEMALE,2023-02-13,Stoke-on-Trent
12569,Kristin,Rai,Kristin Rai,FEMALE,2023-07-21,Warrington
12570,Casey,Munoz,Casey Munoz,MALE,2022-01-02,Brisbane
12571,Jennifer,Green,Jennifer Green,FEMALE,2021-12-29,Coffs Harbour
12572,Alisha,Chander,Alisha Chander,FEMALE,2022-01-22,Findon
12573,Grant,Rai,Grant Rai,MALE,2022-01-08,Lavender Bay
12574,Derek,Raje,Derek Raje,MALE,2022-01-15,Silverwater
12575,Jaclyn,Shen,Jaclyn Shen,FEMALE,2022-01-15,Wollongong
12576,Walter,Dominguez,Walter Dominguez,MALE,2022-01-04,Melbourne
12577,Francis,Sanz,Francis Sanz,MALE,2022-02-15,Lane Cove
12578,Gavin,Perry,Gavin Perry,MALE,2022-02-14,Cranbourne
12579,Lydia,Sanchez,Lydia Sanchez,FEMALE,2022-02-15,Springwood
12580,Cedric,She,Cedric She,MALE,2022-02-14,South Melbourne
12581,Kristina,Fernandez,Kristina Fernandez,FEMALE,2022-02-27,Melton
12582,Carmen,Sara,Carmen Sara,FEMALE,2023-07-31,Springwood
12583,Tyrone,Ortega,Tyrone Ortega,MALE,2022-02-28,Newcastle
12584,Brittney,Ma,Brittney Ma,FEMALE,2022-02-10,Townsville
12585,Ian,Martinez,Ian Martinez,MALE,2022-02-28,Hobart
12586,Kellie,Hernandez,Kellie Hernandez,FEMALE,2022-02-03,Townsville
12587,Danny,Travers,Danny Travers,MALE,2023-11-03,Milsons Point
12588,Tracy,Chande,Tracy Chande,FEMALE,2022-01-29,Milsons Point
12589,Ruben,Rodriguez,Ruben Rodriguez,MALE,2022-02-19,Melbourne
12590,Mario,Chander,Mario Chander,MALE,2023-10-13,Newcastle upon Tyne
12591,Meredith,Madan,Meredith Madan,FEMALE,2023-08-05,Berlin
12592,Amy,Li,Amy Li,FEMALE,2023-06-27,Birmingham
12593,Benjamin,Zhang,Benjamin Zhang,MALE,2023-02-18,Bury
12594,Sandra,Gao,Sandra Gao,FEMALE,2023-11-25,Cambridge
12595,Mathew,Blanco,Mathew Blanco,MALE,2023-03-08,London
12596,Armando,Romero,Armando Romero,MALE,2023-09-24,Milton Keynes
12597,Franklin,Zhang,Franklin Zhang,MALE,2023-08-04,Kirkby
12598,Alexandra,Bryant,Alexandra Bryant,FEMALE,2023-08-04,Stoke-on-Trent
12599,Jillian,Fernandez,Jillian Fernandez,FEMALE,2022-08-17,Berks
12600,Larry,Romero,Larry Romero,MALE,2023-09-08,Eilenburg
12601,Randy,Zhang,Randy Zhang,MALE,2023-08-29,Peterborough
12602,Francisco,Srini,Francisco Srini,MALE,2023-02-20,London
12603,Cole,Reed,Cole Reed,MALE,2023-04-06,Peterborough
12604,Nathan,Lee,Nathan Lee,MALE,2023-05-30,Darmstadt
12605,Carol,Cooper,Carol Cooper,FEMALE,2023-05-12,Saarlouis
12606,Arthur,Van,Arthur Van,MALE,2023-09-03,Roubaix
12607,Tamara,Zhu,Tamara Zhu,FEMALE,2021-09-01,Verrieres Le Buisson
12608,Brett,Sanchez,Brett Sanchez,MALE,2022-08-08,Bury
12609,Linda,Carlson,Linda Carlson,FEMALE,2022-08-08,Watford
12610,Wendy,Gutierrez,Wendy Gutierrez,FEMALE,2023-07-08,York
12611,Manuel,Sara,Manuel Sara,MALE,2023-07-01,Watford
12612,Shannon,Torres,Shannon Torres,MALE,2022-08-15,Birmingham
12613,Joel,Prasad,Joel Prasad,MALE,2021-08-30,Saint-Denis
12614,Lance,Gill,Lance Gill,MALE,2021-09-20,Versailles
12615,Nathan,Hill,Nathan Hill,MALE,2022-08-10,Leeds
12616,Kelsey,Tang,Kelsey Tang,FEMALE,2023-05-20,München
12617,Jake,Ma,Jake Ma,MALE,2023-07-18,Hannover
12618,Dawn,Lal,Dawn Lal,FEMALE,2021-09-03,Lieusaint
12619,Priscilla,Rai,Priscilla Rai,FEMALE,2022-08-04,Oxford
12620,Maurice,Lal,Maurice Lal,MALE,2021-09-20,Villeneuve-d'Ascq
12621,Barry,Martinez,Barry Martinez,MALE,2021-09-25,Paris
12622,Micheal,Rubio,Micheal Rubio,MALE,2022-08-19,London
12623,Jesse,Sanchez,Jesse Sanchez,MALE,2022-08-24,Newcastle upon Tyne
12624,Jamie,Xu,Jamie Xu,FEMALE,2022-10-15,Frankfurt am Main
12625,Carly,Andersen,Carly Andersen,FEMALE,2023-09-04,Colomiers
12626,Cassie,Lal,Cassie Lal,FEMALE,2023-11-08,London
12627,Leah,Zheng,Leah Zheng,FEMALE,2023-04-21,London
12628,Arturo,Ma,Arturo Ma,MALE,2023-07-07,Colomiers
12629,Russell,Nara,Russell Nara,MALE,2023-11-16,Hamburg
12630,Kevin,Simmons,Kevin Simmons,MALE,2022-08-09,Gateshead
12631,Clarence,Gao,Clarence Gao,MALE,2021-10-25,Paris
12632,Bonnie,Nath,Bonnie Nath,FEMALE,2021-10-12,Sèvres
12633,Shannon,Suarez,Shannon Suarez,MALE,2023-07-15,Bracknell
12634,Derrick,Ruiz,Derrick Ruiz,MALE,2022-08-29,London
12635,Brad,Beck,Brad Beck,MALE,2023-03-22,Drancy
12636,Tamer,Salah,Tamer Salah,FEMALE,2023-05-31,Berlin
12637,Leonard,Nath,Leonard Nath,MALE,2022-09-08,London
12638,Sebastian,Brooks,Sebastian Brooks,MALE,2023-10-04,Frankfurt
12639,Ruben,Lopez,Ruben Lopez,MALE,2023-02-18,Roncq
12640,Angel,Richardson,Angel Richardson,MALE,2022-09-15,Billericay
12641,Willie,Raje,Willie Raje,MALE,2023-12-02,Paris
12642,Jimmy,Carlson,Jimmy Carlson,MALE,2023-05-15,Roubaix
12643,Kristina,Perez,Kristina Perez,FEMALE,2023-02-08,Stuttgart
12644,Rachel,Reed,Rachel Reed,FEMALE,2022-09-01,Esher-Molesey
12645,Audrey,Ruiz,Audrey Ruiz,FEMALE,2022-09-15,York
12646,Kenneth,Xu,Kenneth Xu,MALE,2023-02-21,Bonn
12647,Colleen,Anand,Colleen Anand,FEMALE,2022-08-28,Liverpool
12648,Lori,Dominguez,Lori Dominguez,FEMALE,2022-09-23,Warrington
12649,Omar,Goel,Omar Goel,MALE,2023-09-29,Paris
12650,Aaron,Wright,Aaron Wright,MALE,2021-10-06,Bobigny
12651,Martin,Malhotra,Martin Malhotra,MALE,2023-10-05,Lille
12652,Carolyn,Martin,Carolyn Martin,FEMALE,2023-09-01,London
12653,Nichole,Andersen,Nichole Andersen,FEMALE,2022-09-12,London
12654,Briana,Gill,Briana Gill,FEMALE,2023-02-23,Liverpool
12655,Larry,Vazquez,Larry Vazquez,MALE,2021-10-10,Colombes
12656,Blake,Roberts,Blake Roberts,MALE,2023-05-17,Versailles
12657,Audrey,Blanco,Audrey Blanco,FEMALE,2022-10-27,Grevenbroich
12658,Joy,Gomez,Joy Gomez,FEMALE,2022-09-10,York
12659,Damien,Chande,Damien Chande,MALE,2023-04-16,Paris
12660,Toni,Sanchez,Toni Sanchez,FEMALE,2023-11-30,Orleans
12661,Deborah,Pal,Deborah Pal,FEMALE,2023-03-31,Orly
12662,Jessie,Huang,Jessie Huang,MALE,2023-12-12,Paris
12663,Morgan,Adams,Morgan Adams,FEMALE,2023-11-17,Saint-Denis
12664,Krista,Gill,Krista Gill,FEMALE,2023-05-12,Warrington
12665,Joy,Suarez,Joy Suarez,FEMALE,2023-06-29,Cranbourne
12666,Jessie,Zhu,Jessie Zhu,MALE,2023-11-03,Hervey Bay
12667,Maria,Wood,Maria Wood,FEMALE,2022-02-01,Hobart
12668,Melissa,Patterson,Melissa Patterson,FEMALE,2022-02-10,Wollongong
12669,Irving,Schmidt,Irving Schmidt,MALE,2022-02-07,Coffs Harbour
12670,Sarah,Martinez,Sarah Martinez,FEMALE,2022-02-23,Sydney
12671,Alan,Huang,Alan Huang,MALE,2022-02-09,Rockhampton
12672,Carson,Butler,Carson Butler,MALE,2023-04-16,Sydney
12673,Colin,Stone,Colin Stone,MALE,2022-02-24,Melbourne
12674,Jimmy,Travers,Jimmy Travers,MALE,2022-02-20,Rockhampton
12675,Holly,Fernandez,Holly Fernandez,FEMALE,2022-02-10,Seaford
12676,Michele,Madan,Michele Madan,FEMALE,2022-02-18,Bendigo
12677,Cedric,Liu,Cedric Liu,MALE,2022-02-04,Coffs Harbour
12678,Dana,Serrano,Dana Serrano,FEMALE,2023-03-25,Silverwater
12679,Stacy,Gill,Stacy Gill,FEMALE,2023-03-13,Malabar
12680,George,Sanchez,George Sanchez,MALE,2022-02-21,Sydney
12681,Christy,Chow,Christy Chow,FEMALE,2022-02-26,Caloundra
12682,Kari,Subram,Kari Subram,FEMALE,2023-06-02,Melton
12683,Laura,Zhou,Laura Zhou,FEMALE,2022-02-18,Hervey Bay
12684,Shaun,Shen,Shaun Shen,MALE,2022-02-06,Goulburn
12685,Jaclyn,Xu,Jaclyn Xu,FEMALE,2022-01-29,Warrnambool
12686,Trisha,Zhou,Trisha Zhou,FEMALE,2022-02-28,Bendigo
12687,Marshall,Li,Marshall Li,MALE,2022-03-17,Coffs Harbour
12688,Stacy,Navarro,Stacy Navarro,FEMALE,2022-03-08,Hawthorne
12689,Tamara,Pal,Tamara Pal,FEMALE,2022-03-23,Caloundra
12690,Roger,Zhang,Roger Zhang,MALE,2023-07-05,Sydney
12691,Rafael,Andersen,Rafael Andersen,MALE,2023-04-24,Findon
12692,Glenn,Lu,Glenn Lu,MALE,2023-06-05,Hawthorne
12693,Ruth,Gonzalez,Ruth Gonzalez,FEMALE,2022-03-02,Rhodes
12694,Jay,Arthur,Jay Arthur,MALE,2022-03-12,St. Leonards
12695,Kari,Ruiz,Kari Ruiz,FEMALE,2023-05-10,Coffs Harbour
12696,Stacey,Hu,Stacey Hu,FEMALE,2023-05-12,Silverwater
12697,Brenda,Stone,Brenda Stone,FEMALE,2023-09-07,Milsons Point
12698,Mohamed,Pal,Mohamed Pal,MALE,2022-03-13,Port Macquarie
12699,Amy,Chow,Amy Chow,FEMALE,2022-03-14,Melbourne
12700,Mindy,Kumar,Mindy Kumar,FEMALE,2022-04-28,Hawthorne
12701,Gary,Gutierrez,Gary Gutierrez,MALE,2022-04-17,Newcastle
12702,Yolanda,Shan,Yolanda Shan,FEMALE,2022-04-18,Townsville
12703,Renee,Suarez,Renee Suarez,FEMALE,2022-04-04,Lavender Bay
12704,Barbara,Nara,Barbara Nara,FEMALE,2023-08-08,Geelong
12705,Andre,Garcia,Andre Garcia,MALE,2022-03-30,Perth
12706,Louis,Liang,Louis Liang,MALE,2022-04-12,Hawthorne
12707,Ian,Lewis,Ian Lewis,MALE,2021-12-23,Sedro Woolley
12708,Bonnie,Pal,Bonnie Pal,FEMALE,2023-02-02,Chula Vista
12709,Ian,Rodriguez,Ian Rodriguez,MALE,2021-12-08,San Carlos
12710,Dalton,Evans,Dalton Evans,MALE,2023-03-17,Langley
12711,Heather,Zheng,Heather Zheng,FEMALE,2021-10-25,Les Ulis
12712,Arthur,Romero,Arthur Romero,MALE,2022-10-10,München
12713,Deborah,Xie,Deborah Xie,FEMALE,2022-10-11,Offenbach
12714,Colleen,Lu,Colleen Lu,FEMALE,2023-07-19,Hannover
12715,Eddie,Gill,Eddie Gill,MALE,2023-03-12,Seaford
12716,Dale,Shen,Dale Shen,MALE,2023-02-12,Croix
12717,Hannah,Wood,Hannah Wood,FEMALE,2021-10-21,Metz
12718,Tammy,Sai,Tammy Sai,FEMALE,2023-11-12,Paris
12719,Cheryl,Ruiz,Cheryl Ruiz,FEMALE,2023-07-10,Sèvres
12720,Nicolas,Chande,Nicolas Chande,MALE,2023-06-12,Suresnes
12721,Rebekah,Martinez,Rebekah Martinez,FEMALE,2023-05-04,Saarlouis
12722,Latasha,Gomez,Latasha Gomez,FEMALE,2023-04-06,Bottrop
12723,Kurt,Jai,Kurt Jai,MALE,2023-02-27,Orleans
12724,Eddie,Martin,Eddie Martin,MALE,2023-02-01,Münster
12725,Gabrielle,James,Gabrielle James,FEMALE,2023-08-18,Neunkirchen
12726,Kurt,Goel,Kurt Goel,MALE,2023-08-03,Ingolstadt
12727,Amanda,Ross,Amanda Ross,FEMALE,2023-06-25,Bobigny
12728,Jeremiah,Stewart,Jeremiah Stewart,MALE,2023-04-07,Frankfurt
12729,Jose,Perry,Jose Perry,MALE,2023-05-29,Peterborough
12730,Karla,Becker,Karla Becker,FEMALE,2023-08-22,York
12731,Steven,Murphy,Steven Murphy,MALE,2023-09-16,Werne
12732,Todd,Guo,Todd Guo,MALE,2023-08-22,Orleans
12733,Lacey,Cai,Lacey Cai,FEMALE,2023-04-10,London
12734,Margaret,Zhou,Margaret Zhou,FEMALE,2023-09-22,Cergy
12735,Donald,Mehta,Donald Mehta,MALE,2022-10-08,Essen
12736,Diana,Ruiz,Diana Ruiz,FEMALE,2022-10-08,Frankfurt
12737,Brett,Chandra,Brett Chandra,MALE,2023-04-07,Colombes
12738,Melinda,Rubio,Melinda Rubio,FEMALE,2022-10-10,Berlin
12739,Evan,Young,Evan Young,MALE,2023-06-28,Kirkby
12740,Kathryn,Goel,Kathryn Goel,FEMALE,2023-12-24,Berks
12741,Raymond,Sam,Raymond Sam,MALE,2023-04-10,Stuttgart
12742,Samantha,Martinez,Samantha Martinez,FEMALE,2022-11-23,Solingen
12743,Carl,Kumar,Carl Kumar,MALE,2023-10-17,Bury
12744,Anna,Moore,Anna Moore,FEMALE,2023-08-29,Cheltenham
12745,Rafael,Wu,Rafael Wu,MALE,2022-10-13,Kirkby
12746,Juan,Torres,Juan Torres,MALE,2023-07-24,Bury
12747,Colleen,Hu,Colleen Hu,FEMALE,2022-11-27,Hamburg
12748,Grace,Bell,Grace Bell,FEMALE,2023-07-30,Drancy
12749,Miguel,Lee,Miguel Lee,MALE,2021-10-27,Chatou
12750,Teresa,Vazquez,Teresa Vazquez,FEMALE,2021-10-10,Morangis
12751,Priscilla,Xu,Priscilla Xu,FEMALE,2023-12-09,Erlangen
12752,Jonathon,Alvarez,Jonathon Alvarez,MALE,2023-07-06,Courbevoie
12753,Ramon,Zhao,Ramon Zhao,MALE,2023-03-04,Villeneuve-d'Ascq
12754,Lindsey,Deng,Lindsey Deng,FEMALE,2021-10-06,Saint-Denis
12755,Chloe,Hughes,Chloe Hughes,FEMALE,2021-12-13,Santa Cruz
12756,Antonio,Butler,Antonio Butler,MALE,2021-12-18,Beverly Hills
12757,Sara,Ramirez,Sara Ramirez,FEMALE,2023-04-03,Edmonds
12758,Stephanie,Ramirez,Stephanie Ramirez,FEMALE,2023-05-26,Kirkland
12759,Jada,Sanders,Jada Sanders,FEMALE,2023-06-26,Seattle
12760,Krista,Gomez,Krista Gomez,FEMALE,2023-03-22,Cliffside
12761,Alexandra,Richardson,Alexandra Richardson,FEMALE,2021-12-23,Woodburn
12762,Jonathan,Smith,Jonathan Smith,MALE,2021-12-22,Spring Valley
12763,Chloe,Russell,Chloe Russell,FEMALE,2023-06-03,Cliffside
12764,Alexandra,Harris,Alexandra Harris,FEMALE,2021-12-16,Tacoma
12765,Robyn,Gill,Robyn Gill,FEMALE,2023-03-18,Cliffside
12766,Jordyn,Bryant,Jordyn Bryant,FEMALE,2021-12-21,Corvallis
12767,Christopher,Robinson,Christopher Robinson,MALE,2023-08-23,Yakima
12768,Johnathan,Chapman,Johnathan Chapman,MALE,2021-12-12,Colma
12769,Thomas,Zhang,Thomas Zhang,MALE,2021-12-23,Olympia
12770,Charles,Evans,Charles Evans,MALE,2021-12-18,Los Angeles
12771,Morgan,Thomas,Morgan Thomas,FEMALE,2021-12-09,Spring Valley
12772,Abigail,Clark,Abigail Clark,FEMALE,2021-12-07,Everett
12773,Samantha,Taylor,Samantha Taylor,FEMALE,2021-12-27,Bellingham
12774,Kristen,Gao,Kristen Gao,FEMALE,2021-12-20,Burlingame
12775,Connor,Griffin,Connor Griffin,MALE,2023-06-08,Palo Alto
12776,Blake,Campbell,Blake Campbell,MALE,2023-03-26,Yakima
12777,Joseph,Anderson,Joseph Anderson,MALE,2021-12-07,Lynnwood
12778,Connie,Morgan,Connie Morgan,FEMALE,2023-12-20,Santa Cruz
12779,Mason,Rogers,Mason Rogers,MALE,2021-12-01,Yakima
12780,Jeremy,Richardson,Jeremy Richardson,MALE,2021-12-21,Olympia
12781,Emma,James,Emma James,FEMALE,2023-06-18,Langley
12782,Elizabeth,Long,Elizabeth Long,FEMALE,2023-07-02,Sooke
12783,Jerome,Gutierrez,Jerome Gutierrez,MALE,2023-07-29,Cliffside
12784,Jonathan,Campbell,Jonathan Campbell,MALE,2021-12-19,Salem
12785,Javier,Ortega,Javier Ortega,MALE,2023-07-28,Burnaby
12786,James,Yang,James Yang,MALE,2023-11-11,Bellflower
12787,Katelyn,Cook,Katelyn Cook,FEMALE,2023-05-12,Puyallup
12788,Amanda,Nelson,Amanda Nelson,FEMALE,2023-07-05,Chula Vista
12789,Jamie,Zeng,Jamie Zeng,FEMALE,2021-12-23,Burlingame
12790,Brandon,Kumar,Brandon Kumar,MALE,2023-12-13,Lemon Grove
12791,Angelica,Foster,Angelica Foster,FEMALE,2023-02-22,Long Beach
12792,Blake,White,Blake White,MALE,2024-01-06,Bremerton
12793,Jessie,Guo,Jessie Guo,MALE,2023-02-19,Chula Vista
12794,Megan,Jackson,Megan Jackson,FEMALE,2023-08-26,Woodburn
12795,Antonio,Foster,Antonio Foster,MALE,2023-02-03,Metchosin
12796,Jason,Zhang,Jason Zhang,MALE,2023-04-04,Bremerton
12797,Patrick,Howard,Patrick Howard,MALE,2023-06-23,West Covina
12798,Andy,Gutierrez,Andy Gutierrez,MALE,2023-03-08,Tremblay-en-France
12799,George,Chandra,George Chandra,MALE,2023-06-22,Neunkirchen
12800,Lacey,Chen,Lacey Chen,FEMALE,2023-08-20,Leipzig
12801,Melody,Browning,Melody Browning,FEMALE,2024-01-24,Erlangen
12802,Alan,Sun,Alan Sun,MALE,2024-01-12,Stuttgart
12803,Heather,Li,Heather Li,FEMALE,2023-05-06,York
12804,Jaclyn,Chander,Jaclyn Chander,FEMALE,2021-10-03,Villeneuve-d'Ascq
12805,Marvin,Moreno,Marvin Moreno,MALE,2021-10-24,Colombes
12806,Ronnie,Zeng,Ronnie Zeng,MALE,2022-11-18,München
12807,Nina,Kumar,Nina Kumar,FEMALE,2022-11-09,Offenbach
12808,Marc,Schmidt,Marc Schmidt,MALE,2022-10-08,York
12809,Michele,Navarro,Michele Navarro,FEMALE,2023-05-07,Grevenbroich
12810,Chase,Stewart,Chase Stewart,MALE,2023-12-01,Werne
12811,Marc,Serrano,Marc Serrano,MALE,2023-10-25,Salzgitter
12812,Brandi,Sanz,Brandi Sanz,FEMALE,2023-05-16,Tremblay-en-France
12813,Reginald,Ramos,Reginald Ramos,MALE,2022-11-02,Dresden
12814,Casey,Sharma,Casey Sharma,FEMALE,2023-04-28,Essen
12815,Dominique,Mehta,Dominique Mehta,FEMALE,2023-10-26,München
12816,Tammy,Mehta,Tammy Mehta,FEMALE,2022-11-19,München
12817,Theodore,Suarez,Theodore Suarez,MALE,2021-11-24,Paris
12818,Curtis,She,Curtis She,MALE,2023-11-27,Drancy
12819,Nicolas,Chander,Nicolas Chander,MALE,2021-11-05,Saint Germain en Laye
12820,Derek,Tang,Derek Tang,MALE,2021-11-13,Orleans
12821,Cesar,McDonald,Cesar McDonald,MALE,2023-06-05,Roubaix
12822,Alexandra,James,Alexandra James,FEMALE,2023-11-26,Werne
12823,Bethany,She,Bethany She,FEMALE,2023-12-24,Roncq
12824,Kristopher,Subram,Kristopher Subram,MALE,2023-12-10,Paris
12825,Kelvin,Hu,Kelvin Hu,MALE,2022-11-15,Hamburg
12826,Caleb,Gonzalez,Caleb Gonzalez,MALE,2022-11-17,Kassel
12827,Nicolas,Raje,Nicolas Raje,MALE,2022-12-08,Saarbrücken
12828,Carol,Rubio,Carol Rubio,FEMALE,2023-03-18,Saarlouis
12829,Micah,Li,Micah Li,MALE,2022-12-08,Sulzbach Taunus
12830,Russell,Raje,Russell Raje,MALE,2021-11-10,Saint-Denis
12831,Kathryn,Lal,Kathryn Lal,FEMALE,2023-11-15,Poing
12832,Douglas,Prasad,Douglas Prasad,MALE,2023-03-23,Berlin
12833,Sheena,Goel,Sheena Goel,FEMALE,2022-12-24,Berlin
12834,Kelsey,Xie,Kelsey Xie,FEMALE,2021-11-18,Paris
12835,Karl,Yuan,Karl Yuan,MALE,2023-06-02,Ingolstadt
12836,Rodney,Munoz,Rodney Munoz,MALE,2023-06-10,Cheltenham
12837,Nicole,Anderson,Nicole Anderson,FEMALE,2023-02-10,Hof
12838,Ralph,Beck,Ralph Beck,MALE,2023-03-30,Neunkirchen
12839,Dominique,Fernandez,Dominique Fernandez,FEMALE,2022-10-10,Oxon
12840,Naomi,Sanz,Naomi Sanz,FEMALE,2023-02-26,Gateshead
12841,Yolanda,Xie,Yolanda Xie,FEMALE,2021-11-26,Les Ulis
12842,Kelvin,Becker,Kelvin Becker,MALE,2023-09-25,Paris
12843,Summer,Smith,Summer Smith,FEMALE,2021-11-14,Saint Ouen
12844,Gerald,Gonzalez,Gerald Gonzalez,MALE,2023-03-25,Münster
12845,Angela,Torres,Angela Torres,FEMALE,2023-05-22,Solingen
12846,Bridget,Nara,Bridget Nara,FEMALE,2022-12-21,Bottrop
12847,Colin,Chander,Colin Chander,MALE,2023-06-26,Kirkby
12848,Brittney,Lu,Brittney Lu,FEMALE,2023-05-29,Reading
12849,Adam,Baker,Adam Baker,MALE,2021-11-11,Drancy
12850,Johnny,Raji,Johnny Raji,MALE,2022-12-27,Frankfurt
12851,Brandy,Sai,Brandy Sai,FEMALE,2023-11-26,Orleans
12852,Teresa,Carlson,Teresa Carlson,FEMALE,2022-12-05,Stuttgart
12853,Evelyn,Malhotra,Evelyn Malhotra,FEMALE,2022-10-15,Gloucestershire
12854,Reginald,Romero,Reginald Romero,MALE,2022-10-01,Lancaster
12855,Philip,Diaz,Philip Diaz,MALE,2022-10-06,Leeds
12856,Rosa,Lin,Rosa Lin,FEMALE,2022-10-05,London
12857,Raul,Kumar,Raul Kumar,MALE,2022-09-29,Warrington
12858,Adriana,Mehta,Adriana Mehta,FEMALE,2022-12-16,Berlin
12859,Evelyn,Gonzalez,Evelyn Gonzalez,FEMALE,2022-10-02,Billericay
12860,Jillian,Prasad,Jillian Prasad,FEMALE,2022-11-16,Wokingham
12861,Robyn,Jimenez,Robyn Jimenez,FEMALE,2022-11-19,London
12862,Melinda,Ortega,Melinda Ortega,FEMALE,2023-10-06,Pantin
12863,Caleb,Zhang,Caleb Zhang,MALE,2022-12-08,Paderborn
12864,Michelle,Townsend,Michelle Townsend,FEMALE,2023-02-25,Billericay
12865,Brandy,Martinez,Brandy Martinez,FEMALE,2023-04-05,Reading
12866,Janelle,Fernandez,Janelle Fernandez,FEMALE,2021-11-11,Paris
12867,Laura,Ye,Laura Ye,FEMALE,2022-12-11,Paderborn
12868,Julie,Anand,Julie Anand,FEMALE,2023-03-19,Paris
12869,Alisha,Tang,Alisha Tang,FEMALE,2023-02-13,Boulogne-sur-Mer
12870,Tyrone,Munoz,Tyrone Munoz,MALE,2023-12-13,Bonn
12871,Leah,Li,Leah Li,FEMALE,2023-11-09,Bracknell
12872,Olivia,Hughes,Olivia Hughes,FEMALE,2023-11-28,Erlangen
12873,Mandar,Samant,Mandar Samant,FEMALE,2022-11-06,London
12874,Kirk,Nason,Kirk Nason,FEMALE,2022-11-13,London
12875,Brianna,Ross,Brianna Ross,FEMALE,2023-12-12,Bellingham
12876,Blake,Robinson,Blake Robinson,MALE,2024-01-12,Oakland
12877,Alexander,Williams,Alexander Williams,MALE,2023-06-13,Sedro Woolley
12878,Gilbert,Sun,Gilbert Sun,MALE,2023-02-23,Beverly Hills
12879,Elijah,Nelson,Elijah Nelson,MALE,2023-12-22,Los Angeles
12880,Luis,Hayes,Luis Hayes,MALE,2023-05-13,Port Hammond
12881,Isabella,Edwards,Isabella Edwards,FEMALE,2021-12-16,Burbank
12882,Eduardo,Allen,Eduardo Allen,MALE,2021-12-18,San Carlos
12883,Stephanie,Bailey,Stephanie Bailey,FEMALE,2021-12-13,Coronado
12884,Megan,Williams,Megan Williams,FEMALE,2021-12-04,Woodland Hills
12885,Jonathan,Anderson,Jonathan Anderson,MALE,2021-12-10,San Francisco
12886,Jocelyn,Long,Jocelyn Long,FEMALE,2021-12-17,San Diego
12887,Brendan,Pal,Brendan Pal,MALE,2023-10-20,Bellflower
12888,Melissa,Barnes,Melissa Barnes,FEMALE,2023-10-13,Lake Oswego
12889,James,Adams,James Adams,MALE,2023-10-01,Portland
12890,Steven,Thorpe,Steven Thorpe,MALE,2024-01-05,Novato
12891,Kaylee,King,Kaylee King,FEMALE,2023-12-17,Oregon City
12892,Brian,Peterson,Brian Peterson,MALE,2023-02-14,Royal Oak
12893,Brittany,Foster,Brittany Foster,FEMALE,2023-07-21,Redwood City
12894,Natalie,Walker,Natalie Walker,FEMALE,2023-07-15,Santa Cruz
12895,Destiny,Anderson,Destiny Anderson,FEMALE,2023-02-16,Burnaby
12896,Victoria,Wood,Victoria Wood,FEMALE,2023-03-30,Corvallis
12897,Alyssa,Wilson,Alyssa Wilson,FEMALE,2023-09-05,Burbank
12898,Madeline,Campbell,Madeline Campbell,FEMALE,2021-12-10,Burbank
12899,Ana,Ross,Ana Ross,FEMALE,2023-12-17,Glendale
12900,Carlos,Ward,Carlos Ward,MALE,2023-11-19,Palo Alto
12901,Robert,Adams,Robert Adams,MALE,2021-12-05,W. Linn
12902,Julia,Stewart,Julia Stewart,FEMALE,2023-07-23,Vancouver
12903,John,Sandstone,John Sandstone,FEMALE,2023-07-08,Cliffside
12904,Thomas,Jai,Thomas Jai,MALE,2021-12-22,Chula Vista
12905,Alexandra,Sanchez,Alexandra Sanchez,FEMALE,2023-08-14,Lynnwood
12906,Philip,Ramos,Philip Ramos,MALE,2023-02-16,Burien
12907,Julia,Bryant,Julia Bryant,FEMALE,2023-03-19,Kirkland
12908,Tyler,Clark,Tyler Clark,MALE,2023-03-06,Renton
12909,Kelsey,Shan,Kelsey Shan,FEMALE,2023-10-18,Berkeley
12910,Robert,Brown,Robert Brown,MALE,2023-10-06,Berkeley
12911,Sebastian,Rogers,Sebastian Rogers,MALE,2024-01-06,Burlingame
12912,Brianna,Morris,Brianna Morris,FEMALE,2021-12-27,Lake Oswego
12913,Benjamin,Moore,Benjamin Moore,MALE,2021-12-25,Renton
12914,Jill,Miller,Jill Miller,FEMALE,2023-07-06,Port Hammond
12915,Kaitlyn,Alexander,Kaitlyn Alexander,FEMALE,2021-12-10,Puyallup
12916,Natalie,Ross,Natalie Ross,FEMALE,2023-05-10,Port Hammond
12917,Vanessa,Russell,Vanessa Russell,FEMALE,2021-12-21,Woodburn
12918,Brooke,Murphy,Brooke Murphy,FEMALE,2022-01-03,Santa Monica
12919,Carlos,Hill,Carlos Hill,MALE,2023-02-12,Langford
12920,Kelly,Henderson,Kelly Henderson,FEMALE,2023-06-17,Edmonds
12921,Wyatt,Lee,Wyatt Lee,MALE,2022-01-24,Imperial Beach
12922,Jennifer,Sanders,Jennifer Sanders,FEMALE,2022-01-17,Palo Alto
12923,Fernando,Wright,Fernando Wright,MALE,2022-01-16,Mill Valley
12924,Devon,Chande,Devon Chande,MALE,2023-11-01,Beverly Hills
12925,Mackenzie,Blue,Mackenzie Blue,FEMALE,2023-03-15,Burbank
12926,Sara,Murphy,Sara Murphy,FEMALE,2022-01-22,Lakewood
12927,Savannah,Sanchez,Savannah Sanchez,FEMALE,2023-04-27,Bellflower
12928,Carol,Wright,Carol Wright,FEMALE,2023-03-19,Newton
12929,Vanessa,Bryant,Vanessa Bryant,FEMALE,2021-12-31,Corvallis
12930,Grace,Harris,Grace Harris,FEMALE,2022-01-11,Everett
12931,Ann,Fernandez,Ann Fernandez,FEMALE,2023-02-04,Chula Vista
12932,Tyler,Johnson,Tyler Johnson,MALE,2023-04-26,Colma
12933,Jonathan,Hall,Jonathan Hall,MALE,2023-06-22,Colma
12934,Jason,Foster,Jason Foster,MALE,2022-01-07,Lincoln Acres
12935,Robert,Hill,Robert Hill,MALE,2022-01-19,Newport Beach
12936,Renee,Moreno,Renee Moreno,FEMALE,2023-09-25,Cliffside
12937,Megan,Wilson,Megan Wilson,FEMALE,2023-08-04,Seattle
12938,Edward,Parker,Edward Parker,MALE,2023-02-19,Spokane
12939,Eduardo,Parker,Eduardo Parker,MALE,2023-03-22,Shawnee
12940,Steven,Rogers,Steven Rogers,MALE,2023-06-12,Santa Monica
12941,Maria,Morgan,Maria Morgan,FEMALE,2022-01-14,Lynnwood
12942,Morgan,Harris,Morgan Harris,FEMALE,2022-01-10,Downey
12943,Caleb,Perez,Caleb Perez,MALE,2023-04-25,Grossmont
12944,Jose,Jai,Jose Jai,MALE,2023-03-26,Cliffside
12945,Jessica,Bailey,Jessica Bailey,FEMALE,2023-05-17,N. Vancouver
12946,Seth,Allen,Seth Allen,MALE,2023-09-17,Puyallup
12947,Isaiah,Sanchez,Isaiah Sanchez,MALE,2021-12-30,Bellflower
12948,Adam,Kumar,Adam Kumar,MALE,2023-02-14,Glendale
12949,Morgan,Rivera,Morgan Rivera,FEMALE,2022-01-10,Salem
12950,Mary,Adams,Mary Adams,FEMALE,2022-01-26,Milwaukie
12951,Blake,Simmons,Blake Simmons,MALE,2023-03-29,W. Linn
12952,Jennifer,Hughes,Jennifer Hughes,FEMALE,2023-08-13,Lemon Grove
12953,Catherine,Cooper,Catherine Cooper,FEMALE,2023-04-18,Spokane
12954,Pedro,Diaz,Pedro Diaz,MALE,2023-05-18,Burien
12955,Theresa,Hernandez,Theresa Hernandez,FEMALE,2023-11-18,Burlingame
12956,Marshall,Sun,Marshall Sun,MALE,2023-06-29,Cincinnati
12957,Isabella,Lopez,Isabella Lopez,FEMALE,2023-05-15,Spring Valley
12958,Jennifer,Campbell,Jennifer Campbell,FEMALE,2023-09-22,Spokane
12959,Sydney,Carter,Sydney Carter,FEMALE,2023-07-09,Shawnee
12960,Ashley,Lewis,Ashley Lewis,FEMALE,2023-04-06,Torrance
12961,Kimberly,Murphy,Kimberly Murphy,FEMALE,2023-11-04,Beaverton
12962,Jennifer,Edwards,Jennifer Edwards,FEMALE,2023-10-25,Newport Beach
12963,Marcus,Anderson,Marcus Anderson,MALE,2023-12-08,Oregon City
12964,Xavier,Russell,Xavier Russell,MALE,2023-04-13,Sooke
12965,Cody,Bell,Cody Bell,MALE,2023-02-04,National City
12966,Dennis,Zhu,Dennis Zhu,MALE,2023-07-05,Beverly Hills
12967,Fernando,Rodriguez,Fernando Rodriguez,MALE,2023-06-09,Lincoln Acres
12968,Paige,Butler,Paige Butler,FEMALE,2023-11-23,W. Linn
12969,Richard,Rodriguez,Richard Rodriguez,MALE,2023-05-15,Vancouver
12970,Angela,Powell,Angela Powell,FEMALE,2023-04-30,Vancouver
12971,Carl,Nara,Carl Nara,MALE,2023-07-11,Colma
12972,Carolyn,Suri,Carolyn Suri,FEMALE,2023-05-21,Cliffside
12973,Adrian,Howard,Adrian Howard,MALE,2023-10-24,Redmond
12974,Marc,Gill,Marc Gill,MALE,2024-01-15,Chula Vista
12975,Marcus,Wilson,Marcus Wilson,MALE,2022-01-10,Coronado
12976,Hunter,Thompson,Hunter Thompson,MALE,2023-09-02,Long Beach
12977,Destiny,Johnson,Destiny Johnson,FEMALE,2023-03-06,Los Angeles
12978,Danielle,James,Danielle James,FEMALE,2023-07-05,Burbank
12979,Christina,Ward,Christina Ward,FEMALE,2023-02-20,Spokane
12980,Max,Moyer,Max Moyer,MALE,2022-01-05,Burien
12981,Joe,Sanz,Joe Sanz,MALE,2022-01-20,Burlingame
12982,Brittany,Patterson,Brittany Patterson,FEMALE,2023-08-30,Coronado
12983,Gabriella,Carter,Gabriella Carter,FEMALE,2023-03-03,Imperial Beach
12984,Adam,Young,Adam Young,MALE,2023-02-03,Royal Oak
12985,Hailey,Roberts,Hailey Roberts,FEMALE,2023-07-19,Long Beach
12986,Rachel,Garcia,Rachel Garcia,FEMALE,2023-03-06,Port Hammond
12987,Felicia,Moreno,Felicia Moreno,FEMALE,2022-04-16,Sunbury
12988,Barbara,Goel,Barbara Goel,FEMALE,2022-03-31,Lane Cove
12989,Carly,Goel,Carly Goel,FEMALE,2022-03-31,Darlinghurst
12990,Leslie,Hernandez,Leslie Hernandez,FEMALE,2022-04-17,Hervey Bay
12991,Jésus,Serrano,Jésus Serrano,MALE,2022-04-17,Darlinghurst
12992,Ernest,Zeng,Ernest Zeng,MALE,2023-03-23,Perth
12993,Xavier,Henderson,Xavier Henderson,MALE,2023-04-05,Hobart
12994,Anna,Martinez,Anna Martinez,FEMALE,2022-04-27,Townsville
12995,Grant,Nara,Grant Nara,MALE,2022-04-16,Port Macquarie
12996,Jaclyn,Liu,Jaclyn Liu,FEMALE,2022-04-21,Cloverdale
12997,Nina,Xie,Nina Xie,FEMALE,2023-07-05,Darlinghurst
12998,Mayra,Mehta,Mayra Mehta,FEMALE,2022-03-31,Matraville
12999,Nichole,Shen,Nichole Shen,FEMALE,2022-04-22,Malabar
13000,Rafael,Raje,Rafael Raje,MALE,2022-04-09,Hobart
13001,Clarence,Zhang,Clarence Zhang,MALE,2022-04-23,Sunbury
13002,Roger,Cai,Roger Cai,MALE,2023-02-25,Rhodes
13003,Jill,Hernandez,Jill Hernandez,FEMALE,2023-03-11,Hervey Bay
13004,Randy,Chen,Randy Chen,MALE,2023-06-22,Darlinghurst
13005,Desiree,Alvarez,Desiree Alvarez,FEMALE,2023-08-15,Gold Coast
13006,Whitney,Rana,Whitney Rana,FEMALE,2022-04-23,Geelong
13007,Brooke,Ward,Brooke Ward,FEMALE,2022-04-05,Townsville
13008,Alberto,Muñoz,Alberto Muñoz,MALE,2023-08-17,Geelong
13009,Mindy,She,Mindy She,FEMALE,2023-09-17,Melbourne
13010,Erica,Ye,Erica Ye,FEMALE,2022-04-27,Townsville
13011,Anne,Ortega,Anne Ortega,FEMALE,2022-04-19,Geelong
13012,Krystal,Hu,Krystal Hu,FEMALE,2022-04-19,Goulburn
13013,Vincent,Ye,Vincent Ye,MALE,2023-09-27,Rockhampton
13014,James,Clark,James Clark,MALE,2023-05-06,Edmonds
13015,Rebecca,Parker,Rebecca Parker,FEMALE,2023-01-28,Lake Oswego
13016,Antonio,Bryant,Antonio Bryant,MALE,2022-01-11,Walla Walla
13017,Xavier,Alexander,Xavier Alexander,MALE,2023-08-19,Concord
13018,Brendan,Xie,Brendan Xie,MALE,2022-03-30,Matraville
13019,Destiny,Murphy,Destiny Murphy,FEMALE,2022-01-12,San Carlos
13020,Madalena,Sanchez,Madalena Sanchez,MALE,2022-04-01,Lavender Bay
13021,Kendra,Diaz,Kendra Diaz,FEMALE,2022-04-17,Milsons Point
13022,Rafael,Ma,Rafael Ma,MALE,2022-03-31,East Brisbane
13023,Dominique,Raman,Dominique Raman,FEMALE,2023-09-07,Malabar
13024,Marc,Moreno,Marc Moreno,MALE,2022-04-16,Seaford
13025,Reginald,Serrano,Reginald Serrano,MALE,2022-04-11,Wollongong
13026,Colleen,Zheng,Colleen Zheng,FEMALE,2023-06-27,Milsons Point
13027,Jeremy,Patterson,Jeremy Patterson,MALE,2023-08-11,Port Hammond
13028,Dalton,Thompson,Dalton Thompson,MALE,2023-12-22,Lynnwood
13029,Jennifer,Foster,Jennifer Foster,FEMALE,2022-01-20,Port Orchard
13030,Sophia,Lopez,Sophia Lopez,FEMALE,2023-09-09,Coronado
13031,Hunter,Shan,Hunter Shan,MALE,2023-03-25,Lemon Grove
13032,Kevin,Baker,Kevin Baker,MALE,2021-12-31,National City
13033,Xavier,Gonzalez,Xavier Gonzalez,MALE,2024-01-17,Oakland
13034,Kelsey,Yuan,Kelsey Yuan,FEMALE,2023-06-07,Goulburn
13035,Kristy,Torres,Kristy Torres,FEMALE,2022-04-21,Rockhampton
13036,Virginia,Subram,Virginia Subram,FEMALE,2022-04-08,Rhodes
13037,Terrence,Pal,Terrence Pal,MALE,2023-04-28,Milsons Point
13038,Wilson,Pais,Wilson Pais,MALE,2022-04-11,Lane Cove
13039,Trisha,Ma,Trisha Ma,FEMALE,2021-12-31,Coronado
13040,Roy,Gonzalez,Roy Gonzalez,MALE,2023-11-20,East Brisbane
13041,Cameron,Brown,Cameron Brown,MALE,2023-04-04,Melbourne
13042,Alison,Pal,Alison Pal,FEMALE,2023-05-23,Gold Coast
13043,Brenda,Madan,Brenda Madan,FEMALE,2023-04-11,Cranbourne
13044,Katrina,Jai,Katrina Jai,FEMALE,2023-07-24,Geelong
13045,Anne,Gomez,Anne Gomez,FEMALE,2023-04-10,Sunbury
13046,Jonathan,Rodriguez,Jonathan Rodriguez,MALE,2023-03-19,Brisbane
13047,Rodney,Vazquez,Rodney Vazquez,MALE,2023-08-25,Sunbury
13048,Alexis,Hayes,Alexis Hayes,FEMALE,2023-05-28,Melbourne
13049,Autumn,Wang,Autumn Wang,FEMALE,2022-04-22,Gold Coast
13050,Dennis,Zeng,Dennis Zeng,MALE,2022-04-19,Cloverdale
13051,Ethan,Jones,Ethan Jones,MALE,2022-04-11,Goulburn
13052,Jared,Morris,Jared Morris,MALE,2023-05-05,Beaverton
13053,Vincent,Lu,Vincent Lu,MALE,2023-03-07,Bellingham
13054,Bryce,Ward,Bryce Ward,MALE,2023-12-12,Burien
13055,Patrick,Gray,Patrick Gray,MALE,2022-01-13,Lebanon
13056,Morgan,Blue,Morgan Blue,FEMALE,2022-01-06,Woodburn
13057,Destiny,Powell,Destiny Powell,FEMALE,2022-01-06,Berkeley
13058,Ramon,Huang,Ramon Huang,MALE,2022-01-17,Chula Vista
13059,Keith,Deng,Keith Deng,MALE,2022-01-01,Colma
13060,Eugene,Zhu,Eugene Zhu,MALE,2022-01-04,Concord
13061,Ethan,Anderson,Ethan Anderson,MALE,2023-09-06,Oakland
13062,Eduardo,Williams,Eduardo Williams,MALE,2021-12-29,Olympia
13063,Jessica,Johnson,Jessica Johnson,FEMALE,2022-01-08,Olympia
13064,Dalton,Parker,Dalton Parker,MALE,2022-01-19,Bremerton
13065,Morgan,Gonzalez,Morgan Gonzalez,FEMALE,2023-06-07,Oak Bay
13066,Carson,Perry,Carson Perry,MALE,2022-01-16,Lake Oswego
13067,Olivia,Garcia,Olivia Garcia,FEMALE,2022-01-19,Burien
13068,Alexandria,Morris,Alexandria Morris,FEMALE,2022-01-09,Bellflower
13069,Adam,Green,Adam Green,MALE,2022-01-14,Bellingham
13070,Emma,Clark,Emma Clark,FEMALE,2023-03-18,Lake Oswego
13071,Thomas,Walker,Thomas Walker,MALE,2023-05-28,Victoria
13072,Emma,Rogers,Emma Rogers,FEMALE,2023-06-29,Lebanon
13073,Sydney,Lopez,Sydney Lopez,FEMALE,2023-11-06,Santa Cruz
13074,Grace,Hughes,Grace Hughes,FEMALE,2023-05-02,Spring Valley
13075,Kelvin,Lin,Kelvin Lin,MALE,2022-04-21,Bendigo
13076,Craig,Munoz,Craig Munoz,MALE,2022-04-21,Perth
13077,Alejandro,Goel,Alejandro Goel,MALE,2022-04-22,Rhodes
13078,Michele,Chande,Michele Chande,FEMALE,2022-04-06,Silverwater
13079,Edwin,Bhat,Edwin Bhat,MALE,2022-04-24,South Melbourne
13080,Denise,Mehta,Denise Mehta,FEMALE,2022-05-05,Perth
13081,Krista,Ruiz,Krista Ruiz,FEMALE,2022-05-27,Hervey Bay
13082,Juan,Peterson,Juan Peterson,MALE,2022-05-07,Cranbourne
13083,Jordyn,Butler,Jordyn Butler,FEMALE,2022-01-11,Walla Walla
13084,Luis,Hughes,Luis Hughes,MALE,2023-06-09,Oak Bay
13085,Daniel,Harris,Daniel Harris,MALE,2022-01-01,Bremerton
13086,Blake,Nelson,Blake Nelson,MALE,2022-01-24,Lynnwood
13087,Jeremy,Collins,Jeremy Collins,MALE,2022-01-26,Oregon City
13088,Megan,Powell,Megan Powell,FEMALE,2022-01-28,Sedro Woolley
13089,Elizabeth,Alexander,Elizabeth Alexander,FEMALE,2022-05-19,Townsville
13090,Wayne,Tang,Wayne Tang,MALE,2022-06-22,Townsville
13091,Deanna,Martin,Deanna Martin,FEMALE,2022-06-24,Caloundra
13092,William,Walker,William Walker,MALE,2023-02-26,Palo Alto
13093,Michelle,James,Michelle James,FEMALE,2022-01-02,Olympia
13094,Antonio,Diaz,Antonio Diaz,MALE,2024-01-09,Woodland Hills
13095,Jordan,Griffin,Jordan Griffin,MALE,2023-02-09,Shawnee
13096,Jonathan,Chen,Jonathan Chen,MALE,2023-10-15,Haney
13097,Dalton,Hughes,Dalton Hughes,MALE,2023-04-08,Colma
13098,Miguel,Russell,Miguel Russell,MALE,2023-05-08,Everett
13099,Jay,Romero,Jay Romero,MALE,2023-05-03,Campbellsville
13100,Jeremy,Perez,Jeremy Perez,MALE,2023-04-17,Novato
13101,Alex,Sanchez,Alex Sanchez,MALE,2023-04-03,Langley
13102,Mariah,Bryant,Mariah Bryant,FEMALE,2023-04-08,Milwaukie
13103,Brendan,Raji,Brendan Raji,MALE,2022-06-26,Geelong
13104,Gregory,Becker,Gregory Becker,MALE,2022-06-10,Darlinghurst
13105,Whitney,Kovár,Whitney Kovár,FEMALE,2022-06-10,Bendigo
13106,Ebony,Munoz,Ebony Munoz,FEMALE,2022-06-16,Malabar
13107,Mary,Nelson,Mary Nelson,FEMALE,2022-06-03,Brisbane
13108,Curtis,Wang,Curtis Wang,MALE,2022-06-18,Bendigo
13109,Cheryl,Navarro,Cheryl Navarro,FEMALE,2022-06-18,Caloundra
13110,Levi,Mehta,Levi Mehta,MALE,2022-06-04,Lane Cove
13111,Hannah,Butler,Hannah Butler,FEMALE,2022-06-29,Wollongong
13112,Bianca,Gao,Bianca Gao,FEMALE,2022-06-10,North Sydney
13113,Bryant,Sanchez,Bryant Sanchez,MALE,2022-06-15,Goulburn
13114,Claudia,Zhang,Claudia Zhang,FEMALE,2022-05-31,Milsons Point
13115,Clarence,Wu,Clarence Wu,MALE,2022-06-26,North Sydney
13116,Tyrone,Diaz,Tyrone Diaz,MALE,2023-03-14,North Sydney
13117,Evelyn,Rodriguez,Evelyn Rodriguez,FEMALE,2022-06-02,Sydney
13118,Sydney,Cook,Sydney Cook,FEMALE,2022-06-22,Cranbourne
13119,Jaclyn,Guo,Jaclyn Guo,FEMALE,2022-06-11,Caloundra
13120,Levi,Weber,Levi Weber,MALE,2023-02-13,Lavender Bay
13121,Latasha,Jimenez,Latasha Jimenez,FEMALE,2023-04-06,Melton
13122,Catherine,Cox,Catherine Cox,FEMALE,2022-06-12,Bendigo
13123,Kelli,Raji,Kelli Raji,FEMALE,2022-06-14,Coffs Harbour
13124,Marco,Vance,Marco Vance,MALE,2023-10-30,Hawthorne
13125,Alejandro,Hu,Alejandro Hu,MALE,2023-05-19,Melbourne
13126,Lydia,Suri,Lydia Suri,FEMALE,2022-06-07,Melton
13127,Shane,Fernandez,Shane Fernandez,MALE,2023-06-19,Melton
13128,Colleen,West,Colleen West,FEMALE,2022-06-29,Springwood
13129,Joy,Ramos,Joy Ramos,FEMALE,2022-06-18,Sunbury
13130,Dalton,Miller,Dalton Miller,MALE,2022-06-25,Bendigo
13131,Briana,Diaz,Briana Diaz,FEMALE,2022-06-23,Melton
13132,Casey,Vazquez,Casey Vazquez,MALE,2022-06-08,Sydney
13133,Devon,Kennedy,Devon Kennedy,MALE,2022-06-14,North Sydney
13134,Sara,Morgan,Sara Morgan,FEMALE,2022-06-17,Townsville
13135,Johnny,Rai,Johnny Rai,MALE,2022-06-08,Springwood
13136,Virginia,Martinez,Virginia Martinez,FEMALE,2023-06-22,Hawthorne
13137,Jacqueline,Simmons,Jacqueline Simmons,FEMALE,2023-03-26,Melton
13138,Teresa,Alonso,Teresa Alonso,FEMALE,2023-02-02,South Melbourne
13139,Carmen,Perez,Carmen Perez,FEMALE,2022-06-09,Lane Cove
13140,Jamie,Zhu,Jamie Zhu,FEMALE,2023-07-23,Findon
13141,Walter,Hernandez,Walter Hernandez,MALE,2023-10-15,Silverwater
13142,Xavier,Moore,Xavier Moore,MALE,2021-12-31,Novato
13143,Hannah,Jackson,Hannah Jackson,FEMALE,2023-08-02,Langford
13144,Destiny,Stewart,Destiny Stewart,FEMALE,2023-03-06,Royal Oak
13145,Gilbert,Xu,Gilbert Xu,MALE,2023-11-04,Cheektowaga
13146,Gabriella,Ramirez,Gabriella Ramirez,FEMALE,2023-05-18,Beaverton
13147,Cedric,Lin,Cedric Lin,MALE,2023-06-06,Burbank
13148,Tyler,Anderson,Tyler Anderson,MALE,2023-03-18,Westminster
13149,Linda,Ferrier,Linda Ferrier,FEMALE,2023-04-07,Gold Coast
13150,Lacey,Yang,Lacey Yang,FEMALE,2023-07-02,North Ryde
13151,Ethan,Moore,Ethan Moore,MALE,2023-12-04,Long Beach
13152,Gabrielle,Butler,Gabrielle Butler,FEMALE,2022-01-14,Oakland
13153,Jack,Hill,Jack Hill,MALE,2023-02-12,Burien
13154,Aaron,Lal,Aaron Lal,MALE,2023-11-05,Edmonds
13155,Jay,Gutierrez,Jay Gutierrez,MALE,2023-03-13,South Melbourne
13156,Bradley,Lal,Bradley Lal,MALE,2022-06-18,Caloundra
13157,Heidi,Gonzalez,Heidi Gonzalez,FEMALE,2023-08-30,Findon
13158,Casey,Xu,Casey Xu,FEMALE,2023-02-05,Springwood
13159,Roberto,Ramos,Roberto Ramos,MALE,2023-07-27,Sunbury
13160,Willie,Xu,Willie Xu,MALE,2022-06-24,Warrnambool
13161,Jose,Moore,Jose Moore,MALE,2022-01-09,Corvallis
13162,Nina,Nath,Nina Nath,FEMALE,2023-07-16,Concord
13163,Noah,Lopez,Noah Lopez,MALE,2023-05-30,Daly City
13164,Olivia,Ward,Olivia Ward,FEMALE,2023-06-30,Downey
13165,Wyatt,Walker,Wyatt Walker,MALE,2022-01-14,Lakewood
13166,Kyle,Chen,Kyle Chen,MALE,2023-03-22,National City
13167,Mario,Tang,Mario Tang,MALE,2023-11-06,Concord
13168,Hannah,Price,Hannah Price,FEMALE,2023-09-26,Santa Monica
13169,Caleb,Griffin,Caleb Griffin,MALE,2023-06-05,Milwaukie
13170,Sebastian,Reed,Sebastian Reed,MALE,2023-03-28,Beverly Hills
13171,Catherine,Torres,Catherine Torres,FEMALE,2023-01-30,National City
13172,Isabella,Cook,Isabella Cook,FEMALE,2023-10-06,Lynnwood
13173,Dalton,Brooks,Dalton Brooks,MALE,2022-01-09,Corvallis
13174,Gabriella,Morris,Gabriella Morris,FEMALE,2022-01-17,Lake Oswego
13175,Noah,Smith,Noah Smith,MALE,2023-06-25,N. Vancouver
13176,Kurt,Chander,Kurt Chander,MALE,2022-01-28,Berkeley
13177,Taylor,Rogers,Taylor Rogers,FEMALE,2022-01-27,Milwaukie
13178,Megan,Gray,Megan Gray,FEMALE,2022-01-10,Woodburn
13179,Adrian,Sanchez,Adrian Sanchez,MALE,2023-04-15,Sooke
13180,Leslie,Sanz,Leslie Sanz,FEMALE,2023-05-14,Burien
13181,Brian,Morgan,Brian Morgan,MALE,2023-03-17,Imperial Beach
13182,Jeremy,Bennett,Jeremy Bennett,MALE,2023-09-22,Olympia
13183,Christian,Jenkins,Christian Jenkins,MALE,2023-03-12,Spokane
13184,Miguel,Perez,Miguel Perez,MALE,2023-10-17,Lebanon
13185,William,Lee,William Lee,MALE,2023-03-17,Langley
13186,Marcus,Sanders,Marcus Sanders,MALE,2023-05-09,Chula Vista
13187,Evan,Wright,Evan Wright,MALE,2023-04-30,Fremont
13188,Anthony,Davis,Anthony Davis,MALE,2023-10-12,Puyallup
13189,Gloria,Romero,Gloria Romero,FEMALE,2022-01-20,Concord
13190,Jonathan,Diaz,Jonathan Diaz,MALE,2022-01-10,Burbank
13191,Emma,Rodriguez,Emma Rodriguez,FEMALE,2023-08-30,Redwood City
13192,Hunter,Martinez,Hunter Martinez,MALE,2023-11-09,San Carlos
13193,Kevin,Evans,Kevin Evans,MALE,2023-07-06,Mill Valley
13194,Kevin,Carter,Kevin Carter,MALE,2023-09-19,Burlingame
13195,Aaron,Perry,Aaron Perry,MALE,2023-04-09,San Francisco
13196,Kimberly,Sanders,Kimberly Sanders,FEMALE,2023-10-08,Issaquah
13197,Katherine,Smith,Katherine Smith,FEMALE,2023-04-07,N. Vancouver
13198,Cindy,Gray,Cindy Gray,FEMALE,2023-02-23,Metchosin
13199,Timothy,Stewart,Timothy Stewart,MALE,2023-01-28,Vancouver
13200,Jessica,Miller,Jessica Miller,FEMALE,2023-11-10,San Diego
13201,Nicholas,Davis,Nicholas Davis,MALE,2023-07-16,Sooke
13202,Natasha,Romero,Natasha Romero,FEMALE,2022-01-08,Colma
13203,Bailey,Bell,Bailey Bell,FEMALE,2022-01-28,Olympia
13204,Savannah,Parker,Savannah Parker,FEMALE,2023-11-04,Imperial Beach
13205,Jerome,Torres,Jerome Torres,MALE,2022-01-19,Canoga Park
13206,Emily,Flores,Emily Flores,FEMALE,2023-02-17,Vancouver
13207,Kenneth,Rai,Kenneth Rai,MALE,2023-10-06,Chula Vista
13208,Cassidy,Bryant,Cassidy Bryant,FEMALE,2021-12-31,Concord
13209,Alexandria,Bailey,Alexandria Bailey,FEMALE,2023-08-31,Langford
13210,Ethan,Simmons,Ethan Simmons,MALE,2021-12-31,Redwood City
13211,James,Jai,James Jai,MALE,2024-01-19,Beaverton
13212,Logan,Phillips,Logan Phillips,MALE,2022-01-27,Long Beach
13213,Courtney,King,Courtney King,FEMALE,2023-03-08,Walla Walla
13214,Elijah,Adams,Elijah Adams,MALE,2022-01-11,Seattle
13215,Colleen,Sharma,Colleen Sharma,FEMALE,2023-08-12,Carrollton
13216,Mary,Mitchell,Mary Mitchell,FEMALE,2023-05-08,Fremont
13217,Julian,Alexander,Julian Alexander,MALE,2023-09-17,Langford
13218,Melissa,Bryant,Melissa Bryant,FEMALE,2023-11-02,Chula Vista
13219,Rafael,Shan,Rafael Shan,MALE,2023-10-05,Concord
13220,Isabella,Hernandez,Isabella Hernandez,FEMALE,2021-12-31,Newport Beach
13221,Madeline,Hall,Madeline Hall,FEMALE,2022-01-18,Lincoln Acres
13222,Arturo,Liu,Arturo Liu,MALE,2023-03-22,Cliffside
13223,Noah,Lee,Noah Lee,MALE,2023-10-25,Imperial Beach
13224,Amanda,Brooks,Amanda Brooks,FEMALE,2022-01-22,Kirkland
13225,Jésus,Suarez,Jésus Suarez,MALE,2022-01-09,Berkeley
13226,Jenna,Mitchell,Jenna Mitchell,FEMALE,2022-01-04,Walla Walla
13227,Alexander,Wilson,Alexander Wilson,MALE,2023-04-14,Chula Vista
13228,Thomas,Sanchez,Thomas Sanchez,MALE,2023-07-26,Colma
13229,Dylan,Wang,Dylan Wang,MALE,2023-07-03,Woodburn
13230,Chloe,Bryant,Chloe Bryant,FEMALE,2022-01-14,Olympia
13231,Alexia,Ross,Alexia Ross,FEMALE,2023-04-24,Langley
13232,Kaitlyn,Baker,Kaitlyn Baker,FEMALE,2023-09-07,Lebanon
13233,Richard,Coleman,Richard Coleman,MALE,2022-02-19,Marysville
13234,Robert,Lewis,Robert Lewis,MALE,2023-01-31,Puyallup
13235,Jonathan,Robinson,Jonathan Robinson,MALE,2023-02-18,Woodburn
13236,Robert,Wang,Robert Wang,MALE,2023-10-20,Beverly Hills
13237,Devin,Stewart,Devin Stewart,MALE,2022-02-16,Torrance
13238,John,Williams,John Williams,MALE,2022-02-06,Torrance
13239,Matthew,Thomas,Matthew Thomas,MALE,2023-05-24,N. Vancouver
13240,Blake,Foster,Blake Foster,MALE,2023-08-31,Chula Vista
13241,Natalie,Ward,Natalie Ward,FEMALE,2023-09-04,Victoria
13242,Kyle,Yang,Kyle Yang,MALE,2023-10-09,Los Angeles
13243,Alyssa,Davis,Alyssa Davis,FEMALE,2022-02-05,Lake Oswego
13244,Jose,Sharma,Jose Sharma,MALE,2023-10-10,Puyallup
13245,Angel,Scott,Angel Scott,MALE,2023-07-07,Salem
13246,Hailey,Perez,Hailey Perez,FEMALE,2022-01-29,Long Beach
13247,Zachary,Chen,Zachary Chen,MALE,2022-02-13,Burbank
13248,Isabella,Martinez,Isabella Martinez,FEMALE,2022-01-30,Edmonds
13249,Ryan,Perry,Ryan Perry,MALE,2023-04-10,Shawnee
13250,Jordan,King,Jordan King,FEMALE,2022-02-20,Santa Cruz
13251,Raymond,Malhotra,Raymond Malhotra,MALE,2022-11-01,Esher-Molesey
13252,Bianca,Lu,Bianca Lu,FEMALE,2022-11-10,London
13253,Carly,Xie,Carly Xie,FEMALE,2022-11-02,London
13254,Beth,Gomez,Beth Gomez,FEMALE,2022-12-11,Milton Keynes
13255,Lance,Blanco,Lance Blanco,MALE,2022-12-02,Saarbrücken
13256,Abby,Subram,Abby Subram,FEMALE,2022-12-13,Essen
13257,Jon,Chander,Jon Chander,MALE,2021-01-13,Hof
13258,Anne,Dominguez,Anne Dominguez,FEMALE,2021-01-05,Kassel
13259,Allen,Garcia,Allen Garcia,MALE,2021-01-23,Münster
13260,James,Flores,James Flores,MALE,2021-01-17,Neunkirchen
13261,Lindsey,Andersen,Lindsey Andersen,FEMALE,2021-01-08,Paderborn
13262,Jaime,Nara,Jaime Nara,MALE,2023-03-22,High Wycombe
13263,Kate,Anand,Kate Anand,FEMALE,2021-11-13,Roncq
13264,Melanie,Sanchez,Melanie Sanchez,FEMALE,2021-01-03,Ingolstadt
13265,Luke,Adams,Luke Adams,MALE,2021-01-11,Paderborn
13266,Samuel,Wang,Samuel Wang,MALE,2023-03-20,Long Beach
13267,Matthew,Moore,Matthew Moore,MALE,2023-04-11,Haney
13268,Katherine,Parker,Katherine Parker,FEMALE,2023-02-13,Victoria
13269,Rachel,Martin,Rachel Martin,FEMALE,2022-02-12,Lynnwood
13270,Mason,Baker,Mason Baker,MALE,2023-09-27,Cliffside
13271,Ryan,Anderson,Ryan Anderson,MALE,2023-09-15,Port Hammond
13272,Jordan,Gonzalez,Jordan Gonzalez,FEMALE,2023-10-29,Oregon City
13273,Elizabeth,Lee,Elizabeth Lee,FEMALE,2022-02-25,Coronado
13274,Joshua,Lee,Joshua Lee,MALE,2022-01-31,Ballard
13275,Carlos,Murphy,Carlos Murphy,MALE,2023-02-10,Everett
13276,Sarah,Johnson,Sarah Johnson,FEMALE,2023-12-04,Everett
13277,Nathan,Brown,Nathan Brown,MALE,2022-02-16,Salem
13278,Jorge,Hu,Jorge Hu,MALE,2022-02-26,Chula Vista
13279,Rachel,Howard,Rachel Howard,FEMALE,2022-02-02,Palo Alto
13280,Bailey,Adams,Bailey Adams,FEMALE,2022-02-22,Kirkland
13281,Brent,Li,Brent Li,MALE,2024-01-10,Burbank
13282,Madison,Price,Madison Price,FEMALE,2023-11-27,Burlingame
13283,Dakota,Griffin,Dakota Griffin,MALE,2022-02-05,Lebanon
13284,Victoria,Butler,Victoria Butler,FEMALE,2023-04-03,Langford
13285,Kara,Chavez,Kara Chavez,FEMALE,2023-02-06,Cliffside
13286,Hannah,Rodriguez,Hannah Rodriguez,FEMALE,2022-02-10,Milwaukie
13287,Brandon,Rodriguez,Brandon Rodriguez,MALE,2022-02-11,Burbank
13288,Jackson,Lopez,Jackson Lopez,MALE,2022-02-26,Grossmont
13289,Alexandria,Coleman,Alexandria Coleman,FEMALE,2023-07-09,Cliffside
13290,Jordan,Campbell,Jordan Campbell,MALE,2023-04-21,Sooke
13291,Nina,Xu,Nina Xu,FEMALE,2023-05-25,Branson
13292,Paula,Carlson,Paula Carlson,FEMALE,2022-02-18,Burien
13293,Barbara,Lu,Barbara Lu,FEMALE,2023-07-20,Chula Vista
13294,Cassidy,Hughes,Cassidy Hughes,FEMALE,2023-10-06,Edmonds
13295,Jasmine,Jackson,Jasmine Jackson,FEMALE,2024-01-23,Portland
13296,Seth,Anderson,Seth Anderson,MALE,2023-03-27,Beverly Hills
13297,Arthur,Rubio,Arthur Rubio,MALE,2023-07-26,Chula Vista
13298,Anna,Harris,Anna Harris,FEMALE,2022-02-19,Lincoln Acres
13299,Vanessa,Ross,Vanessa Ross,FEMALE,2022-02-25,Palo Alto
13300,Timothy,Hernandez,Timothy Hernandez,MALE,2023-08-30,Redmond
13301,Angela,Stewart,Angela Stewart,FEMALE,2023-09-15,Sedro Woolley
13302,Cole,Torres,Cole Torres,MALE,2023-03-01,Oakland
13303,Jonathan,Martinez,Jonathan Martinez,MALE,2023-05-03,Oak Bay
13304,Sara,Peterson,Sara Peterson,FEMALE,2022-02-26,Tacoma
13305,Oscar,Alexander,Oscar Alexander,MALE,2023-05-04,Puyallup
13306,Kaitlyn,Cox,Kaitlyn Cox,FEMALE,2023-12-16,Santa Monica
13307,Michelle,Stone,Michelle Stone,FEMALE,2023-06-04,Downey
13308,Kaitlyn,King,Kaitlyn King,FEMALE,2023-04-27,Walla Walla
13309,Angela,Sanders,Angela Sanders,FEMALE,2023-04-19,El Cajon
13310,Miguel,Barnes,Miguel Barnes,MALE,2023-03-13,Puyallup
13311,Isabella,Reed,Isabella Reed,FEMALE,2023-12-25,Renton
13312,Natalie,Jenkins,Natalie Jenkins,FEMALE,2023-07-22,Chula Vista
13313,Megan,Stone,Megan Stone,FEMALE,2023-03-13,Glendale
13314,Jordan,Hernandez,Jordan Hernandez,MALE,2022-02-16,Grossmont
13315,Lucas,Thomas,Lucas Thomas,MALE,2022-02-25,Imperial Beach
13316,Angel,Rivera,Angel Rivera,MALE,2022-02-24,Bellflower
13317,Jeremiah,Long,Jeremiah Long,MALE,2023-11-23,Los Angeles
13318,Amber,Perez,Amber Perez,FEMALE,2023-02-12,Sooke
13319,Charles,Howard,Charles Howard,MALE,2022-02-02,Marysville
13320,Jasmine,Jones,Jasmine Jones,FEMALE,2023-02-26,Grossmont
13321,Arianna,Barnes,Arianna Barnes,FEMALE,2023-12-30,Portland
13322,Elizabeth,Patterson,Elizabeth Patterson,FEMALE,2023-05-09,Olympia
13323,Adam,Adams,Adam Adams,MALE,2023-12-13,Newport Beach
13324,Florian,Stiller,Florian Stiller,FEMALE,2022-02-07,Santa Monica
13325,Marcus,Wright,Marcus Wright,MALE,2022-02-04,Burbank
13326,Bob,Fernandez,Bob Fernandez,MALE,2022-02-04,Beverly Hills
13327,Isabelle,Russell,Isabelle Russell,FEMALE,2023-07-20,Bellingham
13328,Albert,Serrano,Albert Serrano,MALE,2023-04-13,Cliffside
13329,Jake,Wang,Jake Wang,MALE,2022-02-11,Chula Vista
13330,Maria,Patterson,Maria Patterson,FEMALE,2023-04-02,Shawnee
13331,Lauren,Diaz,Lauren Diaz,FEMALE,2023-07-12,Imperial Beach
13332,Neil,Alonso,Neil Alonso,MALE,2023-10-17,Colma
13333,Tara,Chander,Tara Chander,FEMALE,2023-09-24,Concord
13334,Melanie,Rivera,Melanie Rivera,FEMALE,2023-07-31,Beaverton
13335,Alyssa,Barnes,Alyssa Barnes,FEMALE,2023-11-30,Lakewood
13336,Deanna,Gill,Deanna Gill,FEMALE,2023-04-08,Colma
13337,Lauren,Cox,Lauren Cox,FEMALE,2023-06-06,Sedro Woolley
13338,Jada,Carter,Jada Carter,FEMALE,2024-01-26,Santa Cruz
13339,Nicole,Clark,Nicole Clark,FEMALE,2023-02-09,Santa Cruz
13340,Natalie,Edwards,Natalie Edwards,FEMALE,2022-02-18,Berkeley
13341,Lucas,King,Lucas King,MALE,2023-02-15,Long Beach
13342,Brandon,Jackson,Brandon Jackson,MALE,2023-11-07,Coronado
13343,Melanie,Bradley,Melanie Bradley,FEMALE,2023-05-06,Westminster
13344,Caitlin,Reed,Caitlin Reed,FEMALE,2023-05-02,Puyallup
13345,Dalton,Butler,Dalton Butler,MALE,2023-05-22,N. Vancouver
13346,Gregory,Chande,Gregory Chande,MALE,2022-02-18,Beaverton
13347,Rachel,Hall,Rachel Hall,FEMALE,2023-06-05,Novato
13348,Noah,Young,Noah Young,MALE,2022-02-05,Lincoln Acres
13349,Kaitlyn,Gonzalez,Kaitlyn Gonzalez,FEMALE,2023-02-13,Newport Beach
13350,Isaac,Sandberg,Isaac Sandberg,MALE,2023-04-18,Shawnee
13351,Mariah,Cox,Mariah Cox,FEMALE,2022-02-19,Issaquah
13352,Joseph,Davis,Joseph Davis,MALE,2023-06-21,La Jolla
13353,Jordyn,Coleman,Jordyn Coleman,FEMALE,2022-02-22,Lynnwood
13354,Eric,Campbell,Eric Campbell,MALE,2022-02-25,Seattle
13355,Jackson,Jai,Jackson Jai,MALE,2022-02-12,Puyallup
13356,Stefanie,Prasad,Stefanie Prasad,FEMALE,2023-10-16,Bellingham
13357,Blake,Gonzales,Blake Gonzales,MALE,2022-02-05,El Cajon
13358,Alexandra,Edwards,Alexandra Edwards,FEMALE,2023-09-20,Metchosin
13359,Ian,Wood,Ian Wood,MALE,2022-01-30,Downey
13360,Jada,Cook,Jada Cook,FEMALE,2023-02-04,Concord
13361,Cameron,Jai,Cameron Jai,MALE,2022-02-25,Lake Oswego
13362,Destiny,Morgan,Destiny Morgan,FEMALE,2022-02-04,Bellflower
13363,Sydney,Allen,Sydney Allen,FEMALE,2023-02-28,Woodburn
13364,Natalie,Anderson,Natalie Anderson,FEMALE,2023-05-15,Bellflower
13365,Luke,Shan,Luke Shan,MALE,2023-09-11,Concord
13366,Austin,Davis,Austin Davis,MALE,2023-05-26,Westminster
13367,Savannah,Edwards,Savannah Edwards,FEMALE,2022-02-27,Lynnwood
13368,Kyle,Henderson,Kyle Henderson,MALE,2023-10-26,Renton
13369,Mariah,Henderson,Mariah Henderson,FEMALE,2022-02-02,Edmonds
13370,Blake,Ross,Blake Ross,MALE,2023-11-18,Oregon City
13371,Sydney,Gonzales,Sydney Gonzales,FEMALE,2023-08-06,Salem
13372,Isaac,Edwards,Isaac Edwards,MALE,2023-02-04,Yakima
13373,Michelle,Murphy,Michelle Murphy,FEMALE,2023-03-31,Beverly Hills
13374,Marco,Martinez,Marco Martinez,MALE,2023-10-13,Burlingame
13375,Jason,Kumar,Jason Kumar,MALE,2023-12-03,Colma
13376,Jerry,Rai,Jerry Rai,MALE,2023-09-26,Concord
13377,Thomas,Hernandez,Thomas Hernandez,MALE,2023-05-01,Santa Cruz
13378,Alexandra,Bailey,Alexandra Bailey,FEMALE,2022-01-31,Woodland Hills
13379,Bailey,Morris,Bailey Morris,FEMALE,2023-07-17,Sedro Woolley
13380,Katherine,Scott,Katherine Scott,FEMALE,2022-02-01,Bellflower
13381,Vanessa,Jenkins,Vanessa Jenkins,FEMALE,2023-07-24,Coronado
13382,Richard,Rogers,Richard Rogers,MALE,2022-02-12,Santa Monica
13383,Natalie,Wright,Natalie Wright,FEMALE,2022-01-31,Beaverton
13384,Mario,Ashe,Mario Ashe,MALE,2022-02-04,Bremerton
13385,Danielle,Cook,Danielle Cook,FEMALE,2022-02-23,Issaquah
13386,Samuel,Patterson,Samuel Patterson,MALE,2023-10-02,Lebanon
13387,Miranda,Jenkins,Miranda Jenkins,FEMALE,2023-11-02,Berkeley
13388,Marshall,Shen,Marshall Shen,MALE,2023-03-05,Burlingame
13389,Madison,Thomas,Madison Thomas,FEMALE,2023-11-30,Lemon Grove
13390,Julia,Collins,Julia Collins,FEMALE,2023-12-30,Novato
13391,Brenda,Malhotra,Brenda Malhotra,FEMALE,2023-10-02,Burnaby
13392,Hunter,Parker,Hunter Parker,MALE,2023-11-09,Beaverton
13393,Willie,Kumar,Willie Kumar,MALE,2023-05-10,Beaverton
13394,Matthew,Clark,Matthew Clark,MALE,2023-05-12,Beaverton
13395,Gabriel,Li,Gabriel Li,MALE,2023-07-18,Bellingham
13396,David,Kumar,David Kumar,MALE,2023-05-29,Olympia
13397,Adam,Mitchell,Adam Mitchell,MALE,2023-11-12,Redmond
13398,Logan,Ross,Logan Ross,MALE,2023-11-21,Sedro Woolley
13399,Edward,Young,Edward Young,MALE,2023-11-08,Grossmont
13400,Julia,Thomas,Julia Thomas,FEMALE,2022-02-26,Grossmont
13401,Erin,Bradley,Erin Bradley,FEMALE,2022-02-28,Woodland Hills
13402,Gabriel,Turner,Gabriel Turner,MALE,2022-02-22,El Cajon
13403,Jennifer,Jackson,Jennifer Jackson,FEMALE,2022-02-23,Woodburn
13404,Kelvin,Yang,Kelvin Yang,MALE,2022-12-16,London
13405,Ethan,Bryant,Ethan Bryant,MALE,2021-11-01,Roubaix
13406,Craig,Jiménez,Craig Jiménez,MALE,2021-01-28,Münster
13407,Cassandra,Rana,Cassandra Rana,FEMALE,2022-12-27,London
13408,Katherine,Gonzales,Katherine Gonzales,FEMALE,2022-12-14,Peterborough
13409,Cory,Fernandez,Cory Fernandez,MALE,2023-10-22,Tremblay-en-France
13410,Jillian,Madan,Jillian Madan,FEMALE,2023-06-07,Berlin
13411,Jacquelyn,Blanco,Jacquelyn Blanco,FEMALE,2022-12-07,Berks
13412,Rafael,Zhao,Rafael Zhao,MALE,2023-12-09,Birmingham
13413,Fernando,Phillips,Fernando Phillips,MALE,2023-10-31,Portland
13414,Miguel,Wilson,Miguel Wilson,MALE,2023-05-06,Oregon City
13415,Marcus,Rogers,Marcus Rogers,MALE,2023-05-26,Beverly Hills
13416,Richard,Roberts,Richard Roberts,MALE,2023-03-10,Fremont
13417,Ian,Cox,Ian Cox,MALE,2023-05-02,Long Beach
13418,Devin,Cox,Devin Cox,MALE,2023-05-05,Vancouver
13419,Lauren,Coleman,Lauren Coleman,FEMALE,2022-02-10,Bremerton
13420,Jordan,Turner,Jordan Turner,FEMALE,2022-02-21,Grossmont
13421,Alyssa,Patterson,Alyssa Patterson,FEMALE,2023-04-27,Santa Cruz
13422,Jacqueline,Washington,Jacqueline Washington,FEMALE,2023-05-16,Spring Valley
13423,Alex,Peterson,Alex Peterson,MALE,2023-07-24,Sooke
13424,Jasmine,Thomas,Jasmine Thomas,FEMALE,2022-02-02,Corvallis
13425,Jose,Garcia,Jose Garcia,MALE,2022-02-23,Edmonds
13426,Taylor,Williams,Taylor Williams,FEMALE,2022-03-05,Bellflower
13427,Connor,Winston,Connor Winston,MALE,2023-05-21,Lincoln Acres
13428,Marcus,Ramirez,Marcus Ramirez,MALE,2023-05-11,Novato
13429,Gabrielle,Washington,Gabrielle Washington,FEMALE,2022-03-11,Palo Alto
13430,Edward,Griffin,Edward Griffin,MALE,2023-03-22,Santa Monica
13431,Bryan,James,Bryan James,MALE,2022-03-14,Tacoma
13432,Dalton,Wood,Dalton Wood,MALE,2023-03-27,Ballard
13433,Jessie,Vazquez,Jessie Vazquez,FEMALE,2022-03-18,Bellflower
13434,Kaitlyn,Wright,Kaitlyn Wright,FEMALE,2023-10-13,N. Vancouver
13435,Tracy,Pal,Tracy Pal,FEMALE,2022-03-17,Beverly Hills
13436,Gail,Griffin,Gail Griffin,FEMALE,2022-03-12,Issaquah
13437,Ethan,Flores,Ethan Flores,MALE,2023-03-02,Port Orchard
13438,Chloe,Griffin,Chloe Griffin,FEMALE,2022-03-02,Redmond
13439,Arturo,Lin,Arturo Lin,MALE,2023-05-18,Burlingame
13440,Sydney,Miller,Sydney Miller,FEMALE,2023-05-12,Victoria
13441,Omar,Zhang,Omar Zhang,MALE,2023-11-29,Bellingham
13442,Paula,Vazquez,Paula Vazquez,FEMALE,2022-03-18,Burien
13443,Jasmine,White,Jasmine White,FEMALE,2022-03-10,Lebanon
13444,Abby,Lopez,Abby Lopez,FEMALE,2023-07-13,Beverly Hills
13445,Logan,Davis,Logan Davis,MALE,2023-11-14,Daly City
13446,Katelyn,Scott,Katelyn Scott,FEMALE,2022-03-01,El Cajon
13447,Destiny,Cox,Destiny Cox,FEMALE,2022-03-26,Long Beach
13448,Catherine,Ward,Catherine Ward,FEMALE,2023-06-01,Palo Alto
13449,Jerome,Diaz,Jerome Diaz,MALE,2022-03-12,Bremerton
13450,Victoria,Jones,Victoria Jones,FEMALE,2022-04-28,Oregon City
13451,Robin,Browning,Robin Browning,FEMALE,2023-10-18,Burbank
13452,Kaitlyn,Evans,Kaitlyn Evans,FEMALE,2022-03-30,Glendale
13453,Amanda,Howard,Amanda Howard,FEMALE,2022-04-08,Lincoln Acres
13454,Benjamin,Griffin,Benjamin Griffin,MALE,2023-06-14,Long Beach
13455,Kaitlyn,Bryant,Kaitlyn Bryant,FEMALE,2023-06-10,San Diego
13456,Sydney,Hernandez,Sydney Hernandez,FEMALE,2022-04-14,Kirkland
13457,Eric,Henderson,Eric Henderson,MALE,2023-08-05,W. Linn
13458,Joan,James,Joan James,FEMALE,2023-02-07,Bellingham
13459,Devin,Foster,Devin Foster,MALE,2023-11-11,San Diego
13460,Jasmine,Walker,Jasmine Walker,FEMALE,2023-05-01,Newton
13461,Anthony,Jones,Anthony Jones,MALE,2022-03-30,Santa Cruz
13462,Jay,Sara,Jay Sara,MALE,2022-04-18,Bellingham
13463,Tammy,Sara,Tammy Sara,FEMALE,2023-11-13,Bellflower
13464,Martha,Hu,Martha Hu,FEMALE,2022-04-19,Beverly Hills
13465,Sydney,Campbell,Sydney Campbell,FEMALE,2023-11-21,Long Beach
13466,Bryce,James,Bryce James,MALE,2023-09-16,Langley
13467,Kristopher,Martinez,Kristopher Martinez,MALE,2023-05-10,Bellingham
13468,Mariah,Sanders,Mariah Sanders,FEMALE,2022-04-24,Portland
13469,Bryce,Bailey,Bryce Bailey,MALE,2024-01-16,Tacoma
13470,Jaclyn,Jai,Jaclyn Jai,FEMALE,2023-12-20,Bellflower
13471,Eric,Bryant,Eric Bryant,MALE,2023-05-20,Grossmont
13472,Simon,Pearson,Simon Pearson,MALE,2023-06-24,National City
13473,Logan,Hill,Logan Hill,MALE,2023-06-09,Coronado
13474,Elizabeth,Hall,Elizabeth Hall,FEMALE,2023-05-07,Shawnee
13475,Charles,Allen,Charles Allen,MALE,2023-12-10,Redwood City
13476,Timothy,Hall,Timothy Hall,MALE,2023-06-17,Santa Cruz
13477,Katherine,Wood,Katherine Wood,FEMALE,2022-04-28,Imperial Beach
13478,Alexia,Coleman,Alexia Coleman,FEMALE,2022-04-13,Puyallup
13479,Katelyn,Rogers,Katelyn Rogers,FEMALE,2023-08-23,Lemon Grove
13480,Anna,Rodriguez,Anna Rodriguez,FEMALE,2023-05-20,Berkeley
13481,Hunter,Hernandez,Hunter Hernandez,MALE,2024-01-10,Chula Vista
13482,Haley,Bryant,Haley Bryant,FEMALE,2022-04-02,Berkeley
13483,Christian,Lal,Christian Lal,MALE,2023-07-21,Lynnwood
13484,Marcus,Martinez,Marcus Martinez,MALE,2022-05-12,Bellflower
13485,Thomas,Allen,Thomas Allen,MALE,2023-02-15,Chula Vista
13486,Rebekah,Gomez,Rebekah Gomez,FEMALE,2023-04-22,Cliffside
13487,Emily,Martin,Emily Martin,FEMALE,2022-05-29,Spring Valley
13488,Laura,Guo,Laura Guo,FEMALE,2023-06-12,Bellingham
13489,Jennifer,Walker,Jennifer Walker,FEMALE,2022-05-03,Portland
13490,Edward,Rodriguez,Edward Rodriguez,MALE,2023-03-11,Santa Cruz
13491,Natalie,Howard,Natalie Howard,FEMALE,2023-01-30,Haney
13492,Christian,Foster,Christian Foster,MALE,2022-05-29,Burbank
13493,Valerie,Zhao,Valerie Zhao,FEMALE,2023-03-26,Berkshire
13494,Byron,Gutierrez,Byron Gutierrez,MALE,2023-05-18,Braunschweig
13495,Micheal,Alvarez,Micheal Alvarez,MALE,2023-03-23,Reading
13496,Lucas,Morris,Lucas Morris,MALE,2023-04-17,Drancy
13497,Deborah,Sharma,Deborah Sharma,FEMALE,2023-02-24,Hamburg
13498,Joel,Mehta,Joel Mehta,MALE,2023-08-19,Dunkerque
13499,Olivia,Cox,Olivia Cox,FEMALE,2023-02-13,Lille
13500,Molly,Vance,Molly Vance,FEMALE,2023-11-20,Bonn
13501,Clayton,Zhu,Clayton Zhu,MALE,2023-05-17,Stuttgart
13502,Deborah,Nara,Deborah Nara,FEMALE,2023-08-18,Berlin
13503,Theodore,Gomez,Theodore Gomez,MALE,2023-04-19,Liverpool
13504,Beth,Alonso,Beth Alonso,FEMALE,2021-11-15,Chatou
13505,Jamie,Cai,Jamie Cai,FEMALE,2023-06-07,Cheltenham
13506,Willie,Guo,Willie Guo,MALE,2023-10-03,Cergy
13507,Margaret,Patterson,Margaret Patterson,FEMALE,2023-04-19,Billericay
13508,Cassandra,Sanchez,Cassandra Sanchez,FEMALE,2023-02-04,Lieusaint
13509,Lucas,Johnson,Lucas Johnson,MALE,2023-05-17,York
13510,Jon,Shen,Jon Shen,MALE,2023-02-02,Les Ulis
13511,Ernest,Liu,Ernest Liu,MALE,2021-12-03,Courbevoie
13512,Ken,Sánchez,Ken Sánchez,FEMALE,2023-08-06,Les Ulis
13513,Abigail,Henderson,Abigail Henderson,FEMALE,2021-01-01,Werne
13514,Lindsay,Luo,Lindsay Luo,FEMALE,2021-02-17,Eilenburg
13515,Cara,Liang,Cara Liang,FEMALE,2021-02-11,Salzgitter
13516,Harold,Ray,Harold Ray,MALE,2023-07-22,London
13517,Nicolas,Sharma,Nicolas Sharma,MALE,2022-12-22,London
13518,Brendan,Goldstein,Brendan Goldstein,MALE,2022-06-17,Cloverdale
13519,Lucas,Foster,Lucas Foster,MALE,2022-06-26,Melbourne
13520,Carol,Nelson,Carol Nelson,FEMALE,2022-06-17,Bendigo
13521,Sandra,Lu,Sandra Lu,FEMALE,2022-06-22,Cloverdale
13522,Logan,Taylor,Logan Taylor,MALE,2023-04-24,Geelong
13523,Adrienne,Ruiz,Adrienne Ruiz,FEMALE,2023-05-23,Findon
13524,Cheryl,Blanco,Cheryl Blanco,FEMALE,2022-06-20,Sydney
13525,Cassandra,Van,Cassandra Van,FEMALE,2022-06-06,Lavender Bay
13526,Krystal,Liu,Krystal Liu,FEMALE,2022-07-15,Perth
13527,Tonya,Andersen,Tonya Andersen,FEMALE,2022-07-08,Gold Coast
13528,Carmen,Lopez,Carmen Lopez,FEMALE,2022-07-10,Lane Cove
13529,Pamela,Martinez,Pamela Martinez,FEMALE,2022-07-16,South Melbourne
13530,Krystal,Chen,Krystal Chen,FEMALE,2023-09-14,Reading
13531,Tyrone,Gutierrez,Tyrone Gutierrez,MALE,2023-09-05,Sèvres
13532,Melody,Gill,Melody Gill,FEMALE,2023-09-25,Poing
13533,Eduardo,Butler,Eduardo Butler,MALE,2023-04-09,Billericay
13534,Beth,Navarro,Beth Navarro,FEMALE,2023-08-07,London
13535,Omar,Nara,Omar Nara,MALE,2023-07-21,Gateshead
13536,Arianna,Ward,Arianna Ward,FEMALE,2021-12-24,Saint Germain en Laye
13537,Jill,Moreno,Jill Moreno,FEMALE,2021-11-29,Saint Ouen
13538,Vanessa,Henderson,Vanessa Henderson,FEMALE,2021-02-24,Kassel
13539,Roger,Guo,Roger Guo,MALE,2023-08-05,London
13540,Paula,Ortega,Paula Ortega,FEMALE,2021-02-09,Erlangen
13541,Ashlee,Xu,Ashlee Xu,FEMALE,2021-02-28,Hannover
13542,Sharon,Kumar,Sharon Kumar,FEMALE,2021-02-26,Frankfurt
13543,Phillip,Rana,Phillip Rana,MALE,2021-02-26,Leipzig
13544,Joy,Martin,Joy Martin,FEMALE,2023-04-19,London
13545,Brad,Sharma,Brad Sharma,MALE,2021-02-11,Grevenbroich
13546,Mitchell,Jai,Mitchell Jai,MALE,2021-01-29,Münster
13547,Michele,Jimenez,Michele Jimenez,FEMALE,2023-08-16,Stoke-on-Trent
13548,Bridget,Jai,Bridget Jai,FEMALE,2021-02-01,Frankfurt
13549,Richard,King,Richard King,MALE,2023-05-01,Paris
13550,Joe,Malhotra,Joe Malhotra,MALE,2023-03-21,Saint Germain en Laye
13551,Jacob,Lee,Jacob Lee,MALE,2022-12-04,Cheltenham
13552,Trevor,Hughes,Trevor Hughes,MALE,2021-12-24,Saint Germain en Laye
13553,Jessica,Coleman,Jessica Coleman,FEMALE,2022-11-30,Oxford
13554,Paula,Moreno,Paula Moreno,FEMALE,2022-12-11,London
13555,Tammy,Smith,Tammy Smith,FEMALE,2021-12-24,Orleans
13556,Alisha,Nath,Alisha Nath,FEMALE,2021-12-19,Lieusaint
13557,Stacey,Liu,Stacey Liu,FEMALE,2022-12-15,London
13558,Karen,Lu,Karen Lu,FEMALE,2021-12-16,Villeneuve-d'Ascq
13559,Lori,Ramos,Lori Ramos,FEMALE,2021-02-26,Berlin
13560,Andres,Shan,Andres Shan,MALE,2021-03-19,Frankfurt am Main
13561,Gary,Navarro,Gary Navarro,MALE,2022-11-29,London
13562,Bryant,Van,Bryant Van,MALE,2022-12-23,Newcastle upon Tyne
13563,Phillip,Sai,Phillip Sai,MALE,2021-01-08,Stoke-on-Trent
13564,Sabrina,Blanco,Sabrina Blanco,FEMALE,2021-12-05,Paris
13565,Tiffany,Zhao,Tiffany Zhao,FEMALE,2022-01-23,Courbevoie
13566,Mikael,Sandberg,Mikael Sandberg,FEMALE,2023-06-23,Solingen
13567,Anne,Rubio,Anne Rubio,FEMALE,2021-03-05,Stuttgart
13568,Max,Jimenez,Max Jimenez,MALE,2023-02-18,Paris
13569,Marcus,Hall,Marcus Hall,MALE,2023-05-31,Darmstadt
13570,Benjamin,Jackson,Benjamin Jackson,MALE,2021-03-14,Ingolstadt
13571,Allen,Mehta,Allen Mehta,MALE,2023-01-28,Boulogne-Billancourt
13572,Shaun,Deng,Shaun Deng,MALE,2021-03-02,Stuttgart
13573,Edwin,Pal,Edwin Pal,MALE,2023-05-13,Orleans
13574,Brenda,Garcia,Brenda Garcia,FEMALE,2023-01-30,Dresden
13575,Alicia,Shen,Alicia Shen,FEMALE,2022-01-18,Les Ulis
13576,Tamara,Lal,Tamara Lal,FEMALE,2021-01-09,London
13577,Theodore,Torres,Theodore Torres,MALE,2022-01-21,Paris
13578,Karl,Nath,Karl Nath,MALE,2024-01-15,Roncq
13579,Alan,Chen,Alan Chen,MALE,2021-03-27,Ingolstadt
13580,Carol,Xu,Carol Xu,FEMALE,2021-03-23,Offenbach
13581,Albert,Blanco,Albert Blanco,MALE,2021-01-04,Esher-Molesey
13582,Martha,Gao,Martha Gao,FEMALE,2023-01-29,London
13583,Blake,Butler,Blake Butler,MALE,2021-01-21,Gateshead
13584,Isaiah,Cox,Isaiah Cox,MALE,2021-01-26,Runcorn
13585,Savannah,Morris,Savannah Morris,FEMALE,2021-01-22,Leeds
13586,Larry,Alonso,Larry Alonso,MALE,2023-04-27,Gateshead
13587,Kristina,Subram,Kristina Subram,FEMALE,2023-10-28,Bonn
13588,Deb,Dominguez,Deb Dominguez,FEMALE,2023-11-16,Leipzig
13589,Cameron,Smith,Cameron Smith,MALE,2023-08-20,Drancy
13590,Louis,Xie,Louis Xie,MALE,2021-01-03,York
13591,Latasha,Alonso,Latasha Alonso,FEMALE,2021-01-02,York
13592,Gabriella,Collins,Gabriella Collins,FEMALE,2022-01-02,Chatou
13593,Deanna,Navarro,Deanna Navarro,FEMALE,2023-12-15,Frankfurt am Main
13594,Jessica,Williams,Jessica Williams,FEMALE,2023-07-28,Hamburg
13595,Cole,Stewart,Cole Stewart,MALE,2022-01-13,Bobigny
13596,Billy,Gomez,Billy Gomez,MALE,2023-02-10,Orly
13597,Lance,Gutierrez,Lance Gutierrez,MALE,2023-08-19,Hof
13598,Keith,Luo,Keith Luo,MALE,2023-10-07,Werne
13599,Valerie,Zhu,Valerie Zhu,FEMALE,2023-05-01,Berks
13600,Marie,Sanz,Marie Sanz,FEMALE,2021-02-03,Watford
13601,Tanya,Dominguez,Tanya Dominguez,FEMALE,2024-01-03,Berlin
13602,Virginia,Mehta,Virginia Mehta,FEMALE,2021-02-05,Billericay
13603,Molly,Martinez,Molly Martinez,FEMALE,2023-03-22,Leeds
13604,Nuan,Zheng,Nuan Zheng,MALE,2023-10-10,London
13605,Gerrit,Straatsma,Gerrit Straatsma,MALE,2022-01-21,Metz
13606,Drew,Sharma,Drew Sharma,MALE,2021-04-17,Frankfurt
13607,Levi,Rana,Levi Rana,MALE,2021-04-18,Frankfurt am Main
13608,Karla,Kumar,Karla Kumar,FEMALE,2023-10-12,Paderborn
13609,Ramon,Yang,Ramon Yang,MALE,2023-08-07,London
13610,Omar,Sharma,Omar Sharma,MALE,2023-03-21,Paris
13611,Marshall,Huang,Marshall Huang,MALE,2024-01-05,Sèvres
13612,Hailey,Ross,Hailey Ross,FEMALE,2023-06-10,Warrington
13613,Derek,Jai,Derek Jai,MALE,2023-02-13,Springwood
13614,Julie,Becker,Julie Becker,FEMALE,2023-04-26,North Ryde
13615,Jacquelyn,Rowe,Jacquelyn Rowe,FEMALE,2023-01-29,Sydney
13616,Cole,Ramirez,Cole Ramirez,MALE,2022-07-14,Sunbury
13617,Gerald,Suri,Gerald Suri,MALE,2023-04-18,Cranbourne
13618,Jay,Raman,Jay Raman,MALE,2022-07-11,Geelong
13619,Arturo,Xu,Arturo Xu,MALE,2022-07-20,Rhodes
13620,Damien,Ye,Damien Ye,MALE,2022-07-06,Coffs Harbour
13621,Melody,Ruiz,Melody Ruiz,FEMALE,2023-07-23,Sunbury
13622,Alan,Wang,Alan Wang,MALE,2022-07-02,Newcastle
13623,Mitchell,Carson,Mitchell Carson,MALE,2023-06-27,Melbourne
13624,Nicole,Long,Nicole Long,FEMALE,2023-02-22,Sunbury
13625,Jason,Campbell,Jason Campbell,MALE,2022-07-21,Port Macquarie
13626,Johnathan,Madan,Johnathan Madan,MALE,2022-07-13,Brisbane
13627,Natasha,Rubio,Natasha Rubio,FEMALE,2023-03-17,Darlinghurst
13628,Kaitlin,Schmidt,Kaitlin Schmidt,FEMALE,2023-04-01,Cranbourne
13629,Karla,Yuan,Karla Yuan,FEMALE,2022-07-21,Rockhampton
13630,Brenda,Arun,Brenda Arun,FEMALE,2022-07-01,Wollongong
13631,Joe,Subram,Joe Subram,MALE,2022-07-01,Matraville
13632,Cheryl,Munoz,Cheryl Munoz,FEMALE,2022-07-22,Cloverdale
13633,Juan,Ramos,Juan Ramos,MALE,2022-07-25,North Ryde
13634,Alexis,Russell,Alexis Russell,FEMALE,2023-09-03,Brisbane
13635,Kurt,Deng,Kurt Deng,MALE,2023-02-01,Matraville
13636,Jarrod,Rodriguez,Jarrod Rodriguez,MALE,2022-07-14,Sunbury
13637,Victoria,Cooper,Victoria Cooper,FEMALE,2022-07-25,Wollongong
13638,Diana,Alvarez,Diana Alvarez,FEMALE,2022-07-14,Sydney
13639,Colin,Liang,Colin Liang,MALE,2023-02-14,Geelong
13640,Rachael,Patel,Rachael Patel,FEMALE,2023-03-15,East Brisbane
13641,Adrian,Watson,Adrian Watson,MALE,2023-03-17,Hervey Bay
13642,Cassie,Nara,Cassie Nara,FEMALE,2023-05-09,Darlinghurst
13643,Ronald,Sai,Ronald Sai,MALE,2022-07-07,Lane Cove
13644,Kristi,Dominguez,Kristi Dominguez,FEMALE,2022-07-16,Bendigo
13645,Eugene,He,Eugene He,MALE,2022-07-19,Hawthorne
13646,Terry,Yuan,Terry Yuan,MALE,2022-07-22,Warrnambool
13647,Armando,Alonso,Armando Alonso,MALE,2022-07-01,East Brisbane
13648,Arturo,Sharma,Arturo Sharma,MALE,2022-07-29,Rockhampton
13649,Rebekah,Suarez,Rebekah Suarez,FEMALE,2022-07-20,Townsville
13650,Jessie,She,Jessie She,MALE,2022-07-11,North Sydney
13651,Jerry,Sharma,Jerry Sharma,MALE,2022-07-06,Perth
13652,Tamara,Zeng,Tamara Zeng,FEMALE,2023-05-08,Beaverton
13653,Tony,Chander,Tony Chander,MALE,2022-05-13,Burien
13654,Shawn,Andersen,Shawn Andersen,MALE,2023-07-08,Bellingham
13655,Christopher,Walker,Christopher Walker,MALE,2023-11-06,Bellingham
13656,Faith,Howard,Faith Howard,FEMALE,2023-07-14,Bellflower
13657,Kaylee,Collins,Kaylee Collins,FEMALE,2022-04-30,Lebanon
13658,Wyatt,Bennett,Wyatt Bennett,MALE,2022-05-13,Redmond
13659,Clayton,Shan,Clayton Shan,MALE,2023-06-05,Ballard
13660,Ethan,Davis,Ethan Davis,MALE,2023-05-20,Metchosin
13661,Andre,Sara,Andre Sara,MALE,2021-02-05,Warrington
13662,Miguel,Roberts,Miguel Roberts,MALE,2022-01-12,Villeneuve-d'Ascq
13663,Melvin,Tang,Melvin Tang,MALE,2023-02-02,Stuttgart
13664,Larry,Diaz,Larry Diaz,MALE,2023-07-27,Oxon
13665,Kristi,Randall,Kristi Randall,FEMALE,2023-08-02,Woolston
13666,Teresa,Ruiz,Teresa Ruiz,FEMALE,2021-04-14,Grevenbroich
13667,Andres,Deng,Andres Deng,MALE,2022-01-03,Les Ulis
13668,Stanley,Martinez,Stanley Martinez,MALE,2023-02-06,Coffs Harbour
13669,Kristy,Gill,Kristy Gill,FEMALE,2023-04-20,Gold Coast
13670,Brittney,Zeng,Brittney Zeng,FEMALE,2023-02-22,Port Macquarie
13671,Frank,Ramos,Frank Ramos,MALE,2024-01-28,Poing
13672,Benjamin,Davis,Benjamin Davis,MALE,2023-06-27,Lille
13673,Sandra,He,Sandra He,FEMALE,2023-11-17,Verrieres Le Buisson
13674,Drew,Shen,Drew Shen,MALE,2023-05-05,Paris
13675,Stanley,Sai,Stanley Sai,MALE,2023-06-16,London
13676,George,Kapoor,George Kapoor,MALE,2023-03-27,W. York
13677,Brian,Albrecht,Brian Albrecht,FEMALE,2024-01-04,Saarbrücken
13678,Warren,Goel,Warren Goel,MALE,2021-02-23,High Wycombe
13679,Sandra,Li,Sandra Li,FEMALE,2021-02-23,Lancaster
13680,Jan,Watson,Jan Watson,FEMALE,2021-02-17,Warrington
13681,Adam,Hall,Adam Hall,MALE,2023-10-01,Paris
13682,Fernando,Lopez,Fernando Lopez,MALE,2023-06-13,Paderborn
13683,Sheila,Torres,Sheila Torres,FEMALE,2023-10-13,Kiel
13684,Francis,Dominguez,Francis Dominguez,MALE,2023-11-29,Kassel
13685,Briana,Torres,Briana Torres,FEMALE,2021-04-29,Berlin
13686,Peter,Jai,Peter Jai,MALE,2021-04-08,Dresden
13687,Mario,Xie,Mario Xie,MALE,2021-02-09,Bury
13688,Ruben,Sanchez,Ruben Sanchez,MALE,2023-06-29,Oxon
13689,Teresa,Ramos,Teresa Ramos,FEMALE,2021-02-21,York
13690,Claudia,Gao,Claudia Gao,FEMALE,2021-02-23,W. York
13691,Ariana,Bailey,Ariana Bailey,FEMALE,2021-02-25,Billericay
13692,Curtis,Li,Curtis Li,MALE,2023-10-23,Cambridge
13693,Dominic,Gonzalez,Dominic Gonzalez,MALE,2021-02-18,London
13694,Savannah,Gray,Savannah Gray,FEMALE,2023-04-05,Gateshead
13695,Christian,Clark,Christian Clark,MALE,2023-06-18,Roubaix
13696,Katherine,Edwards,Katherine Edwards,FEMALE,2023-02-21,Neunkirchen
13697,Jésus,Munoz,Jésus Munoz,MALE,2021-04-24,Offenbach
13698,Catherine,Sanchez,Catherine Sanchez,FEMALE,2023-02-20,Kassel
13699,Rachel,Alexander,Rachel Alexander,FEMALE,2023-10-15,Milwaukie
13700,Evan,Howard,Evan Howard,MALE,2022-05-24,Daly City
13701,Haley,Scott,Haley Scott,FEMALE,2023-04-30,Newton
13702,Jessie,Suarez,Jessie Suarez,FEMALE,2022-05-17,Chula Vista
13703,Mackenzie,Sanders,Mackenzie Sanders,FEMALE,2023-05-06,Kirkland
13704,Victoria,Davis,Victoria Davis,FEMALE,2022-05-13,Walla Walla
13705,Blake,Mitchell,Blake Mitchell,MALE,2022-05-15,Portland
13706,Kaitlyn,Peterson,Kaitlyn Peterson,FEMALE,2023-11-28,Cliffside
13707,Austin,Smith,Austin Smith,MALE,2023-08-29,Royal Oak
13708,Jennifer,Bennett,Jennifer Bennett,FEMALE,2023-02-25,Cliffside
13709,Zachary,Robinson,Zachary Robinson,MALE,2023-11-11,Langford
13710,Destiny,Harris,Destiny Harris,FEMALE,2023-10-30,Oak Bay
13711,Thomas,Mitchell,Thomas Mitchell,MALE,2023-11-16,Royal Oak
13712,Nancy,Martinez,Nancy Martinez,FEMALE,2022-05-04,Beaverton
13713,Alexander,Walker,Alexander Walker,MALE,2022-05-27,Sedro Woolley
13714,Amanda,Ward,Amanda Ward,FEMALE,2022-05-11,Milwaukie
13715,Eduardo,Sanchez,Eduardo Sanchez,MALE,2022-06-23,Chula Vista
13716,Brandon,Jai,Brandon Jai,MALE,2022-06-12,Downey
13717,Audrey,Gill,Audrey Gill,FEMALE,2023-05-17,Beaverton
13718,Marcus,Barnes,Marcus Barnes,MALE,2022-05-31,Redmond
13719,Isaac,Carter,Isaac Carter,MALE,2023-05-26,Langford
13720,Cameron,Johnson,Cameron Johnson,MALE,2023-09-13,Sooke
13721,Lucas,Howard,Lucas Howard,MALE,2022-06-18,Olympia
13722,Luke,Campbell,Luke Campbell,MALE,2022-06-21,Puyallup
13723,Leonard,Raje,Leonard Raje,MALE,2023-11-01,Burbank
13724,Charles,Thompson,Charles Thompson,MALE,2022-06-10,Mill Valley
13725,Nathan,Henderson,Nathan Henderson,MALE,2022-06-18,San Gabriel
13726,Austin,Lewis,Austin Lewis,MALE,2022-06-14,Torrance
13727,Paula,Rubio,Paula Rubio,FEMALE,2023-12-10,Berkeley
13728,Taylor,Stewart,Taylor Stewart,FEMALE,2022-06-25,Bellflower
13729,Jason,Li,Jason Li,MALE,2022-06-24,Sedro Woolley
13730,Walter,Suarez,Walter Suarez,MALE,2022-05-30,Bellingham
13731,Jan,James,Jan James,FEMALE,2024-01-23,Coronado
13732,Julian,Isla,Julian Isla,FEMALE,2023-02-03,N. Vancouver
13733,Sydney,Collins,Sydney Collins,FEMALE,2022-06-01,Burien
13734,Kristi,Gonzalez,Kristi Gonzalez,FEMALE,2022-06-05,Berkeley
13735,Dennis,Guo,Dennis Guo,MALE,2022-06-03,Bremerton
13736,Cole,Rivera,Cole Rivera,MALE,2022-06-09,Spring Valley
13737,Garrett,Sanders,Garrett Sanders,MALE,2023-07-01,Bellflower
13738,Jose,Young,Jose Young,MALE,2024-01-16,Los Angeles
13739,Jason,Coleman,Jason Coleman,MALE,2023-08-24,Renton
13740,Jada,Ramirez,Jada Ramirez,FEMALE,2023-08-29,Walla Walla
13741,Haley,Morgan,Haley Morgan,FEMALE,2022-06-15,Imperial Beach
13742,Benjamin,Ross,Benjamin Ross,MALE,2022-07-21,Bremerton
13743,Isabella,Anderson,Isabella Anderson,FEMALE,2023-11-07,Oak Bay
13744,Alvin,Andersen,Alvin Andersen,MALE,2022-07-28,Bremerton
13745,Andrew,Robinson,Andrew Robinson,MALE,2022-07-27,Milwaukie
13746,Janelle,Madan,Janelle Madan,FEMALE,2022-07-10,Berkeley
13747,Brian,Torres,Brian Torres,MALE,2022-07-30,Kirkland
13748,José,Martinez,José Martinez,MALE,2023-04-20,Renton
13749,Julio,Alonso,Julio Alonso,MALE,2023-06-24,Burlingame
13750,Raymond,Sai,Raymond Sai,MALE,2023-06-08,Bremerton
13751,Allison,Rivera,Allison Rivera,FEMALE,2023-06-20,Vancouver
13752,Isabella,Parker,Isabella Parker,FEMALE,2023-08-14,La Jolla
13753,Rebecca,Nicholls,Rebecca Nicholls,FEMALE,2024-01-28,Redwood City
13754,Paige,Peterson,Paige Peterson,FEMALE,2023-12-18,Ballard
13755,Luke,Roberts,Luke Roberts,MALE,2023-12-03,Beaverton
13756,Kaylee,Young,Kaylee Young,FEMALE,2023-03-01,Sooke
13757,Jordyn,Griffin,Jordyn Griffin,FEMALE,2023-08-06,Issaquah
13758,Alexandria,Bell,Alexandria Bell,FEMALE,2023-02-04,Langford
13759,Jackson,Scott,Jackson Scott,MALE,2023-04-03,El Cajon
13760,Brian,Cooper,Brian Cooper,MALE,2023-06-13,Langley
13761,Logan,Powell,Logan Powell,MALE,2023-06-24,Oregon City
13762,Gavin,Long,Gavin Long,MALE,2023-03-27,Royal Oak
13763,Stephanie,Richardson,Stephanie Richardson,FEMALE,2023-09-10,Yakima
13764,Stephanie,Parker,Stephanie Parker,FEMALE,2023-03-17,Dunkerque
13765,Jaime,Shen,Jaime Shen,MALE,2021-03-02,London
13766,Joe,Gill,Joe Gill,MALE,2022-01-14,Paris
13767,Linda,Jimenez,Linda Jimenez,FEMALE,2021-04-10,München
13768,Ross,Munoz,Ross Munoz,MALE,2022-01-17,Courbevoie
13769,Brendan,Kumar,Brendan Kumar,MALE,2022-01-17,Lieusaint
13770,Gerald,Moreno,Gerald Moreno,MALE,2021-04-19,Frankfurt
13771,Victor,Moreno,Victor Moreno,MALE,2021-05-09,Hamburg
13772,Michele,Perez,Michele Perez,FEMALE,2021-03-06,Peterborough
13773,Dana,Blanco,Dana Blanco,FEMALE,2023-07-10,Dunkerque
13774,Steve,Guo,Steve Guo,MALE,2021-05-28,Hamburg
13775,Patricia,Subram,Patricia Subram,FEMALE,2023-12-19,Hannover
13776,Miguel,Carter,Miguel Carter,MALE,2023-03-08,Billericay
13777,Manuel,Perez,Manuel Perez,MALE,2021-03-26,London
13778,Roger,Huang,Roger Huang,MALE,2021-05-08,Braunschweig
13779,Manuel,Garcia,Manuel Garcia,MALE,2022-01-02,Paris
13780,Monica,Perez,Monica Perez,FEMALE,2023-11-24,Colombes
13781,Dominique,Patel,Dominique Patel,FEMALE,2023-06-03,Paris
13782,Kelli,Lu,Kelli Lu,FEMALE,2021-05-03,Essen
13783,Logan,Wright,Logan Wright,MALE,2021-03-18,Peterborough
13784,Spencer,Griffin,Spencer Griffin,MALE,2021-03-08,Warrington
13785,Clayton,She,Clayton She,MALE,2023-04-29,London
13786,Jon,Chavez,Jon Chavez,MALE,2023-08-04,Kassel
13787,Glenn,Cai,Glenn Cai,MALE,2023-05-16,Grevenbroich
13788,Kari,Fernandez,Kari Fernandez,FEMALE,2023-03-30,Birmingham
13789,Julie,Shan,Julie Shan,FEMALE,2021-05-09,Saarbrücken
13790,Nina,Deng,Nina Deng,FEMALE,2021-05-17,Münster
13791,Audrey,Martin,Audrey Martin,FEMALE,2023-06-05,Milton Keynes
13792,Charles,Taylor,Charles Taylor,MALE,2021-03-02,York
13793,Jason,Gonzales,Jason Gonzales,MALE,2022-01-18,Roubaix
13794,Mallory,Martin,Mallory Martin,FEMALE,2021-03-30,Woolston
13795,Carl,Raje,Carl Raje,MALE,2021-05-05,Frankfurt am Main
13796,Martha,Zheng,Martha Zheng,FEMALE,2023-11-01,Duesseldorf
13797,Franklin,Gao,Franklin Gao,MALE,2023-12-30,Kiel
13798,Tammy,Randall,Tammy Randall,FEMALE,2023-12-05,West Sussex
13799,Bryan,Bailey,Bryan Bailey,MALE,2022-01-16,Chatou
13800,Logan,Li,Logan Li,MALE,2022-01-21,Lille
13801,Colleen,Andersen,Colleen Andersen,FEMALE,2022-02-09,Chatou
13802,Tina,Subram,Tina Subram,FEMALE,2023-02-22,Dunkerque
13803,Krystal,Zheng,Krystal Zheng,FEMALE,2023-08-12,Saarlouis
13804,Dawn,Luo,Dawn Luo,FEMALE,2023-12-31,Birmingham
13805,Gabriel,Hernandez,Gabriel Hernandez,MALE,2023-05-29,Runcorn
13806,Bryant,Mehta,Bryant Mehta,MALE,2022-02-12,Orly
13807,Frederick,Rana,Frederick Rana,MALE,2021-06-28,Duesseldorf
13808,Richard,Perez,Richard Perez,MALE,2021-06-05,Erlangen
13809,Lisa,Zhou,Lisa Zhou,FEMALE,2023-04-18,Milton Keynes
13810,Vanessa,Barnes,Vanessa Barnes,FEMALE,2023-12-19,Watford
13811,Sandra,Chen,Sandra Chen,FEMALE,2022-02-23,Bobigny
13812,Joanna,Munoz,Joanna Munoz,FEMALE,2022-02-10,Orleans
13813,Kristen,Sun,Kristen Sun,FEMALE,2023-03-03,Tremblay-en-France
13814,Sarah,Walker,Sarah Walker,FEMALE,2023-03-22,Bury
13815,Lacey,Lin,Lacey Lin,FEMALE,2023-02-09,London
13816,Marissa,Henderson,Marissa Henderson,FEMALE,2023-04-23,Peterborough
13817,Jenny,Huang,Jenny Huang,FEMALE,2023-06-13,Colombes
13818,Dawn,Chander,Dawn Chander,FEMALE,2023-01-31,Drancy
13819,Max,Gill,Max Gill,MALE,2023-06-22,Les Ulis
13820,Danny,Alvarez,Danny Alvarez,MALE,2021-03-28,London
13821,Allen,Lopez,Allen Lopez,MALE,2021-03-01,Woolston
13822,Jay,Moyer,Jay Moyer,MALE,2021-06-14,Erlangen
13823,Margaret,Zheng,Margaret Zheng,FEMALE,2022-02-16,Verrieres Le Buisson
13824,Destiny,Wood,Destiny Wood,FEMALE,2023-10-20,Werne
13825,Kelvin,Ma,Kelvin Ma,MALE,2023-08-25,Lille
13826,Candice,He,Candice He,FEMALE,2023-11-06,Darmstadt
13827,Nathan,Harris,Nathan Harris,MALE,2023-07-17,Frankfurt
13828,Jessie,Travers,Jessie Travers,FEMALE,2023-10-31,Frankfurt am Main
13829,Randall,Carlson,Randall Carlson,MALE,2021-06-13,Grevenbroich
13830,Andrea,Cox,Andrea Cox,FEMALE,2023-12-11,Esher-Molesey
13831,Eddie,Alvarez,Eddie Alvarez,MALE,2023-03-06,Morangis
13832,Priscilla,Raji,Priscilla Raji,FEMALE,2023-03-20,Courbevoie
13833,Noah,Lewis,Noah Lewis,MALE,2023-11-18,Drancy
13834,Naomi,Suarez,Naomi Suarez,FEMALE,2023-11-09,Morangis
13835,Hailey,Brooks,Hailey Brooks,FEMALE,2023-08-28,Paris
13836,Dominic,Sara,Dominic Sara,MALE,2021-06-01,Hof
13837,Alyssa,Lee,Alyssa Lee,FEMALE,2023-11-12,Hof
13838,Jill,Rubio,Jill Rubio,FEMALE,2023-09-11,Oxford
13839,Manuel,Madan,Manuel Madan,MALE,2022-02-03,Roissy en Brie
13840,Tommy,Pal,Tommy Pal,MALE,2022-02-25,Boulogne-sur-Mer
13841,Clayton,Kumar,Clayton Kumar,MALE,2021-03-22,York
13842,Kenneth,Xie,Kenneth Xie,MALE,2021-06-15,Braunschweig
13843,Warren,Xie,Warren Xie,MALE,2023-03-11,Saint Germain en Laye
13844,Phillip,Mehta,Phillip Mehta,MALE,2021-06-26,Paderborn
13845,Shawn,Nara,Shawn Nara,MALE,2021-03-25,Kirkby
13846,Lisa,Zheng,Lisa Zheng,FEMALE,2021-03-30,Newcastle upon Tyne
13847,Kurt,Tang,Kurt Tang,MALE,2021-03-20,Oxford
13848,Melissa,Blue,Melissa Blue,FEMALE,2023-02-09,W. Linn
13849,Preston,Rodriguez,Preston Rodriguez,MALE,2022-07-08,Beaverton
13850,Anthony,Thompson,Anthony Thompson,MALE,2023-06-03,Beverly Hills
13851,Seth,Moore,Seth Moore,MALE,2023-11-11,Port Hammond
13852,Ian,Robinson,Ian Robinson,MALE,2023-11-28,N. Vancouver
13853,Connor,Zhang,Connor Zhang,MALE,2023-12-13,Newton
13854,Kyle,Parker,Kyle Parker,MALE,2022-07-24,Chula Vista
13855,Sarah,Washington,Sarah Washington,FEMALE,2022-07-22,Colma
13856,Ian,Scott,Ian Scott,MALE,2022-07-12,Lincoln Acres
13857,Victoria,Thompson,Victoria Thompson,FEMALE,2023-12-10,Woodburn
13858,Melanie,Richardson,Melanie Richardson,FEMALE,2023-08-10,San Diego
13859,Kristin,Deng,Kristin Deng,FEMALE,2023-12-24,Burlingame
13860,Olivia,Watson,Olivia Watson,FEMALE,2023-02-01,Haney
13861,Hailey,Rogers,Hailey Rogers,FEMALE,2023-07-30,Renton
13862,Andrew,Walker,Andrew Walker,MALE,2022-07-23,Bellflower
13863,Kevin,Long,Kevin Long,MALE,2023-09-08,Berkeley
13864,Robin,Torres,Robin Torres,FEMALE,2023-07-06,Berkeley
13865,Mariah,Foster,Mariah Foster,FEMALE,2022-07-31,Novato
13866,Mya,Butler,Mya Butler,FEMALE,2022-08-13,San Diego
13867,Luke,Griffin,Luke Griffin,MALE,2023-06-01,Lynnwood
13868,Shelby,Morris,Shelby Morris,FEMALE,2023-03-24,Salem
13869,Anna,Morgan,Anna Morgan,FEMALE,2023-11-02,Burlingame
13870,Jonathan,Clark,Jonathan Clark,MALE,2022-08-25,Lebanon
13871,Sarah,Gonzales,Sarah Gonzales,FEMALE,2022-08-07,Palo Alto
13872,Alyssa,Henderson,Alyssa Henderson,FEMALE,2023-02-01,Marysville
13873,Russell,Jai,Russell Jai,MALE,2022-08-05,Concord
13874,Alyssa,Bryant,Alyssa Bryant,FEMALE,2023-07-24,Grossmont
13875,Samantha,Williams,Samantha Williams,FEMALE,2024-01-24,El Cajon
13876,Sebastian,Murphy,Sebastian Murphy,MALE,2023-07-11,Chula Vista
13877,Adam,Lal,Adam Lal,MALE,2022-08-21,Lakewood
13878,Sebastian,Gray,Sebastian Gray,MALE,2023-12-15,Oak Bay
13879,Derrick,Hernandez,Derrick Hernandez,MALE,2023-09-08,Bellflower
13880,Marshall,Kumar,Marshall Kumar,MALE,2023-07-07,Burien
13881,Jasmine,Wood,Jasmine Wood,FEMALE,2023-08-27,Yakima
13882,Mariah,Russell,Mariah Russell,FEMALE,2022-08-12,Imperial Beach
13883,Brandon,Lal,Brandon Lal,MALE,2022-08-18,Long Beach
13884,Jada,Rogers,Jada Rogers,FEMALE,2022-08-09,Bellingham
13885,Brian,Howard,Brian Howard,MALE,2022-07-31,Tacoma
13886,Rachel,Taylor,Rachel Taylor,FEMALE,2022-08-13,Colma
13887,Nathan,Scott,Nathan Scott,MALE,2022-09-10,Spring Valley
13888,Ian,Brown,Ian Brown,MALE,2023-10-29,Everett
13889,Robert,Martin,Robert Martin,MALE,2022-09-14,Lebanon
13890,Jennifer,Carter,Jennifer Carter,FEMALE,2022-09-11,Beaverton
13891,Aaron,Simmons,Aaron Simmons,MALE,2023-05-07,Lakewood
13892,Spencer,Diaz,Spencer Diaz,MALE,2022-08-29,Milwaukie
13893,Dalton,Carter,Dalton Carter,MALE,2023-06-19,Beaverton
13894,Robyn,Ruiz,Robyn Ruiz,FEMALE,2022-09-01,Bremerton
13895,Isabella,Brooks,Isabella Brooks,FEMALE,2022-09-17,Bremerton
13896,Hailey,Mitchell,Hailey Mitchell,FEMALE,2022-10-11,Burien
13897,Carol,Washington,Carol Washington,MALE,2022-10-23,Burien
13898,Richard,Baker,Richard Baker,MALE,2022-10-19,Corvallis
13899,Cameron,Jones,Cameron Jones,MALE,2023-04-13,Olympia
13900,Isaac,Campbell,Isaac Campbell,MALE,2023-04-19,Olympia
13901,Oscar,Foster,Oscar Foster,MALE,2023-06-11,W. Linn
13902,Jeremiah,Simmons,Jeremiah Simmons,MALE,2023-07-12,Concord
13903,Elijah,Hernandez,Elijah Hernandez,MALE,2022-09-29,El Cajon
13904,Natalie,Thompson,Natalie Thompson,FEMALE,2022-10-24,Imperial Beach
13905,Christian,Henderson,Christian Henderson,MALE,2022-10-25,La Jolla
13906,Courtney,Evans,Courtney Evans,FEMALE,2022-10-06,Olympia
13907,Misty,Xie,Misty Xie,FEMALE,2022-10-21,Bremerton
13908,Alyssa,Diaz,Alyssa Diaz,FEMALE,2023-05-07,Cliffside
13909,Riley,Price,Riley Price,FEMALE,2023-05-05,Haney
13910,Isabelle,Butler,Isabelle Butler,FEMALE,2022-10-06,Sedro Woolley
13911,Andrea,Kelly,Andrea Kelly,FEMALE,2022-09-30,Seattle
13912,Caroline,Simmons,Caroline Simmons,FEMALE,2022-11-06,Coronado
13913,Angela,Rogers,Angela Rogers,FEMALE,2023-07-08,Berkeley
13914,Abigail,Bell,Abigail Bell,FEMALE,2023-04-26,Chula Vista
13915,Allison,King,Allison King,FEMALE,2022-11-17,Glendale
13916,Eduardo,Ward,Eduardo Ward,MALE,2023-12-14,Westminster
13917,Samuel,Allen,Samuel Allen,MALE,2022-11-27,Novato
13918,Armando,Blanco,Armando Blanco,MALE,2023-12-16,Burnaby
13919,Grace,Smith,Grace Smith,FEMALE,2024-01-04,Glendale
13920,Amanda,Rogers,Amanda Rogers,FEMALE,2023-04-07,Sooke
13921,Joseph,Jones,Joseph Jones,MALE,2023-10-04,Concord
13922,Jackson,Foster,Jackson Foster,MALE,2023-11-14,Salem
13923,Steven,Howard,Steven Howard,MALE,2023-04-10,Grossmont
13924,Hannah,Hall,Hannah Hall,FEMALE,2023-06-28,San Diego
13925,Wyatt,Barnes,Wyatt Barnes,MALE,2022-10-31,Redwood City
13926,Dalton,Hill,Dalton Hill,MALE,2023-05-05,Ballard
13927,Gabriel,Gonzales,Gabriel Gonzales,MALE,2022-11-19,Bellflower
13928,Nathaniel,Morris,Nathaniel Morris,MALE,2023-12-11,Tacoma
13929,Robert,Hayes,Robert Hayes,MALE,2024-01-27,Lake Oswego
13930,Samantha,Coleman,Samantha Coleman,FEMALE,2023-10-28,W. Linn
13931,Luke,Hernandez,Luke Hernandez,MALE,2023-07-29,Redmond
13932,Timothy,Sanchez,Timothy Sanchez,MALE,2023-11-06,El Cajon
13933,Isabella,Richardson,Isabella Richardson,FEMALE,2023-02-26,Torrance
13934,Luis,Young,Luis Young,MALE,2023-12-06,Issaquah
13935,Kimberly,Sanchez,Kimberly Sanchez,FEMALE,2023-03-02,Oakland
13936,Nathan,Wilson,Nathan Wilson,MALE,2023-05-23,Langley
13937,Victoria,Ware,Victoria Ware,FEMALE,2023-08-05,Milwaukie
13938,Alejandro,Cai,Alejandro Cai,MALE,2022-11-27,Bellflower
13939,Eduardo,Ramirez,Eduardo Ramirez,MALE,2022-11-20,Burbank
13940,Emma,Simmons,Emma Simmons,FEMALE,2023-08-08,Long Beach
13941,Brittany,Hayes,Brittany Hayes,FEMALE,2023-05-03,Port Hammond
13942,Seth,Long,Seth Long,MALE,2023-03-07,Downey
13943,Kelly,Bryant,Kelly Bryant,FEMALE,2023-09-04,Los Angeles
13944,Andrew,Moore,Andrew Moore,MALE,2023-02-06,Newton
13945,Yolanda,Luo,Yolanda Luo,FEMALE,2023-03-15,Bellingham
13946,Jason,Powell,Jason Powell,MALE,2024-01-14,Portland
13947,Megan,Hughes,Megan Hughes,FEMALE,2022-12-05,Oregon City
13948,Susan,Ma,Susan Ma,FEMALE,2022-12-10,Berkeley
13949,Dwayne,Ramos,Dwayne Ramos,MALE,2022-12-25,Berkeley
13950,Meredith,Hernandez,Meredith Hernandez,FEMALE,2023-09-27,Bellingham
13951,Dylan,Hughes,Dylan Hughes,MALE,2023-09-26,Spokane
13952,Franklin,Ye,Franklin Ye,MALE,2023-09-05,Melton
13953,Theresa,Munoz,Theresa Munoz,FEMALE,2022-07-13,Newcastle
13954,Eddie,Ramos,Eddie Ramos,MALE,2023-07-09,Hawthorne
13955,Andres,Raji,Andres Raji,MALE,2022-07-07,Wollongong
13956,Dawn,Ma,Dawn Ma,FEMALE,2023-08-11,Silverwater
13957,Meredith,Munoz,Meredith Munoz,FEMALE,2022-07-18,Caloundra
13958,Diane,Martin,Diane Martin,FEMALE,2022-07-02,Warrnambool
13959,Ebony,Carlson,Ebony Carlson,FEMALE,2022-07-04,Melton
13960,Lacey,Kumar,Lacey Kumar,FEMALE,2022-07-12,Silverwater
13961,Shawna,Raji,Shawna Raji,FEMALE,2023-10-01,Sunbury
13962,Dawn,Li,Dawn Li,FEMALE,2023-02-20,Springwood
13963,Veronica,Patel,Veronica Patel,FEMALE,2023-05-01,Hobart
13964,Jasmine,Lewis,Jasmine Lewis,FEMALE,2022-07-08,Sydney
13965,Barry,Sara,Barry Sara,MALE,2022-07-27,Hervey Bay
13966,Darren,Dominguez,Darren Dominguez,MALE,2022-07-12,Darlinghurst
13967,Glenn,Zhang,Glenn Zhang,MALE,2022-07-07,Warrnambool
13968,Lydia,Sai,Lydia Sai,FEMALE,2022-07-19,St. Leonards
13969,Roy,Martinez,Roy Martinez,MALE,2023-09-20,Gold Coast
13970,Pedro,Rana,Pedro Rana,MALE,2022-07-09,Hawthorne
13971,Bianca,Zhao,Bianca Zhao,FEMALE,2022-07-27,Hervey Bay
13972,Eugene,Liang,Eugene Liang,MALE,2023-10-11,Perth
13973,Bethany,Shan,Bethany Shan,FEMALE,2022-07-17,Cloverdale
13974,Tina,Chandra,Tina Chandra,FEMALE,2022-07-18,Milsons Point
13975,Johnny,Raje,Johnny Raje,MALE,2022-08-23,Hobart
13976,Emmanuel,Smith,Emmanuel Smith,MALE,2022-12-24,Bremerton
13977,Alexandra,Brown,Alexandra Brown,FEMALE,2022-11-28,Issaquah
13978,Zoe,Peterson,Zoe Peterson,FEMALE,2022-12-20,Renton
13979,Chloe,Jenkins,Chloe Jenkins,FEMALE,2022-12-05,Puyallup
13980,Margaret,Liu,Margaret Liu,FEMALE,2023-04-21,Beverly Hills
13981,Joy,Carlson,Joy Carlson,FEMALE,2023-05-05,Hobart
13982,Clarence,Chander,Clarence Chander,MALE,2023-03-14,North Sydney
13983,Logan,Collins,Logan Collins,MALE,2023-03-08,Port Macquarie
13984,Adrian,Richardson,Adrian Richardson,MALE,2022-12-09,San Diego
13985,Alexis,Wood,Alexis Wood,FEMALE,2023-04-22,Spring Valley
13986,Chloe,Anderson,Chloe Anderson,FEMALE,2022-01-08,Spring Valley
13987,Eduardo,Collins,Eduardo Collins,MALE,2023-12-24,Langley
13988,Miguel,White,Miguel White,MALE,2023-07-28,Newton
13989,Chloe,Bradley,Chloe Bradley,FEMALE,2023-03-19,Burien
13990,Stephanie,Wood,Stephanie Wood,FEMALE,2022-01-16,Salem
13991,Jack,Hayes,Jack Hayes,MALE,2023-11-02,Sedro Woolley
13992,Gregory,Xie,Gregory Xie,MALE,2022-01-04,Burlingame
13993,Zachary,Patterson,Zachary Patterson,MALE,2022-01-07,Burlingame
13994,Isaac,Cook,Isaac Cook,MALE,2022-08-11,Sydney
13995,Michele,Black,Michele Black,FEMALE,2023-05-15,Melbourne
13996,Marie,Perez,Marie Perez,FEMALE,2023-05-15,North Ryde
13997,Raquel,Hernandez,Raquel Hernandez,FEMALE,2022-08-07,Perth
13998,Ethan,Martin,Ethan Martin,MALE,2023-02-04,Cranbourne
13999,Elijah,Gonzales,Elijah Gonzales,MALE,2022-01-25,Oakland
14000,Terry,Sharma,Terry Sharma,MALE,2023-07-27,Beaverton
14001,Hunter,Hill,Hunter Hill,MALE,2023-08-08,Beaverton
14002,Jacqueline,Reed,Jacqueline Reed,FEMALE,2023-03-15,Burien
14003,Angel,Ramirez,Angel Ramirez,MALE,2022-01-17,Portland
14004,Caitlin,Kelly,Caitlin Kelly,FEMALE,2023-08-26,Daly City
14005,Noah,Hughes,Noah Hughes,MALE,2022-02-23,Redwood City
14006,Brianna,Walker,Brianna Walker,FEMALE,2022-02-04,San Carlos
14007,Rebekah,Garcia,Rebekah Garcia,FEMALE,2022-08-11,Coffs Harbour
14008,Karen,Liu,Karen Liu,FEMALE,2023-02-12,Geelong
14009,Brandy,Prasad,Brandy Prasad,FEMALE,2023-10-14,Seaford
14010,Thomas,Moore,Thomas Moore,MALE,2022-08-12,Melton
14011,Roger,Shen,Roger Shen,MALE,2022-08-06,St. Leonards
14012,Eddie,Vazquez,Eddie Vazquez,MALE,2022-08-25,Townsville
14013,Jimmy,Blanco,Jimmy Blanco,MALE,2023-05-06,Hobart
14014,Leslie,Serrano,Leslie Serrano,FEMALE,2023-05-20,Lane Cove
14015,Kurt,Lal,Kurt Lal,MALE,2023-06-04,Sunbury
14016,Mary,Sandidge,Mary Sandidge,MALE,2023-07-23,Milsons Point
14017,Chloe,Rodriguez,Chloe Rodriguez,FEMALE,2022-01-29,San Diego
14018,Nina,Rai,Nina Rai,FEMALE,2023-10-05,Bendigo
14019,Kathleen,Romero,Kathleen Romero,FEMALE,2023-07-29,Cranbourne
14020,Kristine,Dominguez,Kristine Dominguez,FEMALE,2022-08-27,South Melbourne
14021,Michelle,Richardson,Michelle Richardson,FEMALE,2023-05-10,Kirkland
14022,Taylor,Lee,Taylor Lee,FEMALE,2022-02-11,Marysville
14023,Beth,Carlson,Beth Carlson,FEMALE,2022-02-17,Concord
14024,Hannah,Moore,Hannah Moore,FEMALE,2022-02-23,Oakland
14025,Robert,Alexander,Robert Alexander,MALE,2022-01-29,Seattle
14026,Chloe,Butler,Chloe Butler,FEMALE,2022-02-11,Renton
14027,Carlos,Perez,Carlos Perez,MALE,2023-08-07,Tacoma
14028,Patricia,Srini,Patricia Srini,FEMALE,2023-07-19,Bellingham
14029,Christina,Morris,Christina Morris,FEMALE,2024-01-28,Lake Oswego
14030,Lawrence,Sanz,Lawrence Sanz,MALE,2022-08-24,Warrnambool
14031,Ruben,Suarez,Ruben Suarez,MALE,2022-08-18,Newcastle
14032,Arthur,Chandra,Arthur Chandra,MALE,2022-08-04,Silverwater
14033,Melinda,Torres,Melinda Torres,FEMALE,2022-08-17,Findon
14034,Dennis,Liang,Dennis Liang,MALE,2023-07-23,North Sydney
14035,Hunter,Hughes,Hunter Hughes,MALE,2023-07-27,Imperial Beach
14036,Amanda,Torres,Amanda Torres,FEMALE,2022-03-19,Oregon City
14037,Lydia,Sara,Lydia Sara,FEMALE,2022-03-23,Berkeley
14038,Madison,Foster,Madison Foster,FEMALE,2022-08-10,Sydney
14039,Nathan,Wang,Nathan Wang,MALE,2022-08-14,Sunbury
14040,Stephanie,Morris,Stephanie Morris,FEMALE,2023-06-12,El Cajon
14041,Danielle,Bell,Danielle Bell,FEMALE,2023-05-04,Westminster
14042,Stephanie,Adams,Stephanie Adams,FEMALE,2023-12-12,Yakima
14043,Mary,Gonzalez,Mary Gonzalez,FEMALE,2023-03-05,Portland
14044,Thomas,Wright,Thomas Wright,MALE,2022-03-24,Oakland
14045,Tanya,Ramos,Tanya Ramos,FEMALE,2022-08-10,Brisbane
14046,Cheryl,Sanz,Cheryl Sanz,FEMALE,2022-08-08,Melton
14047,Linda,Alvarez,Linda Alvarez,FEMALE,2022-07-31,Wollongong
14048,Wyatt,Mitchell,Wyatt Mitchell,MALE,2022-08-17,Bendigo
14049,Gina,Hernandez,Gina Hernandez,FEMALE,2022-07-31,Gold Coast
14050,Manuel,Lopez,Manuel Lopez,MALE,2022-08-08,Cloverdale
14051,Nathaniel,Rivera,Nathaniel Rivera,MALE,2022-08-08,Hobart
14052,Jorge,Ma,Jorge Ma,MALE,2023-01-30,Rockhampton
14053,Tamara,Huang,Tamara Huang,FEMALE,2023-02-06,St. Leonards
14054,Reginald,Martin,Reginald Martin,MALE,2023-11-29,Warrnambool
14055,Alejandro,Kumar,Alejandro Kumar,MALE,2022-08-09,Rhodes
14056,Nelson,Sanz,Nelson Sanz,MALE,2023-05-09,Bendigo
14057,Lance,Alonso,Lance Alonso,MALE,2023-09-04,North Ryde
14058,Johnny,Anand,Johnny Anand,MALE,2022-08-06,Brisbane
14059,Rodney,Ramos,Rodney Ramos,MALE,2023-03-17,Melbourne
14060,Cedric,Sharma,Cedric Sharma,MALE,2023-03-13,Melbourne
14061,Naomi,Torres,Naomi Torres,FEMALE,2023-02-27,St. Leonards
14062,Madison,Clark,Madison Clark,FEMALE,2022-08-19,Hervey Bay
14063,Patrick,Sands,Patrick Sands,FEMALE,2022-08-16,Matraville
14064,Stacey,Li,Stacey Li,FEMALE,2022-08-27,Townsville
14065,Samuel,Diaz,Samuel Diaz,MALE,2022-08-06,Gold Coast
14066,Melody,Jimenez,Melody Jimenez,FEMALE,2022-08-21,Geelong
14067,Larry,Sanz,Larry Sanz,MALE,2023-04-11,Melbourne
14068,Brent,McDonald,Brent McDonald,MALE,2023-05-02,North Sydney
14069,Joy,Serrano,Joy Serrano,FEMALE,2023-08-27,North Sydney
14070,Ricky,Alonso,Ricky Alonso,MALE,2022-08-17,South Melbourne
14071,Jack,Li,Jack Li,MALE,2022-08-13,Rockhampton
14072,Allen,Smith,Allen Smith,MALE,2023-07-23,Caloundra
14073,Gabriel,Alexander,Gabriel Alexander,MALE,2023-02-13,Geelong
14074,Barbara,Xu,Barbara Xu,FEMALE,2023-05-12,Gold Coast
14075,Robert,Harris,Robert Harris,MALE,2023-04-23,La Jolla
14076,Justin,Ross,Justin Ross,MALE,2023-05-03,Beaverton
14077,Bryan,Townsend,Bryan Townsend,MALE,2023-08-01,Royal Oak
14078,Ryan,Alexander,Ryan Alexander,MALE,2023-01-18,Haney
14079,Lauren,Price,Lauren Price,FEMALE,2023-01-28,Metchosin
14080,Cynthia,Srini,Cynthia Srini,FEMALE,2022-03-18,Beaverton
14081,Nicole,Butler,Nicole Butler,FEMALE,2022-03-22,Oakland
14082,Johnny,Jai,Johnny Jai,MALE,2023-12-14,Beaverton
14083,Nathan,Lopez,Nathan Lopez,MALE,2022-03-12,Kirkland
14084,Robert,Lal,Robert Lal,MALE,2023-05-04,Haney
14085,Nathan,Garcia,Nathan Garcia,MALE,2023-04-24,Issaquah
14086,Maurice,Chander,Maurice Chander,MALE,2023-10-22,Brisbane
14087,Harold,Garcia,Harold Garcia,MALE,2023-02-08,Townsville
14088,Alexandra,Lopez,Alexandra Lopez,FEMALE,2022-03-12,Woodburn
14089,Kaitlyn,Gray,Kaitlyn Gray,FEMALE,2022-03-10,El Cajon
14090,Jennifer,Lewis,Jennifer Lewis,FEMALE,2023-04-30,Daly City
14091,Logan,Thomas,Logan Thomas,MALE,2023-01-31,N. Vancouver
14092,Maurice,Nath,Maurice Nath,MALE,2023-09-08,Bellingham
14093,Jillian,Arthur,Jillian Arthur,FEMALE,2023-08-23,Beverly Hills
14094,Amanda,Russell,Amanda Russell,FEMALE,2023-04-26,West Covina
14095,Paige,Griffin,Paige Griffin,FEMALE,2022-04-29,National City
14096,Samuel,Green,Samuel Green,MALE,2023-06-11,Royal Oak
14097,Johnathan,Srini,Johnathan Srini,MALE,2023-07-25,Ballard
14098,Allison,Lopez,Allison Lopez,FEMALE,2022-04-11,Issaquah
14099,Rafael,Lin,Rafael Lin,MALE,2023-03-17,Port Macquarie
14100,Alisha,Xu,Alisha Xu,FEMALE,2023-06-12,Sunbury
14101,Franklin,Lal,Franklin Lal,MALE,2022-08-27,Newcastle
14102,Lisa,Huang,Lisa Huang,FEMALE,2022-08-16,North Ryde
14103,Monique,Blanco,Monique Blanco,FEMALE,2022-08-03,Port Macquarie
14104,Sydney,James,Sydney James,FEMALE,2022-04-02,Downey
14105,Jackson,Zhang,Jackson Zhang,MALE,2022-04-06,Lincoln Acres
14106,Melissa,Hughes,Melissa Hughes,FEMALE,2022-04-26,Oakland
14107,Alexandra,Garcia,Alexandra Garcia,FEMALE,2023-03-19,Haney
14108,Thomas,Yang,Thomas Yang,MALE,2023-04-08,N. Vancouver
14109,Aidan,Gonzales,Aidan Gonzales,MALE,2022-04-28,San Diego
14110,Dakota,Simmons,Dakota Simmons,MALE,2023-04-23,Langley
14111,Michael,Anderson,Michael Anderson,MALE,2023-07-31,Oregon City
14112,Charles,Sanchez,Charles Sanchez,MALE,2022-05-04,Colma
14113,Natalie,Lopez,Natalie Lopez,FEMALE,2023-05-07,Walla Walla
14114,Chloe,Martin,Chloe Martin,FEMALE,2024-01-28,Coronado
14115,Samantha,Gonzales,Samantha Gonzales,FEMALE,2022-05-06,Corvallis
14116,Brianna,Torres,Brianna Torres,FEMALE,2022-05-22,Sedro Woolley
14117,Emma,Cook,Emma Cook,FEMALE,2022-05-26,Yakima
14118,Elizabeth,Ross,Elizabeth Ross,FEMALE,2023-04-30,Royal Oak
14119,Paige,Cooper,Paige Cooper,FEMALE,2023-04-24,Langley
14120,Gabrielle,Cooper,Gabrielle Cooper,FEMALE,2022-05-22,Berkeley
14121,Devon,Goel,Devon Goel,MALE,2022-05-29,Bremerton
14122,Kaitlyn,Miller,Kaitlyn Miller,FEMALE,2023-04-16,Long Beach
14123,Erick,Mehta,Erick Mehta,MALE,2023-03-21,East Brisbane
14124,Justin,Li,Justin Li,MALE,2023-04-28,Goulburn
14125,Shane,Gonzalez,Shane Gonzalez,MALE,2022-08-20,Findon
14126,Andy,Dominguez,Andy Dominguez,MALE,2023-02-27,Sunbury
14127,Lacey,Zhang,Lacey Zhang,FEMALE,2022-08-12,Caloundra
14128,Ian,Harris,Ian Harris,MALE,2022-08-13,Rockhampton
14129,Monica,Martinez,Monica Martinez,FEMALE,2022-08-01,Silverwater
14130,Rebekah,Serrano,Rebekah Serrano,FEMALE,2022-08-03,Malabar
14131,Javier,Navarro,Javier Navarro,MALE,2022-08-08,Coffs Harbour
14132,Brandon,Ross,Brandon Ross,MALE,2022-08-16,Sunbury
14133,Ricardo,Kumar,Ricardo Kumar,MALE,2022-08-11,Hervey Bay
14134,Cassandra,Fernandez,Cassandra Fernandez,FEMALE,2022-08-01,Cloverdale
14135,Clayton,Xie,Clayton Xie,MALE,2023-04-18,Roncq
14136,Louis,She,Louis She,MALE,2023-05-23,Saint-Denis
14137,Joy,Ruiz,Joy Ruiz,FEMALE,2021-06-27,Bottrop
14138,Vincent,He,Vincent He,MALE,2021-06-05,Kassel
14139,Meredith,Sai,Meredith Sai,FEMALE,2021-06-30,Kiel
14140,Meagan,Sai,Meagan Sai,FEMALE,2021-06-06,Paderborn
14141,Ana,Bryant,Ana Bryant,FEMALE,2022-02-19,Villeneuve-d'Ascq
14142,Damien,Zheng,Damien Zheng,MALE,2023-10-29,Bonn
14143,Jill,Sandoval,Jill Sandoval,FEMALE,2023-04-12,London
14144,Lee,Gutierrez,Lee Gutierrez,MALE,2023-10-25,Cergy
14145,Jessie,Ye,Jessie Ye,MALE,2023-02-06,Paris
14146,Toni,Sara,Toni Sara,FEMALE,2021-04-19,Gateshead
14147,Marcus,Rivera,Marcus Rivera,MALE,2021-07-30,Bottrop
14148,Shaun,Sharma,Shaun Sharma,MALE,2021-08-27,Kassel
14149,Donald,Srini,Donald Srini,MALE,2021-08-11,Ingolstadt
14150,Billy,Munoz,Billy Munoz,MALE,2021-04-09,Leeds
14151,Marie,Martin,Marie Martin,FEMALE,2023-09-16,Roncq
14152,Luke,Turner,Luke Turner,MALE,2023-07-25,Villeneuve-d'Ascq
14153,Dylan,Lewis,Dylan Lewis,MALE,2023-05-11,Hof
14154,Willie,Gao,Willie Gao,MALE,2022-02-25,Verrieres Le Buisson
14155,Olivia,Morris,Olivia Morris,FEMALE,2021-04-28,Newcastle upon Tyne
14156,Preston,Gonzalez,Preston Gonzalez,MALE,2023-02-10,London
14157,Willie,Xu,Willie Xu,MALE,2021-04-10,London
14158,Craig,Moreno,Craig Moreno,MALE,2021-04-08,York
14159,Jay,Malhotra,Jay Malhotra,MALE,2021-04-07,Bracknell
14160,Brittney,Hu,Brittney Hu,FEMALE,2021-08-23,Erlangen
14161,Claudia,Li,Claudia Li,FEMALE,2021-08-04,Eilenburg
14162,Brett,Garcia,Brett Garcia,MALE,2021-08-10,Frankfurt
14163,Ebony,Garcia,Ebony Garcia,FEMALE,2021-08-19,Berlin
14164,Kari,Smith,Kari Smith,FEMALE,2021-08-13,Duesseldorf
14165,Natalie,Gray,Natalie Gray,FEMALE,2021-04-20,Newcastle upon Tyne
14166,Elizabeth,Jenkins,Elizabeth Jenkins,FEMALE,2023-02-14,Saint Germain en Laye
14167,Pamela,Subram,Pamela Subram,FEMALE,2021-08-14,Frankfurt
14168,Edwin,Guo,Edwin Guo,MALE,2024-01-25,Chatou
14169,Carmen,Martinez,Carmen Martinez,FEMALE,2022-02-13,Saint Germain en Laye
14170,Rebekah,Moreno,Rebekah Moreno,FEMALE,2022-03-07,Saint Ouen
14171,Michele,Lal,Michele Lal,FEMALE,2021-08-08,Frankfurt
14172,Carla,Garcia,Carla Garcia,FEMALE,2023-04-09,London
14173,Tonya,Shan,Tonya Shan,FEMALE,2023-05-25,Verrieres Le Buisson
14174,Alberto,Diaz,Alberto Diaz,MALE,2023-02-22,Berlin
14175,Cynthia,Mehta,Cynthia Mehta,FEMALE,2023-08-17,Bury
14176,Mindy,Rai,Mindy Rai,FEMALE,2023-06-10,Bobigny
14177,Kenneth,Nara,Kenneth Nara,MALE,2023-12-08,Dunkerque
14178,Katie,Raje,Katie Raje,FEMALE,2023-11-24,Paris
14179,Claudia,Xu,Claudia Xu,FEMALE,2024-01-14,Braunschweig
14180,Henry,Patel,Henry Patel,MALE,2023-05-09,Erlangen
14181,Adriana,Chandra,Adriana Chandra,FEMALE,2021-08-24,Frankfurt
14182,Steve,Lin,Steve Lin,MALE,2023-09-02,Frankfurt am Main
14183,Robyn,Carlson,Robyn Carlson,FEMALE,2021-04-10,Milton Keynes
14184,Caleb,Jenkins,Caleb Jenkins,MALE,2023-04-04,Runcorn
14185,Frank,Vazquez,Frank Vazquez,MALE,2022-03-17,Les Ulis
14186,Katrina,Tang,Katrina Tang,FEMALE,2022-03-20,Paris
14187,Eugene,Lu,Eugene Lu,MALE,2023-12-07,Hamburg
14188,Meagan,Sanchez,Meagan Sanchez,FEMALE,2023-07-20,Paris
14189,Krista,Martin,Krista Martin,FEMALE,2021-08-17,Dresden
14190,Candace,Patel,Candace Patel,FEMALE,2023-07-16,München
14191,Derrick,Martin,Derrick Martin,MALE,2021-04-11,Reading
14192,Ronald,Kapoor,Ronald Kapoor,MALE,2022-03-21,Pantin
14193,Pamela,Vance,Pamela Vance,FEMALE,2023-05-23,Duesseldorf
14194,Cassie,Rai,Cassie Rai,FEMALE,2023-03-13,London
14195,Clinton,Blanco,Clinton Blanco,MALE,2021-04-22,London
14196,Felicia,Dominguez,Felicia Dominguez,FEMALE,2023-04-13,Watford
14197,Frank,Gill,Frank Gill,MALE,2023-10-08,Braunschweig
14198,Daisy,Romero,Daisy Romero,FEMALE,2021-08-15,Hamburg
14199,Samuel,Anderson,Samuel Anderson,MALE,2023-06-03,Bury
14200,Colleen,Goel,Colleen Goel,FEMALE,2022-03-09,Colombes
14201,Marie,Serrano,Marie Serrano,FEMALE,2023-11-14,Paris
14202,Clayton,Zeng,Clayton Zeng,MALE,2023-04-28,Saarbrücken
14203,Seth,Rodriguez,Seth Rodriguez,MALE,2022-03-01,Bobigny
14204,Chelsea,Sara,Chelsea Sara,FEMALE,2023-01-28,Lieusaint
14205,Wesley,Wu,Wesley Wu,MALE,2023-03-19,Sèvres
14206,Edwin,West,Edwin West,MALE,2024-01-09,Kassel
14207,José,Saraiva,José Saraiva,MALE,2021-09-28,München
14208,Eugene,Xu,Eugene Xu,MALE,2023-02-05,Gloucestershire
14209,Craig,Ramos,Craig Ramos,MALE,2023-02-21,Lane Cove
14210,Jenny,Tang,Jenny Tang,FEMALE,2022-08-12,South Melbourne
14211,Emma,Bradley,Emma Bradley,FEMALE,2022-08-07,Gold Coast
14212,Erick,Madan,Erick Madan,MALE,2023-05-11,Darlinghurst
14213,Autumn,Guo,Autumn Guo,FEMALE,2023-05-06,Milsons Point
14214,Robyn,Munoz,Robyn Munoz,FEMALE,2022-08-14,Malabar
14215,Stacey,Yang,Stacey Yang,FEMALE,2022-08-14,Cloverdale
14216,Edwin,Zheng,Edwin Zheng,MALE,2022-08-07,Seaford
14217,Terrance,Lopez,Terrance Lopez,MALE,2023-03-09,Coffs Harbour
14218,Karl,Kumar,Karl Kumar,MALE,2022-08-17,Sunbury
14219,Christy,Ye,Christy Ye,FEMALE,2022-08-15,North Sydney
14220,Latasha,Romero,Latasha Romero,FEMALE,2022-08-11,Lane Cove
14221,Glenn,Zhao,Glenn Zhao,MALE,2023-03-07,St. Leonards
14222,Dawn,Zhang,Dawn Zhang,FEMALE,2023-08-18,Darlinghurst
14223,Larry,Rubio,Larry Rubio,MALE,2023-06-04,Hobart
14224,Tamara,She,Tamara She,FEMALE,2022-09-08,Lane Cove
14225,Alisha,Chen,Alisha Chen,FEMALE,2022-08-31,Hawthorne
14226,Heidi,Mehta,Heidi Mehta,FEMALE,2022-09-01,Lavender Bay
14227,Alison,Xu,Alison Xu,FEMALE,2023-02-26,Milsons Point
14228,Arturo,Raje,Arturo Raje,MALE,2023-04-29,Melbourne
14229,Allen,Perez,Allen Perez,MALE,2023-05-17,Geelong
14230,Luis,Coleman,Luis Coleman,MALE,2022-09-05,Townsville
14231,Kari,Sai,Kari Sai,FEMALE,2023-02-08,Findon
14232,Omar,Huang,Omar Huang,MALE,2023-03-30,Rockhampton
14233,Ricardo,She,Ricardo She,MALE,2023-07-03,Malabar
14234,Gina,Romero,Gina Romero,FEMALE,2022-08-29,Perth
14235,Larry,Alvarez,Larry Alvarez,MALE,2022-09-23,Wollongong
14236,Abigail,Richardson,Abigail Richardson,FEMALE,2022-09-21,Melbourne
14237,Kate,Andersen,Kate Andersen,FEMALE,2023-04-07,Cloverdale
14238,Jay,Gonzalez,Jay Gonzalez,MALE,2022-09-13,Wollongong
14239,Maria,Peterson,Maria Peterson,FEMALE,2022-05-06,Lakewood
14240,Caroline,Foster,Caroline Foster,FEMALE,2022-05-26,Kirkland
14241,Grace,Wood,Grace Wood,FEMALE,2023-07-31,Coronado
14242,Rafael,Ye,Rafael Ye,MALE,2022-06-12,Bremerton
14243,Gregory,Winston,Gregory Winston,FEMALE,2023-04-06,Oregon City
14244,Jennifer,Griffin,Jennifer Griffin,FEMALE,2023-04-18,Metchosin
14245,Ana,Russell,Ana Russell,FEMALE,2023-01-30,Woodburn
14246,Devin,Garcia,Devin Garcia,MALE,2023-03-02,Glendale
14247,Hunter,Allen,Hunter Allen,MALE,2024-01-10,Spokane
14248,Misty,Tang,Misty Tang,FEMALE,2023-09-24,Bellflower
14249,Eduardo,Thomas,Eduardo Thomas,MALE,2023-05-30,National City
14250,Adam,Collins,Adam Collins,MALE,2023-08-30,Concord
14251,Alex,Brooks,Alex Brooks,MALE,2023-11-06,Santa Cruz
14252,Destiny,Cook,Destiny Cook,FEMALE,2023-12-20,Portland
14253,Eduardo,Scott,Eduardo Scott,MALE,2022-06-01,Burbank
14254,Tabitha,Gill,Tabitha Gill,FEMALE,2023-07-02,Bellflower
14255,Jonathan,Jackson,Jonathan Jackson,MALE,2022-06-09,Edmonds
14256,Elizabeth,Robinson,Elizabeth Robinson,FEMALE,2022-06-11,Lynnwood
14257,James,Carter,James Carter,MALE,2023-08-19,National City
14258,Haley,Foster,Haley Foster,FEMALE,2024-01-24,San Carlos
14259,Antonio,Flores,Antonio Flores,MALE,2022-09-16,Melton
14260,Frank,Ruiz,Frank Ruiz,MALE,2022-09-05,Warrnambool
14261,Meredith,Subram,Meredith Subram,FEMALE,2022-09-09,Rhodes
14262,Jon,He,Jon He,MALE,2022-09-03,Port Macquarie
14263,Nina,Lal,Nina Lal,FEMALE,2022-09-01,Silverwater
14264,Karl,Lal,Karl Lal,MALE,2022-09-15,Seaford
14265,Garrett,Bell,Garrett Bell,MALE,2023-07-02,Shawnee
14266,Cory,Patel,Cory Patel,MALE,2023-02-27,Bellingham
14267,Lauren,Wood,Lauren Wood,FEMALE,2022-06-02,Corvallis
14268,Isabella,Roberts,Isabella Roberts,FEMALE,2022-06-27,Beverly Hills
14269,Tony,She,Tony She,MALE,2023-09-23,Beverly Hills
14270,James,Ross,James Ross,MALE,2022-06-21,La Jolla
14271,Lucas,Wright,Lucas Wright,MALE,2023-03-08,Spokane
14272,Sydney,Ward,Sydney Ward,FEMALE,2022-06-08,Puyallup
14273,Angel,Parker,Angel Parker,MALE,2023-09-06,San Gabriel
14274,Edward,Williams,Edward Williams,MALE,2023-04-28,Royal Oak
14275,Arthur,Prasad,Arthur Prasad,MALE,2022-09-19,Findon
14276,Melody,Suarez,Melody Suarez,FEMALE,2022-09-07,Townsville
14277,Jerry,She,Jerry She,MALE,2022-09-21,Rockhampton
14278,Olivia,Sanchez,Olivia Sanchez,FEMALE,2023-07-19,Melbourne
14279,Taylor,Barnes,Taylor Barnes,FEMALE,2022-09-06,Warrnambool
14280,Isaac,Oliver,Isaac Oliver,MALE,2023-04-20,Bremerton
14281,Daniel,Wilson,Daniel Wilson,MALE,2023-05-08,Vancouver
14282,Brianna,Lewis,Brianna Lewis,FEMALE,2023-03-07,Newton
14283,Seth,Simmons,Seth Simmons,MALE,2022-06-21,Lake Oswego
14284,Wyatt,Anderson,Wyatt Anderson,MALE,2022-06-10,Sedro Woolley
14285,Taylor,Hughes,Taylor Hughes,FEMALE,2022-05-30,Burlingame
14286,Kristine,Hernandez,Kristine Hernandez,FEMALE,2022-09-26,Newcastle
14287,Derek,Xie,Derek Xie,MALE,2022-09-09,Port Macquarie
14288,Christina,Ramirez,Christina Ramirez,FEMALE,2022-05-31,El Cajon
14289,Jessica,Martinez,Jessica Martinez,FEMALE,2022-06-01,Santa Cruz
14290,Jonathan,Wilson,Jonathan Wilson,MALE,2022-07-22,Corvallis
14291,Tyler,White,Tyler White,MALE,2023-01-29,Oak Bay
14292,Isabella,Ross,Isabella Ross,FEMALE,2022-07-21,Concord
14293,Kyle,Campbell,Kyle Campbell,MALE,2023-08-18,Daly City
14294,Steven,Gray,Steven Gray,MALE,2023-04-25,El Cajon
14295,Hannah,Thomas,Hannah Thomas,FEMALE,2023-05-28,West Covina
14296,Benjamin,Russell,Benjamin Russell,MALE,2023-05-28,Beaverton
14297,Kristin,Raji,Kristin Raji,FEMALE,2022-07-16,Bellflower
14298,Kaitlyn,Jenkins,Kaitlyn Jenkins,FEMALE,2022-07-15,Los Angeles
14299,Jermaine,Chandra,Jermaine Chandra,MALE,2022-09-07,Goulburn
14300,Colin,He,Colin He,MALE,2022-09-14,Seaford
14301,Ruben,Vazquez,Ruben Vazquez,MALE,2022-09-01,Port Macquarie
14302,April,Beck,April Beck,FEMALE,2022-08-28,Brisbane
14303,Briana,Ramos,Briana Ramos,FEMALE,2022-09-19,Port Macquarie
14304,Jacquelyn,Jimenez,Jacquelyn Jimenez,FEMALE,2022-09-26,Melbourne
14305,Brendan,Shen,Brendan Shen,MALE,2022-09-19,Goulburn
14306,Byron,Ramos,Byron Ramos,MALE,2022-09-04,Hobart
14307,Ross,Perez,Ross Perez,MALE,2023-02-19,Darlinghurst
14308,Marie,Ramos,Marie Ramos,FEMALE,2022-09-14,Lane Cove
14309,Orlando,Sanz,Orlando Sanz,MALE,2023-02-25,Perth
14310,Jon,Zeng,Jon Zeng,MALE,2022-09-17,Rhodes
14311,Erik,Alvarez,Erik Alvarez,MALE,2023-03-06,Sydney
14312,Claudia,Lin,Claudia Lin,FEMALE,2023-02-18,Caloundra
14313,Christian,Smith,Christian Smith,MALE,2023-08-09,Port Macquarie
14314,Katherine,Cooper,Katherine Cooper,FEMALE,2023-06-20,Hobart
14315,Carl,Chander,Carl Chander,MALE,2023-04-22,Townsville
14316,Leonard,Anand,Leonard Anand,MALE,2022-08-30,Coffs Harbour
14317,Steve,Liang,Steve Liang,MALE,2023-02-05,Lavender Bay
14318,Seth,Rogers,Seth Rogers,MALE,2023-03-11,Rockhampton
14319,Renee,Sanz,Renee Sanz,FEMALE,2023-07-01,Warrnambool
14320,Amy,Hu,Amy Hu,FEMALE,2023-07-18,Perth
14321,Jackson,Evans,Jackson Evans,MALE,2023-11-14,Sunbury
14322,Sydney,Thomas,Sydney Thomas,FEMALE,2022-08-31,Coffs Harbour
14323,Colin,Tang,Colin Tang,MALE,2022-09-13,Rhodes
14324,Jessie,Alvarez,Jessie Alvarez,FEMALE,2022-09-04,South Melbourne
14325,Crystal,Li,Crystal Li,FEMALE,2022-09-24,Melbourne
14326,Joe,Perez,Joe Perez,MALE,2022-09-04,Townsville
14327,Kyle,Butler,Kyle Butler,MALE,2023-11-18,Downey
14328,Andrea,Rogers,Andrea Rogers,FEMALE,2023-02-22,Shawnee
14329,Holly,Sanchez,Holly Sanchez,FEMALE,2023-01-28,Burbank
14330,Matthew,Harris,Matthew Harris,MALE,2023-05-14,Sooke
14331,Timothy,Murphy,Timothy Murphy,MALE,2023-09-23,Milwaukie
14332,Jade,Rogers,Jade Rogers,FEMALE,2023-06-06,N. Vancouver
14333,Bobby,Suri,Bobby Suri,MALE,2023-11-27,Bremerton
14334,Patrick,Murphy,Patrick Murphy,MALE,2022-07-24,Walla Walla
14335,Allison,Cox,Allison Cox,FEMALE,2022-06-30,Walla Walla
14336,Gabriel,Baker,Gabriel Baker,MALE,2022-07-06,Beaverton
14337,Olivia,Coleman,Olivia Coleman,FEMALE,2022-08-03,Oregon City
14338,Natalie,Taylor,Natalie Taylor,FEMALE,2023-05-17,Cliffside
14339,Brandy,Suri,Brandy Suri,FEMALE,2023-02-12,Bellflower
14340,Miranda,Butler,Miranda Butler,FEMALE,2024-01-05,Salem
14341,Sean,Sanders,Sean Sanders,MALE,2023-07-10,Langley
14342,Beth,Ruiz,Beth Ruiz,FEMALE,2022-07-31,Ballard
14343,Xavier,Turner,Xavier Turner,MALE,2022-08-18,Corvallis
14344,Kurt,Xie,Kurt Xie,MALE,2023-04-19,Gold Coast
14345,Kristi,Rodriguez,Kristi Rodriguez,FEMALE,2022-08-30,Bendigo
14346,Evelyn,Perez,Evelyn Perez,FEMALE,2022-09-26,Goulburn
14347,Tara,Goel,Tara Goel,FEMALE,2022-09-22,Malabar
14348,Alex,Scott,Alex Scott,MALE,2022-09-04,Port Macquarie
14349,Nicole,Griffin,Nicole Griffin,FEMALE,2023-09-11,Oregon City
14350,Emily,Moore,Emily Moore,FEMALE,2023-09-18,Portland
14351,Riley,Gray,Riley Gray,FEMALE,2023-03-20,Berkeley
14352,Melissa,Butler,Melissa Butler,FEMALE,2023-07-10,Lynnwood
14353,Erin,Reed,Erin Reed,FEMALE,2023-03-16,Vancouver
14354,Seth,Green,Seth Green,MALE,2022-08-24,San Carlos
14355,Ian,King,Ian King,MALE,2022-08-14,Lebanon
14356,Isabella,Baker,Isabella Baker,FEMALE,2022-08-23,San Gabriel
14357,Dalton,Collins,Dalton Collins,MALE,2022-08-26,Santa Cruz
14358,Amanda,Watson,Amanda Watson,FEMALE,2023-07-29,Kirkland
14359,Eduardo,Henderson,Eduardo Henderson,MALE,2023-02-10,Metchosin
14360,Samantha,Patterson,Samantha Patterson,FEMALE,2023-10-24,Mill Valley
14361,Franklin,Raje,Franklin Raje,MALE,2024-01-06,Bremerton
14362,Roberto,Gill,Roberto Gill,MALE,2022-08-12,Beaverton
14363,Natalie,Long,Natalie Long,FEMALE,2023-04-29,Westminster
14364,Mario,Rai,Mario Rai,MALE,2022-08-13,Berkeley
14365,Evan,Ward,Evan Ward,MALE,2022-07-31,Long Beach
14366,Anna,Brooks,Anna Brooks,FEMALE,2022-09-15,Marysville
14367,Courtney,Green,Courtney Green,FEMALE,2022-09-03,Milwaukie
14368,Richard,Thompson,Richard Thompson,MALE,2024-01-14,Concord
14369,Devin,Sanchez,Devin Sanchez,MALE,2023-07-06,Oregon City
14370,Meghan,Dominguez,Meghan Dominguez,FEMALE,2023-07-13,Burnaby
14371,Jeremiah,Lewis,Jeremiah Lewis,MALE,2023-03-15,Sooke
14372,Kaitlyn,Washington,Kaitlyn Washington,FEMALE,2023-06-11,Port Orchard
14373,Ricardo,Jai,Ricardo Jai,MALE,2023-06-21,Burlingame
14374,David,Yang,David Yang,MALE,2022-09-27,National City
14375,Alexandra,Moore,Alexandra Moore,FEMALE,2023-07-02,Walla Walla
14376,Faith,Torres,Faith Torres,FEMALE,2023-07-30,Everett
14377,Paula,Ruiz,Paula Ruiz,FEMALE,2022-09-12,Bellingham
14378,Cory,Mehta,Cory Mehta,MALE,2022-09-17,Burlingame
14379,Richard,Foster,Richard Foster,MALE,2022-09-20,Fremont
14380,Kaylee,Watson,Kaylee Watson,FEMALE,2022-09-18,Lebanon
14381,Alexa,Cooper,Alexa Cooper,FEMALE,2022-09-02,Corvallis
14382,Darren,Blanco,Darren Blanco,MALE,2022-09-02,Berkeley
14383,Marvin,Ferrier,Marvin Ferrier,MALE,2023-08-11,Concord
14384,Rachel,Miller,Rachel Miller,FEMALE,2023-10-06,Sedro Woolley
14385,Maria,Hall,Maria Hall,FEMALE,2022-10-18,Lebanon
14386,Marissa,Wood,Marissa Wood,FEMALE,2022-10-10,Glendale
14387,Brittany,Hughes,Brittany Hughes,FEMALE,2023-05-02,Langley
14388,Kaylee,Rogers,Kaylee Rogers,FEMALE,2023-05-28,National City
14389,Ryan,Harris,Ryan Harris,MALE,2023-10-30,Downey
14390,Logan,Kumar,Logan Kumar,MALE,2023-11-03,Santa Monica
14391,Jason,Long,Jason Long,MALE,2023-09-24,Sedro Woolley
14392,Justin,Jackson,Justin Jackson,MALE,2022-10-08,Yakima
14393,José,Perez,José Perez,MALE,2023-09-29,Corvallis
14394,Jacob,Rodriguez,Jacob Rodriguez,MALE,2022-10-19,Bellingham
14395,Devin,Reed,Devin Reed,MALE,2023-10-17,Grossmont
14396,Zoe,Sanchez,Zoe Sanchez,FEMALE,2023-07-17,Olympia
14397,Sierra,Edwards,Sierra Edwards,FEMALE,2024-01-25,Port Orchard
14398,James,Anderson,James Anderson,MALE,2022-10-12,Spokane
14399,Jeremy,Peterson,Jeremy Peterson,MALE,2023-04-12,San Diego
14400,Brandon,Brown,Brandon Brown,MALE,2022-10-02,San Francisco
14401,Jose,Kumar,Jose Kumar,MALE,2023-05-22,Salem
14402,Hailey,Parker,Hailey Parker,FEMALE,2023-12-31,Tacoma
14403,Angelica,Russell,Angelica Russell,FEMALE,2023-12-13,Bellflower
14404,Rachel,Davis,Rachel Davis,FEMALE,2023-02-22,Ballard
14405,Dylan,Walker,Dylan Walker,MALE,2023-09-21,Bellingham
14406,Carrie,Schmidt,Carrie Schmidt,FEMALE,2022-10-06,Berkeley
14407,Thomas,Bryant,Thomas Bryant,MALE,2024-01-03,Coronado
14408,Jasmine,Cook,Jasmine Cook,FEMALE,2023-12-06,National City
14409,Eric,Wang,Eric Wang,MALE,2023-07-01,National City
14410,Arianna,Brooks,Arianna Brooks,FEMALE,2023-11-26,Newport Beach
14411,Ashley,Johnson,Ashley Johnson,FEMALE,2022-10-03,Lake Oswego
14412,Nicole,Blue,Nicole Blue,FEMALE,2022-10-27,Lebanon
14413,Rachel,Patterson,Rachel Patterson,FEMALE,2022-10-22,Chula Vista
14414,Rachel,Wilson,Rachel Wilson,FEMALE,2022-10-14,Coronado
14415,William,Davis,William Davis,MALE,2022-10-14,Long Beach
14416,Madison,Flores,Madison Flores,FEMALE,2023-05-20,Oak Bay
14417,Ernest,Lu,Ernest Lu,MALE,2022-10-02,Bellingham
14418,Rebecca,Young,Rebecca Young,FEMALE,2022-10-01,Lake Oswego
14419,Abigail,Ward,Abigail Ward,FEMALE,2022-11-12,Oregon City
14420,Chloe,Wright,Chloe Wright,FEMALE,2022-11-26,Lynnwood
14421,Hannah,Barnes,Hannah Barnes,FEMALE,2022-11-05,Woodburn
14422,Cara,Lu,Cara Lu,FEMALE,2023-04-06,Stuttgart
14423,Jill,Ruiz,Jill Ruiz,FEMALE,2023-04-04,Cheltenham
14424,Stefanie,Raman,Stefanie Raman,FEMALE,2022-03-04,Verrieres Le Buisson
14425,Victor,Carlson,Victor Carlson,MALE,2021-09-15,Duesseldorf
14426,Madison,Hughes,Madison Hughes,FEMALE,2021-09-21,Erlangen
14427,Emmanuel,Patel,Emmanuel Patel,MALE,2021-04-06,London
14428,Cassie,Andersen,Cassie Andersen,FEMALE,2021-08-29,Poing
14429,Lacey,He,Lacey He,FEMALE,2021-03-31,London
14430,Sydney,Jones,Sydney Jones,FEMALE,2023-10-02,Seattle
14431,Kayla,Moore,Kayla Moore,FEMALE,2024-01-14,Beverly Hills
14432,Antonio,Russell,Antonio Russell,MALE,2023-09-12,Port Orchard
14433,Jennifer,Peterson,Jennifer Peterson,FEMALE,2022-11-05,Concord
14434,Sophia,Hill,Sophia Hill,FEMALE,2022-11-12,Daly City
14435,Jennifer,Wilson,Jennifer Wilson,FEMALE,2023-08-12,La Jolla
14436,John,Martin,John Martin,MALE,2023-05-17,Vancouver
14437,Mitchell,Anand,Mitchell Anand,MALE,2023-12-18,Beaverton
14438,Gabrielle,Gonzales,Gabrielle Gonzales,FEMALE,2022-11-07,Issaquah
14439,Brian,Cox,Brian Cox,MALE,2022-11-02,Puyallup
14440,Jon,Tang,Jon Tang,MALE,2022-10-30,Bellflower
14441,William,Lewis,William Lewis,MALE,2023-04-23,Bellflower
14442,Shelby,Peterson,Shelby Peterson,FEMALE,2022-11-18,Lemon Grove
14443,Benjamin,Wilson,Benjamin Wilson,MALE,2023-03-21,Mill Valley
14444,Patrick,Sanders,Patrick Sanders,MALE,2023-06-24,Mill Valley
14445,Benjamin,Henderson,Benjamin Henderson,MALE,2023-04-06,Palo Alto
14446,Jeremiah,Johnson,Jeremiah Johnson,MALE,2023-02-01,Royal Oak
14447,Madison,Alexander,Madison Alexander,FEMALE,2022-11-16,Bellingham
14448,Lauren,Butler,Lauren Butler,FEMALE,2022-11-11,Corvallis
14449,Logan,Jenkins,Logan Jenkins,MALE,2022-11-10,Marysville
14450,Kevin,Butler,Kevin Butler,MALE,2023-05-23,Imperial Beach
14451,Tyler,Moore,Tyler Moore,MALE,2022-11-03,Lakewood
14452,Alex,Gonzalez,Alex Gonzalez,MALE,2022-11-12,Puyallup
14453,Jesse,Scott,Jesse Scott,MALE,2022-11-04,Bremerton
14454,Kayla,Anderson,Kayla Anderson,FEMALE,2023-04-02,La Jolla
14455,Alexandra,Mitchell,Alexandra Mitchell,FEMALE,2023-03-02,Metchosin
14456,Benjamin,Walker,Benjamin Walker,MALE,2022-10-30,Sedro Woolley
14457,Thomas,White,Thomas White,MALE,2022-11-30,La Jolla
14458,Jordan,Yang,Jordan Yang,MALE,2023-07-17,Royal Oak
14459,Cody,Gray,Cody Gray,MALE,2023-06-14,Vancouver
14460,Jose,Long,Jose Long,MALE,2023-12-04,Everett
14461,Chloe,Gonzalez,Chloe Gonzalez,FEMALE,2022-12-20,Spokane
14462,Beth,Sanz,Beth Sanz,FEMALE,2023-09-17,Beverly Hills
14463,Julia,Patterson,Julia Patterson,FEMALE,2023-03-08,Coronado
14464,Elizabeth,Price,Elizabeth Price,FEMALE,2022-12-15,San Carlos
14465,Dakota,Patterson,Dakota Patterson,MALE,2023-02-08,Lake Oswego
14466,Logan,Adams,Logan Adams,MALE,2023-10-13,Oregon City
14467,Aidan,Russell,Aidan Russell,MALE,2023-05-10,Redmond
14468,Grace,Rivera,Grace Rivera,FEMALE,2023-02-11,Tacoma
14469,Angela,Bell,Angela Bell,FEMALE,2023-03-31,Yakima
14470,Jeremy,Robinson,Jeremy Robinson,MALE,2022-12-17,Mill Valley
14471,Gabriel,Gonzalez,Gabriel Gonzalez,MALE,2022-12-01,San Carlos
14472,Natalie,Diaz,Natalie Diaz,FEMALE,2022-12-25,San Gabriel
14473,Miguel,King,Miguel King,MALE,2022-12-07,Santa Cruz
14474,Jacqueline,Murphy,Jacqueline Murphy,FEMALE,2024-01-28,Oakland
14475,Isabella,Perry,Isabella Perry,FEMALE,2023-04-17,Seattle
14476,Bryce,Reed,Bryce Reed,MALE,2023-08-26,Burien
14477,Lauren,Lee,Lauren Lee,FEMALE,2022-12-04,Santa Cruz
14478,Abigail,Patterson,Abigail Patterson,FEMALE,2023-06-09,Langford
14479,Samantha,Smith,Samantha Smith,FEMALE,2023-12-12,Woodland Hills
14480,Jackson,Gonzalez,Jackson Gonzalez,MALE,2023-08-12,Vancouver
14481,Mary,Edwards,Mary Edwards,FEMALE,2022-12-18,Bremerton
14482,Noah,Perez,Noah Perez,MALE,2024-01-05,Corvallis
14483,Nicole,Henderson,Nicole Henderson,FEMALE,2023-05-16,Lake Oswego
14484,Samantha,Hall,Samantha Hall,FEMALE,2022-12-02,National City
14485,Bailey,Stewart,Bailey Stewart,FEMALE,2022-12-18,Redwood City
14486,Jonathan,Coleman,Jonathan Coleman,MALE,2022-11-28,Santa Cruz
14487,Seth,Hall,Seth Hall,MALE,2023-06-09,San Carlos
14488,Connor,Hughes,Connor Hughes,MALE,2023-10-09,Berkeley
14489,Jason,Wang,Jason Wang,MALE,2023-10-27,Glendale
14490,Aidan,Butler,Aidan Butler,MALE,2023-12-04,Coronado
14491,Isaac,Bailey,Isaac Bailey,MALE,2023-05-26,San Diego
14492,Justin,Patterson,Justin Patterson,MALE,2023-04-20,Renton
14493,Sara,Parker,Sara Parker,FEMALE,2023-12-05,Torrance
14494,Cameron,Diaz,Cameron Diaz,MALE,2022-12-01,Salem
14495,Nathan,Diaz,Nathan Diaz,MALE,2022-12-18,Grossmont
14496,Cindy,Stewart,Cindy Stewart,FEMALE,2023-06-04,Langford
14497,Allison,Scott,Allison Scott,FEMALE,2023-06-01,Langley
14498,Katie,Luo,Katie Luo,FEMALE,2022-11-29,Chula Vista
14499,Samuel,Flores,Samuel Flores,MALE,2023-10-30,Downey
14500,Jasmine,Ward,Jasmine Ward,FEMALE,2024-01-15,Torrance
14501,Ruben,Prasad,Ruben Prasad,MALE,2020-12-29,Beverly Hills
14502,Katelyn,Wright,Katelyn Wright,FEMALE,2023-03-18,Metchosin
14503,Brianna,Alexander,Brianna Alexander,FEMALE,2023-05-18,Walla Walla
14504,Nicole,Jones,Nicole Jones,FEMALE,2023-07-22,Victoria
14505,Alex,Edwards,Alex Edwards,MALE,2023-02-14,Beverly Hills
14506,Stacy,Suarez,Stacy Suarez,FEMALE,2023-11-13,Beaverton
14507,Eric,Wright,Eric Wright,MALE,2023-02-12,Woodland Hills
14508,Madison,Hall,Madison Hall,FEMALE,2023-05-28,Newport Beach
14509,Bridget,Deng,Bridget Deng,FEMALE,2023-09-29,Beaverton
14510,Samuel,Hernandez,Samuel Hernandez,MALE,2021-01-22,Everett
14511,Danielle,Rogers,Danielle Rogers,FEMALE,2023-04-05,Issaquah
14512,Christopher,Jones,Christopher Jones,MALE,2023-02-06,Puyallup
14513,Alexandra,Turner,Alexandra Turner,FEMALE,2023-10-20,Burlingame
14514,Rachel,Jones,Rachel Jones,FEMALE,2024-01-26,Berkeley
14515,Anna,Cooper,Anna Cooper,FEMALE,2023-10-15,Lemon Grove
14516,Tommy,Lal,Tommy Lal,MALE,2023-02-21,Malabar
14517,Ebony,Rodriguez,Ebony Rodriguez,FEMALE,2023-07-10,North Sydney
14518,Ann,Mehta,Ann Mehta,FEMALE,2023-02-17,Caloundra
14519,Denise,Rana,Denise Rana,FEMALE,2023-03-13,Beaverton
14520,Bonnie,Xu,Bonnie Xu,FEMALE,2021-01-04,Bremerton
14521,Rodney,Romero,Rodney Romero,MALE,2023-07-18,Hawthorne
14522,Omar,Zheng,Omar Zheng,MALE,2023-05-14,Melton
14523,Lydia,Fernandez,Lydia Fernandez,FEMALE,2022-09-16,Springwood
14524,Carla,Prasad,Carla Prasad,FEMALE,2022-03-04,Morangis
14525,Claudia,Sun,Claudia Sun,FEMALE,2021-04-08,Gateshead
14526,Emily,Hall,Emily Hall,FEMALE,2023-06-15,Darmstadt
14527,Kurt,Raji,Kurt Raji,MALE,2023-11-10,Kassel
14528,Casey,Ramos,Casey Ramos,MALE,2023-07-27,Mühlheim
14529,Kaitlin,Sai,Kaitlin Sai,FEMALE,2023-04-13,W. York
14530,Ethan,Smith,Ethan Smith,MALE,2023-03-20,Warrington
14531,Abigail,Garcia,Abigail Garcia,FEMALE,2023-02-24,Warrington
14532,Barbara,Wu,Barbara Wu,FEMALE,2023-03-15,Courbevoie
14533,Roberto,Alonso,Roberto Alonso,MALE,2023-09-04,Berks
14534,Abby,Rana,Abby Rana,FEMALE,2023-11-04,Chatou
14535,Dustin,Anand,Dustin Anand,MALE,2023-03-08,High Wycombe
14536,Krystal,Wu,Krystal Wu,FEMALE,2023-07-03,Colomiers
14537,Clayton,Cai,Clayton Cai,MALE,2023-07-07,Berlin
14538,Katherine,Brown,Katherine Brown,FEMALE,2022-03-04,Lille
14539,Carrie,Alonso,Carrie Alonso,FEMALE,2022-03-02,Paris
14540,Randy,Lin,Randy Lin,MALE,2023-03-09,London
14541,Douglas,Kapoor,Douglas Kapoor,MALE,2021-09-08,Neunkirchen
14542,Alex,Ward,Alex Ward,MALE,2023-07-19,Newcastle upon Tyne
14543,Heather,Lu,Heather Lu,FEMALE,2023-07-05,München
14544,Darryl,West,Darryl West,MALE,2023-05-11,Roubaix
14545,Faith,Henderson,Faith Henderson,FEMALE,2023-04-13,Bury
14546,Christina,Sanchez,Christina Sanchez,FEMALE,2023-03-18,Oxford
14547,Noah,Thompson,Noah Thompson,MALE,2023-11-23,Runcorn
14548,Maria,Turner,Maria Turner,FEMALE,2023-11-01,Dunkerque
14549,Arturo,Goel,Arturo Goel,MALE,2023-08-16,Berlin
14550,Kristy,Vazquez,Kristy Vazquez,FEMALE,2023-09-07,Colomiers
14551,Michele,Vance,Michele Vance,FEMALE,2023-12-20,Kiel
14552,Daisy,Ramos,Daisy Ramos,FEMALE,2023-10-22,Berks
14553,Leah,Ma,Leah Ma,FEMALE,2023-03-20,Reading
14554,Isaac,Mitchell,Isaac Mitchell,MALE,2023-04-07,Stoke-on-Trent
14555,Jodi,Kumar,Jodi Kumar,FEMALE,2022-03-28,Croix
14556,Rafael,He,Rafael He,MALE,2023-09-26,Drancy
14557,Mathew,Sanz,Mathew Sanz,MALE,2023-01-29,Hobart
14558,Marcel,Truempy,Marcel Truempy,FEMALE,2021-01-25,Yakima
14559,Ashley,Washington,Ashley Washington,FEMALE,2021-01-16,Long Beach
14560,Kelvin,Huang,Kelvin Huang,MALE,2021-01-05,Bellflower
14561,Eduardo,Miller,Eduardo Miller,MALE,2023-02-01,Shawnee
14562,Bryce,Stewart,Bryce Stewart,MALE,2023-05-19,Concord
14563,Fernando,Carter,Fernando Carter,MALE,2023-07-24,Olympia
14564,Chloe,Bailey,Chloe Bailey,FEMALE,2023-12-19,San Diego
14565,Natalie,Hernandez,Natalie Hernandez,FEMALE,2021-02-03,National City
14566,Kaylee,Mitchell,Kaylee Mitchell,FEMALE,2023-04-17,Haney
14567,Seth,Thomas,Seth Thomas,MALE,2023-01-28,Shawnee
14568,Priscilla,Kumar,Priscilla Kumar,FEMALE,2023-04-07,Beaverton
14569,Kristopher,Rodriguez,Kristopher Rodriguez,MALE,2023-10-22,Bellingham
14570,Hannah,Henderson,Hannah Henderson,FEMALE,2023-05-05,Yakima
14571,Rachel,Richardson,Rachel Richardson,FEMALE,2023-08-21,Bellflower
14572,Melanie,Foster,Melanie Foster,FEMALE,2021-02-16,Lincoln Acres
14573,Madison,Wood,Madison Wood,FEMALE,2023-09-26,W. Linn
14574,Katherine,Powell,Katherine Powell,FEMALE,2023-06-23,Sooke
14575,Rachel,Lee,Rachel Lee,FEMALE,2024-01-23,Redmond
14576,Anna,Price,Anna Price,FEMALE,2021-02-10,Renton
14577,Natalie,Rogers,Natalie Rogers,FEMALE,2021-02-26,Corvallis
14578,Jonathan,Carter,Jonathan Carter,MALE,2023-06-28,Cliffside
14579,Luis,Henderson,Luis Henderson,MALE,2023-03-03,Lake Oswego
14580,Kyle,Diaz,Kyle Diaz,MALE,2021-03-16,Novato
14581,Kevin,Adams,Kevin Adams,MALE,2021-03-06,Portland
14582,Marcus,Reed,Marcus Reed,MALE,2023-02-10,Victoria
14583,Sydney,Morris,Sydney Morris,FEMALE,2024-01-03,Lake Oswego
14584,Gabrielle,Mitchell,Gabrielle Mitchell,FEMALE,2021-03-07,West Covina
14585,Kimberly,Torres,Kimberly Torres,FEMALE,2021-03-26,Woodland Hills
14586,Todd,Rowe,Todd Rowe,FEMALE,2023-11-19,Newton
14587,Jade,Peterson,Jade Peterson,FEMALE,2023-05-27,Lebanon
14588,Alexander,Taylor,Alexander Taylor,MALE,2023-09-20,Renton
14589,Mackenzie,Cook,Mackenzie Cook,FEMALE,2021-03-29,Redwood City
14590,Marissa,Butler,Marissa Butler,FEMALE,2021-03-19,Concord
14591,Charles,Harris,Charles Harris,MALE,2021-04-07,Lemon Grove
14592,Jessica,Thompson,Jessica Thompson,FEMALE,2023-06-02,Walla Walla
14593,Jack,Washington,Jack Washington,MALE,2023-06-17,West Covina
14594,Lauren,Taylor,Lauren Taylor,FEMALE,2023-04-28,West Covina
14595,Andrea,Ward,Andrea Ward,FEMALE,2023-10-30,Glendale
14596,Amber,Hill,Amber Hill,FEMALE,2021-04-12,Grossmont
14597,Sean,Reed,Sean Reed,MALE,2023-06-28,Langford
14598,Miranda,Ross,Miranda Ross,FEMALE,2023-06-03,Vancouver
14599,Charles,Wilson,Charles Wilson,MALE,2021-04-22,Lebanon
14600,Ariana,Ramirez,Ariana Ramirez,FEMALE,2023-09-10,Port Orchard
14601,Nicolas,Rai,Nicolas Rai,MALE,2021-04-29,Concord
14602,Kaylee,Kelly,Kaylee Kelly,FEMALE,2021-04-06,West Covina
14603,Sara,Ward,Sara Ward,FEMALE,2021-04-07,Redwood City
14604,Nicholas,Rodriguez,Nicholas Rodriguez,MALE,2023-02-04,Victoria
14605,Allison,Brooks,Allison Brooks,FEMALE,2023-06-27,Royal Oak
14606,Amanda,Cooper,Amanda Cooper,FEMALE,2023-06-19,Victoria
14607,Isaiah,Nelson,Isaiah Nelson,MALE,2023-11-10,Lake Oswego
14608,Warren,Gao,Warren Gao,MALE,2023-04-21,Bremerton
14609,Julia,Phillips,Julia Phillips,FEMALE,2023-06-19,National City
14610,Lauren,Jenkins,Lauren Jenkins,FEMALE,2021-04-05,Everett
14611,Zoe,James,Zoe James,FEMALE,2023-09-04,Vancouver
14612,Ernest,Zhang,Ernest Zhang,MALE,2023-12-04,Beverly Hills
14613,Glenn,Huang,Glenn Huang,MALE,2021-04-28,Bremerton
14614,Dylan,Bryant,Dylan Bryant,MALE,2021-05-28,Colma
14615,Audrey,Dominguez,Audrey Dominguez,FEMALE,2023-10-30,Concord
14616,Emma,Sandberg,Emma Sandberg,FEMALE,2021-05-26,Concord
14617,Aaron,Flores,Aaron Flores,MALE,2021-05-12,Edmonds
14618,Gabrielle,Baker,Gabrielle Baker,FEMALE,2023-09-30,Issaquah
14619,Nathaniel,Sanders,Nathaniel Sanders,MALE,2023-10-22,Issaquah
14620,Kayla,Patterson,Kayla Patterson,FEMALE,2023-08-01,Novato
14621,Chloe,Morris,Chloe Morris,FEMALE,2023-12-20,Milwaukie
14622,Brandon,Patterson,Brandon Patterson,MALE,2023-05-13,Coronado
14623,Benjamin,Li,Benjamin Li,MALE,2023-03-06,San Diego
14624,Anna,Thomas,Anna Thomas,FEMALE,2023-10-28,Issaquah
14625,Benjamin,Simmons,Benjamin Simmons,MALE,2023-10-29,Marysville
14626,Jesse,Gray,Jesse Gray,MALE,2023-04-05,Langford
14627,Isaiah,Hill,Isaiah Hill,MALE,2023-06-29,San Carlos
14628,Carlos,Brooks,Carlos Brooks,MALE,2023-10-09,Lebanon
14629,Blake,Hernandez,Blake Hernandez,MALE,2023-03-07,Burien
14630,Isaiah,James,Isaiah James,MALE,2023-11-02,Imperial Beach
14631,Logan,Flores,Logan Flores,MALE,2023-07-16,Victoria
14632,Austin,Wang,Austin Wang,MALE,2023-03-01,Westminster
14633,Timothy,Morgan,Timothy Morgan,MALE,2023-02-16,Langley
14634,Amber,Baker,Amber Baker,FEMALE,2021-05-30,W. Linn
14635,Luke,Carter,Luke Carter,MALE,2023-08-08,Woodburn
14636,Kelly,Powell,Kelly Powell,FEMALE,2021-05-23,Lake Oswego
14637,Dustin,Nath,Dustin Nath,MALE,2023-09-24,Ballard
14638,Blake,Scott,Blake Scott,MALE,2023-12-18,Beaverton
14639,Jeremiah,Howard,Jeremiah Howard,MALE,2021-05-15,Downey
14640,Mackenzie,Adams,Mackenzie Adams,FEMALE,2023-07-27,Langford
14641,Timothy,Turner,Timothy Turner,MALE,2023-04-08,Westminster
14642,Jeffery,Zeng,Jeffery Zeng,MALE,2023-05-26,Beaverton
14643,Eric,Simmons,Eric Simmons,MALE,2021-06-03,Everett
14644,Jennifer,Lee,Jennifer Lee,FEMALE,2023-02-10,Lebanon
14645,Isaac,Kelly,Isaac Kelly,MALE,2021-06-24,Grossmont
14646,Dylan,Garcia,Dylan Garcia,MALE,2021-06-25,Mill Valley
14647,Sean,Howard,Sean Howard,MALE,2021-06-20,Novato
14648,Eric,Evans,Eric Evans,MALE,2021-06-15,National City
14649,Grace,Cox,Grace Cox,FEMALE,2021-06-20,Torrance
14650,Adam,Perry,Adam Perry,MALE,2021-06-27,Walla Walla
14651,Amber,Green,Amber Green,FEMALE,2021-06-07,W. Linn
14652,Russell,Luo,Russell Luo,MALE,2021-06-22,Beverly Hills
14653,Troy,Fernandez,Troy Fernandez,MALE,2021-07-25,Concord
14654,Kyle,Collins,Kyle Collins,MALE,2023-04-01,Marysville
14655,Kayla,Washington,Kayla Washington,FEMALE,2023-02-21,Westminster
14656,Bryant,Fernandez,Bryant Fernandez,MALE,2021-07-13,Bellingham
14657,John,Thomas,John Thomas,MALE,2021-07-01,Puyallup
14658,Chloe,Green,Chloe Green,FEMALE,2023-06-04,Victoria
14659,Zachary,Harris,Zachary Harris,MALE,2023-05-27,Oakland
14660,Gabrielle,Howard,Gabrielle Howard,FEMALE,2021-07-19,Portland
14661,Jade,Ward,Jade Ward,FEMALE,2023-05-02,Newton
14662,Jack,Ross,Jack Ross,MALE,2021-07-25,Downey
14663,Arturo,Hu,Arturo Hu,MALE,2023-11-16,Colma
14664,Kayla,Ross,Kayla Ross,FEMALE,2021-07-30,San Carlos
14665,Jesse,King,Jesse King,MALE,2023-06-22,Warrnambool
14666,Louis,Gao,Louis Gao,MALE,2022-09-10,North Ryde
14667,Olivia,Alexander,Olivia Alexander,FEMALE,2022-09-24,Melbourne
14668,Joe,Martin,Joe Martin,MALE,2022-09-04,Sydney
14669,Erika,Blanco,Erika Blanco,FEMALE,2023-09-06,Malabar
14670,Leslie,Gill,Leslie Gill,FEMALE,2022-09-08,Lane Cove
14671,Cristina,Lal,Cristina Lal,FEMALE,2022-09-25,Lavender Bay
14672,Omar,Nath,Omar Nath,MALE,2022-09-26,Caloundra
14673,Willie,Rai,Willie Rai,MALE,2022-09-09,East Brisbane
14674,Alexis,Williams,Alexis Williams,FEMALE,2023-08-30,Sunbury
14675,Brandi,Gomez,Brandi Gomez,FEMALE,2023-06-07,Hervey Bay
14676,Micah,Wang,Micah Wang,MALE,2022-09-14,Goulburn
14677,Ross,Hernandez,Ross Hernandez,MALE,2023-05-11,Port Macquarie
14678,Shannon,Zheng,Shannon Zheng,FEMALE,2023-02-19,North Ryde
14679,Natasha,Suarez,Natasha Suarez,FEMALE,2023-12-25,Seaford
14680,Marvin,Munoz,Marvin Munoz,MALE,2023-11-28,Brisbane
14681,Veronica,Chandra,Veronica Chandra,FEMALE,2022-08-29,Hawthorne
14682,Gail,Alexander,Gail Alexander,FEMALE,2023-05-17,Melton
14683,Molly,Sai,Molly Sai,FEMALE,2023-03-01,Cloverdale
14684,James,Zhang,James Zhang,MALE,2023-10-16,Geelong
14685,Lawrence,Ortega,Lawrence Ortega,MALE,2023-08-01,Hawthorne
14686,Casey,Raje,Casey Raje,FEMALE,2023-04-13,St. Leonards
14687,Olivia,Price,Olivia Price,FEMALE,2023-09-08,Paris
14688,Tabitha,Carlson,Tabitha Carlson,FEMALE,2023-02-23,Hamburg
14689,Lloyd,Saunders,Lloyd Saunders,FEMALE,2023-12-29,Chatou
14690,Drew,Rai,Drew Rai,MALE,2023-12-20,Erlangen
14691,Derrick,Torres,Derrick Torres,MALE,2023-09-02,Dunkerque
14692,Nichole,Sharma,Nichole Sharma,FEMALE,2023-11-11,High Wycombe
14693,Robert,Parker,Robert Parker,MALE,2023-10-06,Versailles
14694,Haley,Parker,Haley Parker,FEMALE,2023-03-07,Warrington
14695,Russell,Andersen,Russell Andersen,MALE,2023-11-03,Braunschweig
14696,Shawn,Anand,Shawn Anand,MALE,2023-04-12,Grevenbroich
14697,Nelson,Jimenez,Nelson Jimenez,MALE,2021-05-29,London
14698,Diane,Navarro,Diane Navarro,FEMALE,2023-12-12,Frankfurt am Main
14699,Gerald,Munoz,Gerald Munoz,MALE,2023-07-06,München
14700,Edward,Edwards,Edward Edwards,MALE,2021-05-27,Gateshead
14701,Maurizio,Macagno,Maurizio Macagno,MALE,2022-03-14,Colomiers
14702,Curtis,Zimmerman,Curtis Zimmerman,MALE,2021-05-07,Bury
14703,Clifford,Srini,Clifford Srini,MALE,2023-02-17,Berlin
14704,Kara,Andersen,Kara Andersen,FEMALE,2023-02-04,Roncq
14705,Riley,Wood,Riley Wood,FEMALE,2021-05-12,Kirkby
14706,Kate,Jai,Kate Jai,FEMALE,2023-09-06,London
14707,Tonya,Raje,Tonya Raje,FEMALE,2023-02-12,Berlin
14708,Evelyn,Kapoor,Evelyn Kapoor,FEMALE,2022-04-18,Paris
14709,Ian,Martin,Ian Martin,MALE,2021-09-14,Saarlouis
14710,Lisa,Ma,Lisa Ma,FEMALE,2023-10-10,Hamburg
14711,Deborah,Xu,Deborah Xu,FEMALE,2023-03-27,Paderborn
14712,Eugene,Liu,Eugene Liu,MALE,2021-05-20,London
14713,Jon,Ye,Jon Ye,MALE,2021-09-11,Offenbach
14714,Meghan,Diaz,Meghan Diaz,FEMALE,2022-04-22,Orleans
14715,Erik,Munoz,Erik Munoz,MALE,2023-10-03,Mühlheim
14716,Shannon,Zhou,Shannon Zhou,FEMALE,2022-04-09,Metz
14717,Abigail,Rivera,Abigail Rivera,FEMALE,2023-03-13,Villeneuve-d'Ascq
14718,Gregory,Raji,Gregory Raji,MALE,2023-03-06,Bottrop
14719,Ronnie,He,Ronnie He,MALE,2022-04-07,Saint Ouen
14720,Naomi,Dominguez,Naomi Dominguez,FEMALE,2021-05-14,Birmingham
14721,Daniel,Jones,Daniel Jones,MALE,2023-12-12,Puyallup
14722,Sharon,Carson,Sharon Carson,FEMALE,2021-07-31,Bremerton
14723,Andrew,Smith,Andrew Smith,MALE,2023-03-20,N. Vancouver
14724,Dylan,Robinson,Dylan Robinson,MALE,2023-05-20,Cliffside
14725,Evan,Morgan,Evan Morgan,MALE,2023-03-18,Victoria
14726,Zachary,Yang,Zachary Yang,MALE,2021-07-25,Marysville
14727,Anna,Bryant,Anna Bryant,FEMALE,2021-07-08,Milwaukie
14728,Elizabeth,Henderson,Elizabeth Henderson,FEMALE,2021-07-24,Puyallup
14729,Gloria,Rubio,Gloria Rubio,FEMALE,2023-07-13,Bellflower
14730,Jerry,Ferrier,Jerry Ferrier,MALE,2021-08-26,Bellflower
14731,Seth,Brown,Seth Brown,MALE,2021-08-25,Burlingame
14732,Trinity,Cook,Trinity Cook,FEMALE,2021-08-04,Olympia
14733,Clarence,Raji,Clarence Raji,MALE,2021-08-01,Berkeley
14734,Kevin,Edwards,Kevin Edwards,MALE,2021-08-06,Corvallis
14735,Maria,Rogers,Maria Rogers,FEMALE,2021-08-06,Oregon City
14736,Jack,Roberts,Jack Roberts,MALE,2023-03-01,Beaverton
14737,Dominic,Srini,Dominic Srini,MALE,2021-08-24,Bellingham
14738,Ethan,Garcia,Ethan Garcia,MALE,2021-09-11,Grossmont
14739,Charles,Gonzalez,Charles Gonzalez,MALE,2021-09-23,La Jolla
14740,Jenna,Scott,Jenna Scott,FEMALE,2021-08-31,Lakewood
14741,Emma,Cooper,Emma Cooper,FEMALE,2021-09-14,West Covina
14742,Andrea,Howard,Andrea Howard,FEMALE,2023-08-17,Lincoln Acres
14743,Nathan,Turner,Nathan Turner,MALE,2023-07-06,Sedro Woolley
14744,Elijah,Yang,Elijah Yang,MALE,2021-08-31,Burien
14745,Luke,Hall,Luke Hall,MALE,2023-07-28,Cliffside
14746,Courtney,Nelson,Courtney Nelson,FEMALE,2021-09-06,Torrance
14747,Aidan,Wood,Aidan Wood,MALE,2021-09-15,La Jolla
14748,Don,Roessler,Don Roessler,MALE,2023-07-31,Imperial Beach
14749,Jose,Jenkins,Jose Jenkins,MALE,2023-03-16,Burbank
14750,Mary,Green,Mary Green,FEMALE,2021-09-15,Novato
14751,Gabrielle,Price,Gabrielle Price,FEMALE,2023-06-30,Yakima
14752,Seth,Turner,Seth Turner,MALE,2021-10-28,Beverly Hills
14753,Austin,Foster,Austin Foster,MALE,2021-10-01,Corvallis
14754,Grant,Pal,Grant Pal,MALE,2021-10-05,Bellingham
14755,Robert,Davis,Robert Davis,MALE,2021-10-23,Burlingame
14756,Charles,Reed,Charles Reed,MALE,2021-10-26,La Jolla
14757,Elizabeth,Garcia,Elizabeth Garcia,FEMALE,2021-10-18,San Gabriel
14758,Victoria,Long,Victoria Long,FEMALE,2023-05-04,Glendale
14759,Madison,Davis,Madison Davis,FEMALE,2024-01-11,Santa Cruz
14760,Zachary,Lewis,Zachary Lewis,MALE,2023-06-05,Vancouver
14761,Morgan,Kelly,Morgan Kelly,FEMALE,2023-02-03,San Gabriel
14762,Adriana,Perez,Adriana Perez,FEMALE,2023-06-27,Beverly Hills
14763,George,Arun,George Arun,MALE,2023-08-19,Beaverton
14764,Xavier,Scott,Xavier Scott,MALE,2023-12-07,Newport Beach
14765,Kevin,Nelson,Kevin Nelson,MALE,2023-08-26,Westminster
14766,Curtis,Xu,Curtis Xu,MALE,2023-11-25,Saint-Denis
14767,Stacy,Blanco,Stacy Blanco,FEMALE,2023-09-29,Hannover
14768,Ian,Kelly,Ian Kelly,MALE,2023-06-01,Saarlouis
14769,Jessica,Powell,Jessica Powell,FEMALE,2021-09-04,Paderborn
14770,Melvin,Andersen,Melvin Andersen,MALE,2021-06-28,Berks
14771,Heidi,Vance,Heidi Vance,FEMALE,2021-06-18,London
14772,Stacy,Torres,Stacy Torres,FEMALE,2021-09-17,Frankfurt
14773,Noah,Ross,Noah Ross,MALE,2022-04-02,Villeneuve-d'Ascq
14774,Max,Ferrier,Max Ferrier,MALE,2021-09-01,Bonn
14775,Bonnie,Xie,Bonnie Xie,FEMALE,2021-09-05,Hamburg
14776,Ronald,Arthur,Ronald Arthur,MALE,2021-06-22,London
14777,Kayla,Jenkins,Kayla Jenkins,FEMALE,2021-06-02,Runcorn
14778,Renee,Jimenez,Renee Jimenez,FEMALE,2021-06-13,Lancaster
14779,Henry,Fernandez,Henry Fernandez,MALE,2022-04-15,Pantin
14780,Tabitha,Alonso,Tabitha Alonso,FEMALE,2023-10-27,Roncq
14781,Robert,Butler,Robert Butler,MALE,2023-12-15,Solingen
14782,Michael,Lewis,Michael Lewis,MALE,2023-02-19,Paderborn
14783,Cristina,Shan,Cristina Shan,FEMALE,2023-09-14,London
14784,Victor,Dominguez,Victor Dominguez,MALE,2023-07-04,Oxford
14785,Gavin,Patterson,Gavin Patterson,MALE,2024-01-04,Saint Germain en Laye
14786,Tristan,Jenkins,Tristan Jenkins,MALE,2023-08-11,Erlangen
14787,Tabitha,Smith,Tabitha Smith,FEMALE,2023-07-28,Birmingham
14788,Gerald,Rana,Gerald Rana,MALE,2023-03-03,Paris
14789,Rosa,Zhang,Rosa Zhang,FEMALE,2021-09-20,Münster
14790,Terry,Tang,Terry Tang,MALE,2022-04-18,Les Ulis
14791,Ashlee,Deng,Ashlee Deng,FEMALE,2022-04-28,Paris
14792,Jerome,Rubio,Jerome Rubio,MALE,2021-06-30,Cambridge
14793,Clayton,Nath,Clayton Nath,MALE,2021-06-08,London
14794,Gilbert,Becker,Gilbert Becker,MALE,2021-06-21,Oxford
14795,Crystal,Gao,Crystal Gao,FEMALE,2021-09-02,Duesseldorf
14796,Michael,Miller,Michael Miller,MALE,2022-04-24,Paris
14797,Steve,Gao,Steve Gao,MALE,2021-09-23,Mühlheim
14798,Colleen,Nara,Colleen Nara,FEMALE,2022-04-10,Croix
14799,Katie,Xu,Katie Xu,FEMALE,2023-02-18,Milton Keynes
14800,Abby,Arthur,Abby Arthur,FEMALE,2021-09-03,Solingen
14801,Riley,Simmons,Riley Simmons,FEMALE,2021-09-29,Frankfurt
14802,Audrey,Moreno,Audrey Moreno,FEMALE,2022-04-28,Les Ulis
14803,Stacy,Martin,Stacy Martin,FEMALE,2021-10-15,Hamburg
14804,Martha,Zhou,Martha Zhou,FEMALE,2023-04-29,Gloucestershire
14805,Kari,Garcia,Kari Garcia,FEMALE,2023-06-22,Offenbach
14806,Damien,Jai,Damien Jai,MALE,2023-04-22,London
14807,Brenda,Martinez,Brenda Martinez,FEMALE,2023-09-22,Les Ulis
14808,Cynthia,Prasad,Cynthia Prasad,FEMALE,2023-06-09,London
14809,Max,Suarez,Max Suarez,MALE,2023-03-02,Gloucestershire
14810,Russell,Anand,Russell Anand,MALE,2023-06-04,Paris
14811,Molly,Sanchez,Molly Sanchez,FEMALE,2023-03-17,Leipzig
14812,Hunter,Henderson,Hunter Henderson,MALE,2023-05-29,Gateshead
14813,Madison,Hayes,Madison Hayes,FEMALE,2022-05-23,Lille
14814,Christine,Jai,Christine Jai,FEMALE,2023-02-10,Cambridge
14815,Isabella,Gonzales,Isabella Gonzales,FEMALE,2023-11-14,Cheltenham
14816,Katherine,Lewis,Katherine Lewis,FEMALE,2023-12-09,Kirkby
14817,Anna,Washington,Anna Washington,FEMALE,2023-08-26,Leeds
14818,Diane,Ruiz,Diane Ruiz,FEMALE,2022-05-08,Colombes
14819,Dana,Ruiz,Dana Ruiz,FEMALE,2021-10-08,Dresden
14820,Drew,Bhat,Drew Bhat,MALE,2023-02-14,London
14821,Maurice,Raje,Maurice Raje,MALE,2023-03-16,Stoke-on-Trent
14822,Jessica,Martin,Jessica Martin,FEMALE,2021-10-08,Darmstadt
14823,Nelson,Harrison,Nelson Harrison,MALE,2021-10-02,Darmstadt
14824,Miguel,Baker,Miguel Baker,MALE,2021-10-18,Erlangen
14825,Rebekah,Alonso,Rebekah Alonso,FEMALE,2023-06-19,Münster
14826,Stefanie,Lopez,Stefanie Lopez,FEMALE,2023-08-15,Drancy
14827,Ernest,Xu,Ernest Xu,MALE,2021-10-07,Saarbrücken
14828,Hector,Muñoz,Hector Muñoz,MALE,2023-04-14,Stuttgart
14829,Gina,Vazquez,Gina Vazquez,FEMALE,2023-06-13,Les Ulis
14830,Isabella,Ward,Isabella Ward,FEMALE,2021-10-25,Saarlouis
14831,Gilbert,Xie,Gilbert Xie,MALE,2021-06-27,Billericay
14832,Barry,Rana,Barry Rana,MALE,2021-06-14,Birmingham
14833,Riley,Hayes,Riley Hayes,FEMALE,2021-06-11,Kirkby
14834,Ebony,Jimenez,Ebony Jimenez,FEMALE,2021-11-09,Kassel
14835,Melody,Saunders,Melody Saunders,FEMALE,2023-06-09,Paderborn
14836,Peter,Chander,Peter Chander,MALE,2023-02-26,Berkshire
14837,Dennis,Li,Dennis Li,MALE,2023-11-17,Essen
14838,Darren,Alvarez,Darren Alvarez,MALE,2021-11-15,Ingolstadt
14839,Natasha,Sanz,Natasha Sanz,FEMALE,2023-06-01,Gateshead
14840,Autumn,Zhu,Autumn Zhu,FEMALE,2023-02-21,York
14841,Franklin,Pal,Franklin Pal,MALE,2023-09-02,Neunkirchen
14842,Meagan,Kim,Meagan Kim,FEMALE,2023-03-08,Erlangen
14843,Lee,Vazquez,Lee Vazquez,MALE,2021-06-17,Leeds
14844,Blake,Miller,Blake Miller,MALE,2023-10-15,Frankfurt
14845,Chelsea,Sai,Chelsea Sai,FEMALE,2023-02-16,Saint-Denis
14846,Kelsey,Chande,Kelsey Chande,FEMALE,2021-07-20,Milton Keynes
14847,Vadim,Sazanovich,Vadim Sazanovich,FEMALE,2021-07-21,W. York
14848,George,Louverdis,George Louverdis,MALE,2022-05-11,Dunkerque
14849,Dwayne,Martin,Dwayne Martin,MALE,2023-04-01,Bonn
14850,Audrey,Vazquez,Audrey Vazquez,FEMALE,2023-08-17,Saint Ouen
14851,Karla,Tang,Karla Tang,FEMALE,2022-05-05,Roissy en Brie
14852,Adam,Gonzalez,Adam Gonzalez,MALE,2021-10-04,Lemon Grove
14853,Derrick,Diaz,Derrick Diaz,MALE,2023-08-17,Perth
14854,Nancy,Fernandez,Nancy Fernandez,FEMALE,2023-07-29,South Melbourne
14855,Deanna,Weber,Deanna Weber,FEMALE,2022-09-08,Brisbane
14856,Kari,Carlson,Kari Carlson,FEMALE,2024-01-15,Beaverton
14857,Diane,Serrano,Diane Serrano,FEMALE,2023-02-20,Seaford
14858,Louis,Zhu,Louis Zhu,MALE,2023-03-03,Darlinghurst
14859,Jarrod,Weber,Jarrod Weber,MALE,2023-02-13,Lavender Bay
14860,Arturo,Chande,Arturo Chande,MALE,2023-04-18,Findon
14861,Misty,Deng,Misty Deng,FEMALE,2021-07-19,Billericay
14862,Spencer,Jenkins,Spencer Jenkins,MALE,2023-08-27,Leeds
14863,Dana,Carlson,Dana Carlson,FEMALE,2023-03-15,Stoke-on-Trent
14864,Desiree,Carlson,Desiree Carlson,FEMALE,2023-10-08,Woolston
14865,Austin,Coleman,Austin Coleman,MALE,2023-03-26,Stoke-on-Trent
14866,Hailey,Peterson,Hailey Peterson,FEMALE,2023-02-07,Solingen
14867,Lauren,Richardson,Lauren Richardson,FEMALE,2023-07-12,Oak Bay
14868,Ariana,Morgan,Ariana Morgan,FEMALE,2021-09-29,West Covina
14869,Jennifer,Bryant,Jennifer Bryant,FEMALE,2024-01-23,W. Linn
14870,Brandi,Ortega,Brandi Ortega,FEMALE,2023-01-28,Bellflower
14871,Timothy,Hill,Timothy Hill,MALE,2023-08-24,Langley
14872,Fernando,Clark,Fernando Clark,MALE,2023-05-27,Salem
14873,Fernando,Long,Fernando Long,MALE,2023-09-12,Lincoln Acres
14874,Nicole,Sanchez,Nicole Sanchez,FEMALE,2023-09-08,Cliffside
14875,Alyssa,Foster,Alyssa Foster,FEMALE,2023-09-17,Metchosin
14876,Nathan,Anderson,Nathan Anderson,MALE,2023-05-12,Burbank
14877,Steven,Brooks,Steven Brooks,MALE,2023-09-07,Shawnee
14878,Marcus,Murphy,Marcus Murphy,MALE,2023-04-21,Olympia
14879,Andrea,Richardson,Andrea Richardson,FEMALE,2021-10-19,Berkeley
14880,Jessica,Ross,Jessica Ross,FEMALE,2021-10-10,Spring Valley
14881,Eric,Griffin,Eric Griffin,MALE,2021-11-02,Bremerton
14882,Kathryn,Nara,Kathryn Nara,FEMALE,2021-11-16,Berkeley
14883,Gabrielle,Barnes,Gabrielle Barnes,FEMALE,2021-10-31,Lemon Grove
14884,Kristi,Torres,Kristi Torres,FEMALE,2021-11-27,Chula Vista
14885,Judith,White,Judith White,FEMALE,2023-10-04,Victoria
14886,Sydney,Powell,Sydney Powell,FEMALE,2023-03-25,Victoria
14887,Lauren,Wilson,Lauren Wilson,FEMALE,2023-04-07,Sedro Woolley
14888,Jasmine,Russell,Jasmine Russell,FEMALE,2021-11-21,Yakima
14889,Drew,Kumar,Drew Kumar,MALE,2023-10-07,Burlingame
14890,Wyatt,Adams,Wyatt Adams,MALE,2023-06-14,Downey
14891,Kyle,Hayes,Kyle Hayes,MALE,2021-11-13,Redwood City
14892,Savannah,Sanders,Savannah Sanders,FEMALE,2021-11-13,Palo Alto
14893,Gabrielle,Diaz,Gabrielle Diaz,FEMALE,2023-10-04,Cliffside
14894,James,Baker,James Baker,MALE,2021-11-28,Lake Oswego
14895,Connor,Hernandez,Connor Hernandez,MALE,2021-10-31,Torrance
14896,Alexia,Flores,Alexia Flores,FEMALE,2021-11-16,Lemon Grove
14897,Hunter,Moore,Hunter Moore,MALE,2023-03-11,Cliffside
14898,Katelyn,Edwards,Katelyn Edwards,FEMALE,2023-12-02,Lynnwood
14899,Rodney,Dominguez,Rodney Dominguez,MALE,2023-06-13,Burlingame
14900,Rachel,Lewis,Rachel Lewis,FEMALE,2023-10-12,Westminster
14901,Katherine,Richardson,Katherine Richardson,FEMALE,2023-02-10,National City
14902,Arianna,Diaz,Arianna Diaz,FEMALE,2021-11-13,Bellflower
14903,Amanda,Morgan,Amanda Morgan,FEMALE,2023-04-14,San Gabriel
14904,Spencer,Powell,Spencer Powell,MALE,2023-07-15,Shawnee
14905,Ricardo,Shen,Ricardo Shen,MALE,2023-09-19,Burien
14906,Robert,Washington,Robert Washington,MALE,2023-08-25,Haney
14907,Sheena,Anand,Sheena Anand,FEMALE,2023-08-30,Concord
14908,Morgan,Mitchell,Morgan Mitchell,FEMALE,2023-04-21,Bremerton
14909,Benjamin,Bryant,Benjamin Bryant,MALE,2023-02-24,Corvallis
14910,Caitlin,Murphy,Caitlin Murphy,FEMALE,2023-10-27,Royal Oak
14911,Shelby,Watson,Shelby Watson,FEMALE,2023-10-19,Westminster
14912,Emma,Taylor,Emma Taylor,FEMALE,2021-10-29,San Gabriel
14913,Chloe,Roberts,Chloe Roberts,FEMALE,2021-12-13,Palo Alto
14914,Arianna,Gray,Arianna Gray,FEMALE,2021-12-21,Burlingame
14915,Katherine,Howard,Katherine Howard,FEMALE,2021-12-10,Woodburn
14916,Paige,Washington,Paige Washington,FEMALE,2023-02-12,Sedro Woolley
14917,Adrian,Morgan,Adrian Morgan,MALE,2023-07-08,Puyallup
14918,Mariah,Howard,Mariah Howard,FEMALE,2023-08-04,Issaquah
14919,Erik,Torres,Erik Torres,MALE,2023-04-30,Concord
14920,Jason,Hill,Jason Hill,MALE,2023-04-19,Spring Valley
14921,Sara,Watson,Sara Watson,FEMALE,2023-02-20,San Gabriel
14922,Paige,Perry,Paige Perry,FEMALE,2023-11-24,Tacoma
14923,Andy,Blanco,Andy Blanco,MALE,2023-10-27,Lille
14924,Cynthia,Sai,Cynthia Sai,FEMALE,2023-03-13,Paris
14925,Ashley,Hughes,Ashley Hughes,FEMALE,2022-05-24,Dunkerque
14926,Juan,Rogers,Juan Rogers,MALE,2022-05-26,Saint-Denis
14927,Chelsea,Martinez,Chelsea Martinez,FEMALE,2021-11-15,Berlin
14928,Roy,Patel,Roy Patel,MALE,2021-07-30,London
14929,Peter,Anand,Peter Anand,MALE,2021-07-18,Woolston
14930,Cindy,Sara,Cindy Sara,FEMALE,2022-05-05,Bobigny
14931,Andres,Pal,Andres Pal,MALE,2022-05-28,Paris
14932,Pedro,Fernandez,Pedro Fernandez,MALE,2023-08-12,Paris
14933,Ronald,Patel,Ronald Patel,MALE,2024-01-26,Grevenbroich
14934,Jermaine,Sai,Jermaine Sai,MALE,2023-11-10,London
14935,Rafael,Liang,Rafael Liang,MALE,2023-03-10,Ingolstadt
14936,Bryan,Sanchez,Bryan Sanchez,MALE,2023-08-15,Tremblay-en-France
14937,Brendan,Xu,Brendan Xu,MALE,2021-07-07,York
14938,Mallory,Sanz,Mallory Sanz,FEMALE,2023-03-08,London
14939,Cory,Kapoor,Cory Kapoor,MALE,2021-11-17,Grevenbroich
14940,Carmen,Rana,Carmen Rana,FEMALE,2021-11-16,Paderborn
14941,Emma,Patterson,Emma Patterson,FEMALE,2021-07-14,Newcastle upon Tyne
14942,Whitney,Madan,Whitney Madan,FEMALE,2023-07-02,Courbevoie
14943,Lindsay,Pal,Lindsay Pal,FEMALE,2023-04-06,Stuttgart
14944,Sebastian,Watson,Sebastian Watson,MALE,2022-06-29,Drancy
14945,Samantha,Lewis,Samantha Lewis,FEMALE,2021-10-31,Darmstadt
14946,Frederick,Vance,Frederick Vance,MALE,2022-06-12,Paris
14947,Alejandro,Chen,Alejandro Chen,MALE,2021-07-02,Bury
14948,Damien,Lal,Damien Lal,MALE,2022-06-14,Paris
14949,Steve,Wu,Steve Wu,MALE,2021-07-18,Cambridge
14950,Maria,Hernandez,Maria Hernandez,FEMALE,2021-07-13,Runcorn
14951,Katie,Rai,Katie Rai,FEMALE,2021-11-22,Mühlheim
14952,Holly,Srini,Holly Srini,FEMALE,2021-11-24,Frankfurt am Main
14953,Adrienne,Gill,Adrienne Gill,FEMALE,2023-03-12,Esher-Molesey
14954,Denise,Perez,Denise Perez,FEMALE,2023-07-19,Paris
14955,Jorge,Xu,Jorge Xu,MALE,2023-07-08,Oxford
14956,Krista,Romero,Krista Romero,FEMALE,2021-11-09,Hamburg
14957,Lacey,Shan,Lacey Shan,FEMALE,2022-06-01,Paris
14958,Clayton,Liang,Clayton Liang,MALE,2023-12-29,Lancaster
14959,Ross,Patel,Ross Patel,MALE,2023-09-10,Lille
14960,Leonard,Pal,Leonard Pal,MALE,2022-06-12,Colombes
14961,Jaclyn,Yang,Jaclyn Yang,FEMALE,2023-04-07,München
14962,Justin,Jai,Justin Jai,MALE,2024-01-23,Neunkirchen
14963,Sydney,Perry,Sydney Perry,FEMALE,2023-11-09,Billericay
14964,Damien,Shen,Damien Shen,MALE,2023-11-28,Oxford
14965,Edwin,Zhou,Edwin Zhou,MALE,2022-06-18,Saint Ouen
14966,Derrick,Vazquez,Derrick Vazquez,MALE,2022-06-05,Saint Ouen
14967,Bridget,Xu,Bridget Xu,FEMALE,2021-11-15,Berlin
14968,Troy,Patel,Troy Patel,MALE,2023-07-30,London
14969,Julio,Vazquez,Julio Vazquez,MALE,2021-12-10,Dresden
14970,Bruce,Chandra,Bruce Chandra,MALE,2023-05-11,Maidenhead
14971,Susan,Zhu,Susan Zhu,FEMALE,2023-06-03,Orleans
14972,Cristina,Deng,Cristina Deng,FEMALE,2023-12-11,Neunkirchen
14973,Alicia,Jai,Alicia Jai,FEMALE,2023-02-22,Saarlouis
14974,K.,Saravan,K. Saravan,MALE,2023-03-31,London
14975,Dalton,Scott,Dalton Scott,MALE,2021-07-11,Billericay
14976,Randy,Hu,Randy Hu,MALE,2022-06-18,Orleans
14977,Stacy,Carlson,Stacy Carlson,FEMALE,2024-01-17,Paris
14978,Jamie,Ortega,Jamie Ortega,MALE,2021-12-22,München
14979,Rodney,Serrano,Rodney Serrano,MALE,2021-12-10,München
14980,Michele,Garcia,Michele Garcia,FEMALE,2024-01-02,Sulzbach Taunus
14981,April,Raji,April Raji,FEMALE,2023-05-23,London
14982,Kayla,Hughes,Kayla Hughes,FEMALE,2023-03-10,Oxford
14983,Juan,Sanz,Juan Sanz,MALE,2023-05-05,Liverpool
14984,Regina,Vance,Regina Vance,FEMALE,2021-07-15,Wokingham
14985,Jaclyn,Zhu,Jaclyn Zhu,FEMALE,2023-03-14,Bobigny
14986,Richard,Martinez,Richard Martinez,MALE,2023-09-26,Warrington
14987,Misty,Nara,Misty Nara,FEMALE,2023-06-07,Roubaix
14988,Mandy,Lu,Mandy Lu,FEMALE,2023-06-25,London
14989,Shawna,She,Shawna She,FEMALE,2023-06-22,Morangis
14990,Nelson,Ramos,Nelson Ramos,MALE,2021-11-30,Leipzig
14991,Edwin,Zhao,Edwin Zhao,MALE,2021-07-19,Warrington
14992,Dale,Andersen,Dale Andersen,MALE,2023-09-04,Basingstoke Hants
14993,Sean,Morgan,Sean Morgan,MALE,2023-03-01,Bury
14994,Seth,King,Seth King,MALE,2023-05-30,Tremblay-en-France
14995,Stefanie,Malhotra,Stefanie Malhotra,FEMALE,2022-06-27,Paris
14996,Ross,Gill,Ross Gill,MALE,2023-06-30,Berlin
14997,Angel,Cooper,Angel Cooper,MALE,2021-12-06,Solingen
14998,Robert,Rodriguez,Robert Rodriguez,MALE,2022-06-04,Tremblay-en-France
14999,Arianna,Morris,Arianna Morris,FEMALE,2024-01-02,Newcastle upon Tyne
15000,Kelli,Zhou,Kelli Zhou,FEMALE,2023-02-24,Sulzbach Taunus
15001,Autumn,Lu,Autumn Lu,FEMALE,2023-07-19,Berlin
15002,Jenny,Lin,Jenny Lin,FEMALE,2022-06-17,Colomiers
15003,Dennis,Yang,Dennis Yang,MALE,2022-06-09,Pantin
15004,Suzanne,Hu,Suzanne Hu,FEMALE,2022-06-27,Boulogne-sur-Mer
15005,Adrian,Cooper,Adrian Cooper,MALE,2021-12-16,Long Beach
15006,Grace,Jackson,Grace Jackson,FEMALE,2021-12-02,West Covina
15007,Jaime,Rubio,Jaime Rubio,FEMALE,2023-02-24,Cliffside
15008,Blake,Parker,Blake Parker,MALE,2023-03-26,Westminster
15009,Chloe,Patterson,Chloe Patterson,FEMALE,2023-05-13,Redmond
15010,Cory,Suri,Cory Suri,MALE,2023-12-23,Berkeley
15011,Amber,Mitchell,Amber Mitchell,FEMALE,2023-07-09,Downey
15012,Emma,Hughes,Emma Hughes,FEMALE,2023-12-20,Lynnwood
15013,Julia,Campbell,Julia Campbell,FEMALE,2023-05-03,Imperial Beach
15014,Warren,Liu,Warren Liu,MALE,2022-09-08,Wollongong
15015,Randy,Liu,Randy Liu,MALE,2022-10-03,Sunbury
15016,Daniel,Clark,Daniel Clark,MALE,2021-12-05,Beverly Hills
15017,Amanda,Ramirez,Amanda Ramirez,FEMALE,2021-12-21,Los Angeles
15018,Felicia,Martin,Felicia Martin,FEMALE,2023-02-11,Sunbury
15019,Mary,Ramos,Mary Ramos,FEMALE,2023-03-12,Coffs Harbour
15020,Christy,Ma,Christy Ma,FEMALE,2023-07-23,East Brisbane
15021,Lucas,Moore,Lucas Moore,MALE,2023-03-20,Goulburn
15022,Latasha,Gutierrez,Latasha Gutierrez,FEMALE,2022-10-02,St. Leonards
15023,Juan,Watson,Juan Watson,MALE,2021-12-15,Spokane
15024,Nathan,Jones,Nathan Jones,MALE,2023-04-09,Bendigo
15025,Kristi,Subram,Kristi Subram,FEMALE,2023-08-07,Melton
15026,Felicia,Diaz,Felicia Diaz,FEMALE,2023-04-19,Caloundra
15027,Tommy,Jai,Tommy Jai,MALE,2022-10-06,Bendigo
15028,Tabitha,Alvarez,Tabitha Alvarez,FEMALE,2022-10-22,Warrnambool
15029,Alejandro,Ye,Alejandro Ye,MALE,2022-10-05,Wollongong
15030,Jeffery,Zheng,Jeffery Zheng,MALE,2022-10-24,Melbourne
15031,Darryl,Lin,Darryl Lin,MALE,2023-02-12,Malabar
15032,Meredith,Suarez,Meredith Suarez,FEMALE,2022-10-06,Wollongong
15033,Dana,Moreno,Dana Moreno,FEMALE,2022-10-25,North Ryde
15034,Hector,Suarez,Hector Suarez,MALE,2023-03-22,South Melbourne
15035,Jay,Mehta,Jay Mehta,MALE,2022-10-13,Hervey Bay
15036,Derek,She,Derek She,MALE,2022-10-15,Silverwater
15037,Jaime,Raji,Jaime Raji,MALE,2022-10-22,Rhodes
15038,Cedric,Yang,Cedric Yang,MALE,2022-10-24,Milsons Point
15039,Michele,Xie,Michele Xie,FEMALE,2023-06-25,Hobart
15040,George,Lopez,George Lopez,MALE,2022-10-21,Findon
15041,Michele,Goel,Michele Goel,FEMALE,2022-10-25,Hawthorne
15042,Bryant,Perez,Bryant Perez,MALE,2022-10-21,Coffs Harbour
15043,Joel,Gonzalez,Joel Gonzalez,MALE,2022-10-12,Melbourne
15044,Valerie,Hu,Valerie Hu,FEMALE,2022-10-14,Seaford
15045,Tasha,Luo,Tasha Luo,FEMALE,2023-07-25,Sèvres
15046,Casey,Tang,Casey Tang,FEMALE,2021-07-18,W. York
15047,Meghan,Vazquez,Meghan Vazquez,FEMALE,2021-07-19,London
15048,Bonnie,Yuan,Bonnie Yuan,FEMALE,2021-08-01,Warrington
15049,Frank,Dominguez,Frank Dominguez,MALE,2023-11-26,Bottrop
15050,Joshua,Miller,Joshua Miller,MALE,2021-12-26,Paderborn
15051,Harold,McDonald,Harold McDonald,MALE,2021-08-09,Berkshire
15052,Kari,Moreno,Kari Moreno,FEMALE,2023-02-13,London
15053,Kurt,Andersen,Kurt Andersen,MALE,2023-09-17,Tremblay-en-France
15054,Roger,Anand,Roger Anand,MALE,2021-12-06,München
15055,Patrick,Torres,Patrick Torres,MALE,2021-11-30,Saarlouis
15056,Jaime,Suarez,Jaime Suarez,FEMALE,2021-08-13,London
15057,Regina,Chandra,Regina Chandra,FEMALE,2023-04-07,London
15058,Julio,Suarez,Julio Suarez,MALE,2021-08-10,Watford
15059,Lisa,Zhu,Lisa Zhu,FEMALE,2021-08-09,Woolston
15060,Max,Vazquez,Max Vazquez,MALE,2023-12-29,Pantin
15061,Margaret,Ma,Margaret Ma,FEMALE,2022-06-21,Tremblay-en-France
15062,Jaime,Alonso,Jaime Alonso,FEMALE,2021-08-05,Oxon
15063,Kari,Malhotra,Kari Malhotra,FEMALE,2021-12-19,Bottrop
15064,Erik,Rubio,Erik Rubio,MALE,2022-06-10,Paris
15065,Alejandro,Gao,Alejandro Gao,MALE,2023-03-02,Berlin
15066,Diana,Munoz,Diana Munoz,FEMALE,2023-08-20,Pantin
15067,Dana,Alvarez,Dana Alvarez,FEMALE,2022-06-22,Versailles
15068,Jessica,Barnes,Jessica Barnes,FEMALE,2023-05-05,Paderborn
15069,Noah,Lal,Noah Lal,MALE,2023-03-03,Werne
15070,Alfredo,Navarro,Alfredo Navarro,MALE,2022-06-01,Paris
15071,Krista,Gutierrez,Krista Gutierrez,FEMALE,2022-06-09,Lille
15072,Whitney,Subram,Whitney Subram,FEMALE,2022-06-09,Tremblay-en-France
15073,Tasha,Chander,Tasha Chander,FEMALE,2021-12-02,Berlin
15074,Elizabeth,Perry,Elizabeth Perry,FEMALE,2024-01-19,Neunkirchen
15075,Alexa,Kelly,Alexa Kelly,FEMALE,2023-02-23,Esher-Molesey
15076,Sheila,Ramos,Sheila Ramos,FEMALE,2023-12-18,Werne
15077,Dominique,Lopez,Dominique Lopez,FEMALE,2021-08-06,York
15078,Jacob,Wilson,Jacob Wilson,MALE,2021-08-04,Gateshead
15079,Jose,Martin,Jose Martin,MALE,2022-06-24,Saint-Denis
15080,Evelyn,Chandra,Evelyn Chandra,FEMALE,2021-12-28,München
15081,Daisy,Munoz,Daisy Munoz,FEMALE,2021-08-02,London
15082,Kelvin,Lal,Kelvin Lal,MALE,2022-06-10,Villeneuve-d'Ascq
15083,Teresa,Gutierrez,Teresa Gutierrez,FEMALE,2021-09-15,Peterborough
15084,Adrienne,Serrano,Adrienne Serrano,FEMALE,2022-01-22,Kassel
15085,Kristin,Jai,Kristin Jai,FEMALE,2022-07-30,Morangis
15086,Latasha,Dominguez,Latasha Dominguez,FEMALE,2022-07-15,Tremblay-en-France
15087,Robin,Sanz,Robin Sanz,FEMALE,2021-09-21,Birmingham
15088,Colleen,Cai,Colleen Cai,FEMALE,2021-09-18,Gloucestershire
15089,Martin,Prasad,Martin Prasad,MALE,2021-09-23,Liverpool
15090,Troy,Mehta,Troy Mehta,MALE,2023-07-23,Bottrop
15091,Jermaine,Madan,Jermaine Madan,MALE,2023-05-06,Essen
15092,Adrian,Morris,Adrian Morris,MALE,2023-04-18,Solingen
15093,Johnny,Moyer,Johnny Moyer,MALE,2022-07-19,Paris
15094,Wendy,Ortega,Wendy Ortega,FEMALE,2022-06-30,Paris
15095,Jodi,Shan,Jodi Shan,FEMALE,2022-07-15,Les Ulis
15096,Gary,Schare,Gary Schare,MALE,2023-09-18,Braunschweig
15097,Morgan,Bennett,Morgan Bennett,FEMALE,2021-09-15,Kirkby
15098,Diana,Sanz,Diana Sanz,FEMALE,2023-07-25,Chatou
15099,Alvin,Ma,Alvin Ma,MALE,2023-06-13,Croix
15100,Brenda,Chandra,Brenda Chandra,FEMALE,2022-01-04,Neunkirchen
15101,Shawn,Shan,Shawn Shan,MALE,2022-01-04,Werne
15102,Allen,Malhotra,Allen Malhotra,MALE,2023-10-15,Leeds
15103,Jonathan,Lopez,Jonathan Lopez,MALE,2023-03-03,Stoke-on-Trent
15104,Ashley,Thompson,Ashley Thompson,FEMALE,2023-07-20,Tremblay-en-France
15105,Tina,Rana,Tina Rana,FEMALE,2023-03-02,Berlin
15106,Shannon,Navarro,Shannon Navarro,MALE,2021-09-25,Peterborough
15107,Roy,Saunders,Roy Saunders,MALE,2023-03-26,Boulogne-sur-Mer
15108,Colleen,Gao,Colleen Gao,FEMALE,2023-06-08,London
15109,Meghan,Carlson,Meghan Carlson,FEMALE,2023-06-13,Suresnes
15110,Janelle,Prasad,Janelle Prasad,FEMALE,2023-12-27,Hamburg
15111,Leah,Huang,Leah Huang,FEMALE,2024-01-16,Paris
15112,Alicia,Luo,Alicia Luo,FEMALE,2023-02-11,Paris
15113,Robert,Smith,Robert Smith,MALE,2024-01-19,Darmstadt
15114,Erika,Munoz,Erika Munoz,FEMALE,2022-01-01,Stuttgart
15115,Christian,Patterson,Christian Patterson,MALE,2023-07-10,Dunkerque
15116,Mackenzie,Ramirez,Mackenzie Ramirez,FEMALE,2022-01-01,Kassel
15117,Dana,Dominguez,Dana Dominguez,FEMALE,2022-01-19,Duesseldorf
15118,Nelson,Ortega,Nelson Ortega,MALE,2021-08-31,Stoke-on-Trent
15119,Johnny,Tang,Johnny Tang,MALE,2023-05-25,London
15120,Erika,Suarez,Erika Suarez,FEMALE,2022-10-07,Geelong
15121,Brendan,Andersen,Brendan Andersen,MALE,2022-10-24,Bendigo
15122,Abby,Raman,Abby Raman,FEMALE,2022-10-09,Townsville
15123,Sergio,Lopez,Sergio Lopez,MALE,2023-07-27,Cranbourne
15124,Wendy,Hernandez,Wendy Hernandez,FEMALE,2023-05-22,Seaford
15125,Cory,Martinez,Cory Martinez,MALE,2023-02-15,Rockhampton
15126,Manuel,Sanchez,Manuel Sanchez,MALE,2023-02-20,Hobart
15127,Wesley,Yang,Wesley Yang,MALE,2022-10-13,Lane Cove
15128,Angelica,Barnes,Angelica Barnes,FEMALE,2023-04-17,Rockhampton
15129,Jennifer,Patterson,Jennifer Patterson,FEMALE,2022-10-11,Hervey Bay
15130,Roger,Ma,Roger Ma,MALE,2022-10-07,Springwood
15131,Lacey,Sun,Lacey Sun,FEMALE,2023-08-09,Matraville
15132,Jenny,Pal,Jenny Pal,FEMALE,2023-07-27,Rhodes
15133,Raul,Rai,Raul Rai,MALE,2022-10-24,Brisbane
15134,Meagan,Raman,Meagan Raman,FEMALE,2022-10-23,Brisbane
15135,Derek,Kumar,Derek Kumar,MALE,2022-10-21,Sydney
15136,Emma,Johnson,Emma Johnson,FEMALE,2023-01-30,Townsville
15137,Luke,Foster,Luke Foster,MALE,2023-02-15,Sydney
15138,Monique,Hernandez,Monique Hernandez,FEMALE,2023-01-28,Sydney
15139,Colin,She,Colin She,MALE,2023-03-19,South Melbourne
15140,Diane,Bradley,Diane Bradley,FEMALE,2023-02-04,Sydney
15141,Sandra,Zheng,Sandra Zheng,FEMALE,2023-09-12,Springwood
15142,Karl,Nara,Karl Nara,MALE,2023-08-12,Bendigo
15143,Kelvin,Wang,Kelvin Wang,MALE,2022-09-29,Springwood
15144,Deanna,Serrano,Deanna Serrano,FEMALE,2022-10-04,Hawthorne
15145,Crystal,Lu,Crystal Lu,FEMALE,2022-09-29,Geelong
15146,Adriana,Sara,Adriana Sara,FEMALE,2023-07-01,Lane Cove
15147,Clarence,Chen,Clarence Chen,MALE,2023-04-19,Townsville
15148,James,West,James West,MALE,2023-03-21,Townsville
15149,Natalie,Morgan,Natalie Morgan,FEMALE,2023-06-25,Caloundra
15150,Colleen,Shan,Colleen Shan,FEMALE,2022-10-27,Rhodes
15151,Karl,Shen,Karl Shen,MALE,2022-10-14,Lavender Bay
15152,Meghan,Moreno,Meghan Moreno,FEMALE,2022-10-04,Warrnambool
15153,Kristen,Li,Kristen Li,FEMALE,2023-02-23,Coffs Harbour
15154,Joe,Hernandez,Joe Hernandez,MALE,2023-03-22,Cloverdale
15155,Jamie,Harrison,Jamie Harrison,FEMALE,2022-01-15,Colma
15156,Dylan,Foster,Dylan Foster,MALE,2023-03-26,Concord
15157,Jordan,Gonzalez,Jordan Gonzalez,MALE,2023-02-01,N. Vancouver
15158,Victoria,Moore,Victoria Moore,FEMALE,2023-02-13,Los Angeles
15159,Eric,Washington,Eric Washington,MALE,2023-11-17,Yakima
15160,Candace,Van,Candace Van,FEMALE,2024-01-28,Chula Vista
15161,Trinity,James,Trinity James,FEMALE,2023-02-23,Palo Alto
15162,Kaitlyn,Barnes,Kaitlyn Barnes,FEMALE,2023-08-20,Metchosin
15163,Victoria,Murphy,Victoria Murphy,FEMALE,2023-09-13,Yakima
15164,Savannah,Collins,Savannah Collins,FEMALE,2023-07-18,Mill Valley
15165,Carl,Anand,Carl Anand,MALE,2023-07-08,Colma
15166,Nina,Goel,Nina Goel,FEMALE,2022-01-17,Concord
15167,Sara,Hernandez,Sara Hernandez,FEMALE,2022-01-22,Edmonds
15168,Xavier,Bell,Xavier Bell,MALE,2023-09-20,Port Orchard
15169,Zachary,Miller,Zachary Miller,MALE,2022-10-01,Bendigo
15170,Jermaine,Martinez,Jermaine Martinez,MALE,2022-10-15,St. Leonards
15171,Destiny,Jones,Destiny Jones,FEMALE,2022-09-30,Gold Coast
15172,Alexandra,Hill,Alexandra Hill,FEMALE,2023-02-03,Vancouver
15173,Miguel,Henderson,Miguel Henderson,MALE,2023-04-21,Corvallis
15174,Trinity,Rogers,Trinity Rogers,FEMALE,2023-09-23,Burlingame
15175,Kristi,Malhotra,Kristi Malhotra,FEMALE,2023-06-15,Calgary
15176,Kristi,Ramos,Kristi Ramos,FEMALE,2023-06-05,Cliffside
15177,Jorge,Lu,Jorge Lu,MALE,2023-11-25,Concord
15178,Drew,Tang,Drew Tang,MALE,2022-10-17,Bendigo
15179,Jay,Rubio,Jay Rubio,MALE,2022-10-06,East Brisbane
15180,Jillian,Suri,Jillian Suri,FEMALE,2022-10-07,Brisbane
15181,Rosa,Huang,Rosa Huang,FEMALE,2022-10-09,Perth
15182,Deanna,Srini,Deanna Srini,FEMALE,2022-10-22,Hobart
15183,Michele,Raji,Michele Raji,FEMALE,2022-10-08,Findon
15184,Mathew,Hernandez,Mathew Hernandez,MALE,2022-10-17,Hawthorne
15185,Jonathan,Evans,Jonathan Evans,MALE,2022-09-29,Sunbury
15186,Leah,Yang,Leah Yang,FEMALE,2023-03-31,Cloverdale
15187,Benjamin,Brown,Benjamin Brown,MALE,2023-06-20,Langford
15188,Isaac,Watson,Isaac Watson,MALE,2022-01-12,Marysville
15189,Kayla,Russell,Kayla Russell,FEMALE,2022-01-24,Puyallup
15190,Katherine,Watson,Katherine Watson,FEMALE,2023-12-05,Burlingame
15191,Andres,Kumar,Andres Kumar,MALE,2022-01-08,Chula Vista
15192,Tasha,Shan,Tasha Shan,FEMALE,2022-09-29,Cloverdale
15193,Samuel,King,Samuel King,MALE,2022-01-15,Colma
15194,Erik,Suarez,Erik Suarez,MALE,2022-01-18,Colma
15195,Edwin,Huang,Edwin Huang,MALE,2022-01-10,Concord
15196,Isaiah,Reed,Isaiah Reed,MALE,2022-01-27,Daly City
15197,Elijah,Kumar,Elijah Kumar,MALE,2023-07-06,Vancouver
15198,Lauren,Watson,Lauren Watson,FEMALE,2023-02-07,Downey
15199,Joe,Jordan,Joe Jordan,MALE,2022-01-01,Berkeley
15200,Mindy,Simpson,Mindy Simpson,FEMALE,2022-02-11,Burlingame
15201,Miranda,Washington,Miranda Washington,FEMALE,2023-06-25,Westminster
15202,Blake,Bryant,Blake Bryant,MALE,2023-07-29,Fremont
15203,David,Lewis,David Lewis,MALE,2022-01-30,Downey
15204,Deanna,Gonzalez,Deanna Gonzalez,FEMALE,2022-10-07,Matraville
15205,Shawna,Black,Shawna Black,FEMALE,2022-10-10,Newcastle
15206,Maurice,Andersen,Maurice Andersen,MALE,2023-05-31,Perth
15207,Josue,Diaz,Josue Diaz,MALE,2022-09-29,Townsville
15208,Colleen,Luo,Colleen Luo,FEMALE,2022-10-05,Lane Cove
15209,Frank,Romero,Frank Romero,MALE,2022-10-21,Melton
15210,Kurt,Raje,Kurt Raje,MALE,2022-10-02,Cloverdale
15211,Kenneth,Luo,Kenneth Luo,MALE,2022-10-05,Cloverdale
15212,Marcus,Henderson,Marcus Henderson,MALE,2023-04-13,Goulburn
15213,Briana,Martin,Briana Martin,FEMALE,2022-10-04,Hobart
15214,Amanda,Jenkins,Amanda Jenkins,FEMALE,2022-11-12,Caloundra
15215,Alberto,Jiménez,Alberto Jiménez,MALE,2022-11-15,Geelong
15216,Desiree,Gutierrez,Desiree Gutierrez,FEMALE,2023-02-11,Cranbourne
15217,Ethan,Jai,Ethan Jai,MALE,2023-02-15,Melbourne
15218,Willie,Johnsen,Willie Johnsen,MALE,2022-11-26,Findon
15219,Clayton,Chen,Clayton Chen,MALE,2022-11-07,Findon
15220,Micah,Liu,Micah Liu,MALE,2022-11-24,Darlinghurst
15221,Troy,Arun,Troy Arun,MALE,2022-11-09,Matraville
15222,Cynthia,Patel,Cynthia Patel,FEMALE,2023-06-18,Melbourne
15223,Ebony,Martin,Ebony Martin,FEMALE,2022-11-04,North Ryde
15224,Pedro,Gutierrez,Pedro Gutierrez,MALE,2023-05-05,North Sydney
15225,Yolanda,Bhat,Yolanda Bhat,FEMALE,2022-10-29,Perth
15226,Lori,Moreno,Lori Moreno,FEMALE,2022-11-11,Lane Cove
15227,Harold,Malhotra,Harold Malhotra,MALE,2022-11-08,Newcastle
15228,Jermaine,Raman,Jermaine Raman,MALE,2022-11-19,Rhodes
15229,Calvin,Rai,Calvin Rai,MALE,2022-11-03,Cloverdale
15230,Jillian,Vance,Jillian Vance,FEMALE,2023-08-19,North Ryde
15231,Alexia,Barnes,Alexia Barnes,FEMALE,2023-10-01,Port Macquarie
15232,Omar,Ma,Omar Ma,MALE,2023-06-22,Gold Coast
15233,Tammy,Rodriguez,Tammy Rodriguez,FEMALE,2023-07-06,Melton
15234,Kathleen,Moreno,Kathleen Moreno,FEMALE,2023-03-25,Springwood
15235,Kari,Lopez,Kari Lopez,FEMALE,2023-06-24,Cranbourne
15236,Brandy,Kapoor,Brandy Kapoor,FEMALE,2023-03-29,Gold Coast
15237,Devon,Lal,Devon Lal,MALE,2023-06-04,North Sydney
15238,Jonathon,Alonso,Jonathon Alonso,MALE,2023-06-11,Darlinghurst
15239,Sergio,Rodriguez,Sergio Rodriguez,MALE,2023-07-19,Townsville
15240,Monique,Navarro,Monique Navarro,FEMALE,2023-07-15,Port Macquarie
15241,Geoffrey,Madan,Geoffrey Madan,MALE,2023-07-25,Milsons Point
15242,Neil,Suarez,Neil Suarez,MALE,2023-08-12,Sydney
15243,Lauren,Harris,Lauren Harris,FEMALE,2023-10-28,Lebanon
15244,Alexis,Rodriguez,Alexis Rodriguez,FEMALE,2023-03-12,Royal Oak
15245,Eduardo,Ross,Eduardo Ross,MALE,2023-07-30,Santa Monica
15246,Kaitlyn,Watson,Kaitlyn Watson,FEMALE,2023-05-27,San Diego
15247,Catherine,Stewart,Catherine Stewart,FEMALE,2023-05-09,Puyallup
15248,Richard,Harris,Richard Harris,MALE,2023-11-09,Burien
15249,Abigail,Anderson,Abigail Anderson,FEMALE,2023-09-04,Oakland
15250,Jose,Scott,Jose Scott,MALE,2023-05-05,Lemon Grove
15251,Noah,Hall,Noah Hall,MALE,2023-05-06,Oak Bay
15252,Jada,Murphy,Jada Murphy,FEMALE,2022-02-24,Portland
15253,Barry,Suri,Barry Suri,MALE,2023-08-04,South Melbourne
15254,Carla,Chapman,Carla Chapman,FEMALE,2022-01-30,Columbus
15255,Evan,Collins,Evan Collins,MALE,2022-02-03,San Carlos
15256,Dalton,Ramirez,Dalton Ramirez,MALE,2022-02-14,Coronado
15257,Matthew,Anderson,Matthew Anderson,MALE,2023-02-03,Bremerton
15258,Chloe,Reed,Chloe Reed,FEMALE,2023-09-25,Ballard
15259,Franklin,Zhu,Franklin Zhu,MALE,2024-01-04,Burbank
15260,Kathleen,Torres,Kathleen Torres,FEMALE,2023-04-04,Chula Vista
15261,Carolyn,Torres,Carolyn Torres,FEMALE,2023-04-08,North Sydney
15262,Jan,Gonzalez,Jan Gonzalez,FEMALE,2022-11-10,Coffs Harbour
15263,Paige,Coleman,Paige Coleman,FEMALE,2023-10-04,Geelong
15264,Peter,Goel,Peter Goel,MALE,2023-03-20,Gold Coast
15265,Kristopher,Malhotra,Kristopher Malhotra,MALE,2022-10-31,North Ryde
15266,Briana,Suarez,Briana Suarez,FEMALE,2022-11-22,Sydney
15267,Kendra,Alvarez,Kendra Alvarez,FEMALE,2022-11-20,Caloundra
15268,Shannon,Wu,Shannon Wu,FEMALE,2022-10-30,North Sydney
15269,Chloe,King,Chloe King,FEMALE,2023-04-27,Everett
15270,Ariana,Cox,Ariana Cox,FEMALE,2023-08-06,Olympia
15271,Samuel,Yang,Samuel Yang,MALE,2023-09-03,Seattle
15272,Kyle,Gonzales,Kyle Gonzales,MALE,2023-11-24,Tacoma
15273,Brandon,Alexander,Brandon Alexander,MALE,2023-04-06,Lincoln Acres
15274,Alexander,Johnson,Alexander Johnson,MALE,2023-05-18,Long Beach
15275,Eric,Collins,Eric Collins,MALE,2023-02-27,Santa Monica
15276,Megan,Hall,Megan Hall,FEMALE,2022-02-19,El Cajon
15277,Hailey,Griffin,Hailey Griffin,FEMALE,2023-06-22,Long Beach
15278,Brandon,Russell,Brandon Russell,MALE,2023-02-03,San Carlos
15279,Hunter,Lee,Hunter Lee,MALE,2023-10-02,San Francisco
15280,Mya,Griffin,Mya Griffin,FEMALE,2022-02-24,San Carlos
15281,Hunter,Anderson,Hunter Anderson,MALE,2023-03-20,Berkeley
15282,Elizabeth,Thomas,Elizabeth Thomas,FEMALE,2023-10-06,San Diego
15283,Eugene,Li,Eugene Li,MALE,2023-10-10,Cliffside
15284,Jay,Prasad,Jay Prasad,MALE,2022-01-31,Colma
15285,Olivia,Rodriguez,Olivia Rodriguez,FEMALE,2023-03-16,Chula Vista
15286,Thomas,Nelson,Thomas Nelson,MALE,2023-11-11,Oregon City
15287,Stephanie,Baker,Stephanie Baker,FEMALE,2022-02-25,Spokane
15288,Logan,Perry,Logan Perry,MALE,2022-01-30,Chula Vista
15289,Katelyn,Gray,Katelyn Gray,FEMALE,2022-02-21,Grossmont
15290,Edward,Thompson,Edward Thompson,MALE,2022-03-13,Yakima
15291,Julia,Alexander,Julia Alexander,FEMALE,2023-11-15,Royal Oak
15292,Megan,Bailey,Megan Bailey,FEMALE,2023-10-04,Woodburn
15293,Mason,Watson,Mason Watson,MALE,2024-01-12,Lake Oswego
15294,Michael,Robinson,Michael Robinson,MALE,2023-04-22,Renton
15295,Louis,Shan,Louis Shan,MALE,2023-06-12,Beverly Hills
15296,Chloe,Peterson,Chloe Peterson,FEMALE,2023-10-05,Woodland Hills
15297,Nicole,Bryant,Nicole Bryant,FEMALE,2023-07-07,Edmonds
15298,Joe,Chandra,Joe Chandra,MALE,2023-11-20,Burien
15299,Charles,Lopez,Charles Lopez,MALE,2023-11-25,Lebanon
15300,Seth,Butler,Seth Butler,MALE,2024-01-26,Port Orchard
15301,Amy,Guo,Amy Guo,FEMALE,2023-02-21,Colma
15302,Brianna,Thomas,Brianna Thomas,FEMALE,2022-03-23,Mill Valley
15303,Haley,Patterson,Haley Patterson,FEMALE,2022-03-01,Mill Valley
15304,Miranda,Powell,Miranda Powell,FEMALE,2023-06-03,Haney
15305,Jacquelyn,Ortega,Jacquelyn Ortega,FEMALE,2023-04-21,Burbank
15306,Victoria,Sanchez,Victoria Sanchez,FEMALE,2024-01-02,Bellingham
15307,Jennifer,Garcia,Jennifer Garcia,FEMALE,2023-03-30,Los Angeles
15308,Christy,Lal,Christy Lal,FEMALE,2022-03-09,Berkeley
15309,Dylan,Wilson,Dylan Wilson,MALE,2022-03-22,Burbank
15310,Amanda,Stewart,Amanda Stewart,FEMALE,2023-06-08,Langley
15311,Brandon,Thompson,Brandon Thompson,MALE,2022-03-08,Tacoma
15312,Alexandria,Gonzales,Alexandria Gonzales,FEMALE,2022-03-11,Newport Beach
15313,Garrett,Morris,Garrett Morris,MALE,2023-08-17,Portland
15314,Eduardo,Torres,Eduardo Torres,MALE,2022-03-12,Santa Cruz
15315,Katherine,Bennett,Katherine Bennett,FEMALE,2023-04-08,Renton
15316,Alexis,Harris,Alexis Harris,FEMALE,2023-10-30,Daly City
15317,Rachel,Jenkins,Rachel Jenkins,FEMALE,2023-05-09,Burlingame
15318,Grace,Watson,Grace Watson,FEMALE,2023-12-01,Corvallis
15319,Jade,Sanchez,Jade Sanchez,FEMALE,2023-01-29,Concord
15320,Eduardo,Brooks,Eduardo Brooks,MALE,2022-03-18,Redmond
15321,Blake,Phillips,Blake Phillips,MALE,2022-03-26,Fremont
15322,Evan,Green,Evan Green,MALE,2022-03-18,Walla Walla
15323,Eduardo,Wilson,Eduardo Wilson,MALE,2023-11-20,Shawnee
15324,Renee,Serrano,Renee Serrano,FEMALE,2023-12-17,Central Valley
15325,Elijah,Hayes,Elijah Hayes,MALE,2022-03-11,Port Orchard
15326,Todd,Zheng,Todd Zheng,MALE,2023-08-13,Chula Vista
15327,Paula,Hernandez,Paula Hernandez,FEMALE,2023-11-25,Coronado
15328,Fernando,Jackson,Fernando Jackson,MALE,2022-03-15,San Diego
15329,Brianna,Cox,Brianna Cox,FEMALE,2022-03-23,Spring Valley
15330,Catherine,Richardson,Catherine Richardson,FEMALE,2023-02-09,Bremerton
15331,Jacob,Taylor,Jacob Taylor,MALE,2023-04-23,Lake Oswego
15332,Jason,Sharma,Jason Sharma,MALE,2023-11-27,Seattle
15333,Marie,Diaz,Marie Diaz,FEMALE,2022-03-30,Burbank
15334,Sydney,Williams,Sydney Williams,FEMALE,2023-12-27,Royal Oak
15335,Emily,Patterson,Emily Patterson,FEMALE,2023-11-08,Redmond
15336,Marco,Garcia,Marco Garcia,MALE,2024-01-20,Burlingame
15337,Rachel,Gonzales,Rachel Gonzales,FEMALE,2022-03-31,Chula Vista
15338,Marie,Navarro,Marie Navarro,FEMALE,2022-04-14,College Station
15339,Noah,Zhang,Noah Zhang,MALE,2022-04-14,Fremont
15340,Brittany,Barnes,Brittany Barnes,FEMALE,2023-03-16,Burnaby
15341,Lacey,Deng,Lacey Deng,FEMALE,2022-04-16,Concord
15342,Ashlee,Raji,Ashlee Raji,FEMALE,2022-04-15,Concord
15343,Carson,Barnes,Carson Barnes,MALE,2022-03-31,Lakewood
15344,Luke,Russell,Luke Russell,MALE,2023-04-17,Palo Alto
15345,Ashley,Perry,Ashley Perry,FEMALE,2022-04-05,San Gabriel
15346,Charles,Rodriguez,Charles Rodriguez,MALE,2022-04-05,Santa Monica
15347,Deanna,Alonso,Deanna Alonso,FEMALE,2022-04-20,Bellflower
15348,Greg,Carter,Greg Carter,MALE,2022-04-10,Tacoma
15349,Stephanie,Gonzalez,Stephanie Gonzalez,FEMALE,2022-04-29,Torrance
15350,Kathleen,Serrano,Kathleen Serrano,FEMALE,2022-04-15,Bremerton
15351,Steve,Lu,Steve Lu,MALE,2022-04-17,Burien
15352,Raymond,Martinez,Raymond Martinez,MALE,2023-03-23,Poing
15353,Michele,Xu,Michele Xu,FEMALE,2023-03-26,Watford
15354,Corey,Kumar,Corey Kumar,MALE,2021-09-03,Warrington
15355,Janelle,Martinez,Janelle Martinez,FEMALE,2023-11-03,Dunkerque
15356,Dawn,Jai,Dawn Jai,FEMALE,2023-03-07,Frankfurt am Main
15357,Craig,Navarro,Craig Navarro,MALE,2022-01-09,Hannover
15358,Danielle,Sanders,Danielle Sanders,FEMALE,2023-12-07,Oakland
15359,Logan,Yang,Logan Yang,MALE,2023-09-12,Edmonds
15360,Ryan,Martin,Ryan Martin,MALE,2023-12-10,Burbank
15361,Thomas,Gonzales,Thomas Gonzales,MALE,2024-01-24,Santa Cruz
15362,Jennifer,Adams,Jennifer Adams,FEMALE,2023-06-17,Shawnee
15363,Justin,Yang,Justin Yang,MALE,2023-06-27,Sooke
15364,Aidan,Bryant,Aidan Bryant,MALE,2022-04-11,Beaverton
15365,Victoria,Gray,Victoria Gray,FEMALE,2022-05-21,Glendale
15366,Alyssa,Coleman,Alyssa Coleman,FEMALE,2023-02-22,Lincoln Acres
15367,Alyssa,White,Alyssa White,FEMALE,2022-05-23,Portland
15368,Brandi,Martin,Brandi Martin,FEMALE,2023-04-06,Beverly Hills
15369,Connor,Perez,Connor Perez,MALE,2022-05-19,Burien
15370,Jessica,Butler,Jessica Butler,FEMALE,2023-10-08,Lebanon
15371,Cameron,Bryant,Cameron Bryant,MALE,2022-05-16,Walla Walla
15372,Miguel,Alexander,Miguel Alexander,MALE,2022-05-29,Bremerton
15373,Kaitlyn,Jones,Kaitlyn Jones,FEMALE,2023-12-13,Everett
15374,Donna,Kumar,Donna Kumar,FEMALE,2022-05-08,Burlingame
15375,Alisha,Chande,Alisha Chande,FEMALE,2023-07-09,Colma
15376,Megan,Sanders,Megan Sanders,FEMALE,2023-04-30,Sooke
15377,Brianna,Jackson,Brianna Jackson,FEMALE,2023-02-24,Victoria
15378,Devin,Ward,Devin Ward,MALE,2023-02-22,Westminster
15379,Amanda,Griffin,Amanda Griffin,FEMALE,2022-05-14,San Diego
15380,Nathan,Robinson,Nathan Robinson,MALE,2022-05-20,Kirkland
15381,Alexa,Howard,Alexa Howard,FEMALE,2024-01-08,Olympia
15382,Kimberly,Blue,Kimberly Blue,FEMALE,2023-08-04,Berkeley
15383,Charles,Rivera,Charles Rivera,MALE,2024-01-19,Lemon Grove
15384,Xavier,Alan,Xavier Alan,MALE,2023-04-04,Beaverton
15385,Destiny,Reed,Destiny Reed,FEMALE,2023-04-14,Lebanon
15386,Nicholas,Taylor,Nicholas Taylor,MALE,2023-08-27,Renton
15387,Miguel,Rodriguez,Miguel Rodriguez,MALE,2023-11-25,Chula Vista
15388,Victoria,Smith,Victoria Smith,FEMALE,2022-05-05,Downey
15389,Joan,King,Joan King,FEMALE,2022-05-29,Palo Alto
15390,Jonathan,Turner,Jonathan Turner,MALE,2023-09-05,Portland
15391,Jordyn,Powell,Jordyn Powell,FEMALE,2023-06-26,Newton
15392,Sydney,Brown,Sydney Brown,FEMALE,2023-06-11,Torrance
15393,Rebekah,Ruiz,Rebekah Ruiz,FEMALE,2023-12-25,Berkeley
15394,Natalie,Wilson,Natalie Wilson,FEMALE,2022-05-25,Lemon Grove
15395,Joseph,Clark,Joseph Clark,MALE,2023-06-26,Victoria
15396,Julia,Wilson,Julia Wilson,FEMALE,2022-05-23,Olympia
15397,Karl,Tang,Karl Tang,MALE,2023-02-18,Burbank
15398,Jose,Wang,Jose Wang,MALE,2022-04-30,Oakland
15399,Mackenzie,Murphy,Mackenzie Murphy,FEMALE,2022-06-12,Berkeley
15400,Samuel,Roberts,Samuel Roberts,MALE,2023-05-01,Mill Valley
15401,Rachel,Hughes,Rachel Hughes,FEMALE,2023-10-19,Lemon Grove
15402,Connor,Evans,Connor Evans,MALE,2023-06-24,Westminster
15403,Jeremiah,Ross,Jeremiah Ross,MALE,2023-06-22,Coronado
15404,Sydney,Robinson,Sydney Robinson,FEMALE,2022-06-05,Torrance
15405,Miguel,Ross,Miguel Ross,MALE,2023-04-29,Berkeley
15406,Amanda,Butler,Amanda Butler,FEMALE,2023-03-18,Milwaukie
15407,Julia,Lee,Julia Lee,FEMALE,2023-11-01,Seattle
15408,Olivia,Thompson,Olivia Thompson,FEMALE,2023-08-31,Glendale
15409,Eduardo,Cooper,Eduardo Cooper,MALE,2022-06-05,Puyallup
15410,Katherine,Harris,Katherine Harris,FEMALE,2022-06-27,Burbank
15411,Jay,Chandra,Jay Chandra,MALE,2022-06-03,Burlingame
15412,Ryan,Griffin,Ryan Griffin,MALE,2023-12-08,Coronado
15413,Donald,Prasad,Donald Prasad,MALE,2023-01-31,Cliffside
15414,Isaac,Richardson,Isaac Richardson,MALE,2023-02-09,Beverly Hills
15415,Rachel,Gray,Rachel Gray,FEMALE,2023-08-26,Spokane
15416,Edward,Barnes,Edward Barnes,MALE,2023-10-14,Milwaukie
15417,Alvin,Lu,Alvin Lu,MALE,2022-06-09,Chula Vista
15418,Angel,Kelly,Angel Kelly,MALE,2023-04-17,Port Hammond
15419,Carlos,Baker,Carlos Baker,MALE,2022-06-14,Corvallis
15420,Nathan,Hernandez,Nathan Hernandez,MALE,2023-03-02,Issaquah
15421,Cameron,Clark,Cameron Clark,MALE,2023-10-28,Renton
15422,Kelly,Griffin,Kelly Griffin,FEMALE,2022-06-14,W. Linn
15423,Jack,Long,Jack Long,MALE,2023-03-10,Walla Walla
15424,Rebecca,Hill,Rebecca Hill,FEMALE,2023-12-19,Beverly Hills
15425,Tina,Sai,Tina Sai,FEMALE,2022-11-12,Goulburn
15426,Cristina,Kumar,Cristina Kumar,FEMALE,2023-03-26,Malabar
15427,Jade,Murphy,Jade Murphy,FEMALE,2022-06-09,San Diego
15428,Richard,Howard,Richard Howard,MALE,2022-06-15,Spring Valley
15429,Aaron,Li,Aaron Li,MALE,2022-06-20,West Covina
15430,Alfredo,Jiménez,Alfredo Jiménez,MALE,2023-02-03,Burien
15431,John,Jackson,John Jackson,MALE,2023-04-26,Berkeley
15432,Alvin,Kumar,Alvin Kumar,MALE,2022-06-21,Colma
15433,Adam,Sharma,Adam Sharma,MALE,2022-06-05,Concord
15434,Brent,Zhou,Brent Zhou,MALE,2023-05-01,South Melbourne
15435,Geoffrey,Raman,Geoffrey Raman,MALE,2022-11-07,Warrnambool
15436,Patricia,Suri,Patricia Suri,FEMALE,2022-11-01,Lane Cove
15437,Candace,Srini,Candace Srini,FEMALE,2023-11-13,North Ryde
15438,Arthur,Rodriguez,Arthur Rodriguez,MALE,2022-11-08,St. Leonards
15439,Mason,Evans,Mason Evans,MALE,2022-11-02,Caloundra
15440,Jon,Pal,Jon Pal,MALE,2021-10-01,Berkshire
15441,Christy,Zeng,Christy Zeng,FEMALE,2023-04-03,High Wycombe
15442,Alejandro,Shen,Alejandro Shen,MALE,2023-07-03,Roncq
15443,Francisco,Patel,Francisco Patel,MALE,2023-02-05,Berlin
15444,Roy,Fernandez,Roy Fernandez,MALE,2023-04-26,York
15445,Bob,Lopez,Bob Lopez,MALE,2023-06-27,Orly
15446,Levi,Madan,Levi Madan,MALE,2023-05-15,Colombes
15447,Regina,Madan,Regina Madan,FEMALE,2023-05-27,Pantin
15448,Omar,She,Omar She,MALE,2023-09-07,Oxon
15449,Cedric,Yuan,Cedric Yuan,MALE,2023-06-04,York
15450,Marshall,Black,Marshall Black,MALE,2023-03-01,Metz
15451,Linda,Munoz,Linda Munoz,FEMALE,2022-07-09,Les Ulis
15452,Alison,Goel,Alison Goel,FEMALE,2023-03-20,Roissy en Brie
15453,Isabelle,Barnes,Isabelle Barnes,FEMALE,2021-10-05,Newcastle upon Tyne
15454,Ian,Bennett,Ian Bennett,MALE,2022-01-28,Werne
15455,Denise,Raman,Denise Raman,FEMALE,2022-07-08,Roubaix
15456,Donald,Suri,Donald Suri,MALE,2022-01-20,Saarlouis
15457,Adriana,Martinez,Adriana Martinez,FEMALE,2021-12-31,Neunkirchen
15458,Krystal,Ma,Krystal Ma,FEMALE,2023-08-15,Hof
15459,Beth,Dominguez,Beth Dominguez,FEMALE,2023-06-29,Mühlheim
15460,Bethany,Nara,Bethany Nara,FEMALE,2021-12-29,Poing
15461,Alberto,Gutierrez,Alberto Gutierrez,MALE,2023-02-13,Gateshead
15462,Tony,Chande,Tony Chande,MALE,2022-07-17,Colombes
15463,Terrence,Yuan,Terrence Yuan,MALE,2022-07-25,Courbevoie
15464,Kristi,Blanco,Kristi Blanco,FEMALE,2023-09-06,East Brisbane
15465,Jacquelyn,Navarro,Jacquelyn Navarro,FEMALE,2023-03-02,Geelong
15466,Elijah,Perez,Elijah Perez,MALE,2022-06-02,San Carlos
15467,Caleb,Shan,Caleb Shan,MALE,2022-06-22,Burbank
15468,Emma,Foster,Emma Foster,FEMALE,2023-02-22,Shawnee
15469,Fernando,Williams,Fernando Williams,MALE,2023-02-09,Santa Cruz
15470,Hailey,Lopez,Hailey Lopez,FEMALE,2023-08-15,Lemon Grove
15471,Destiny,White,Destiny White,FEMALE,2022-06-03,Palo Alto
15472,Jennifer,Torres,Jennifer Torres,FEMALE,2022-05-31,Marysville
15473,Abigail,Jenkins,Abigail Jenkins,FEMALE,2022-05-30,Coronado
15474,Cameron,Lal,Cameron Lal,MALE,2022-06-20,Beverly Hills
15475,Kaitlyn,Brooks,Kaitlyn Brooks,FEMALE,2022-06-20,Woodland Hills
15476,Alyssa,Powell,Alyssa Powell,FEMALE,2023-01-31,Long Beach
15477,Jose,Adams,Jose Adams,MALE,2023-12-14,Colma
15478,Melanie,Russell,Melanie Russell,FEMALE,2023-01-30,Metchosin
15479,Andrea,Wright,Andrea Wright,FEMALE,2023-11-20,Olympia
15480,Denise,Lopez,Denise Lopez,FEMALE,2022-07-15,Burbank
15481,Jamie,Zhang,Jamie Zhang,FEMALE,2022-07-14,Burlingame
15482,Audrey,Rubio,Audrey Rubio,FEMALE,2022-07-11,Chula Vista
15483,Katherine,Robinson,Katherine Robinson,FEMALE,2022-07-09,San Gabriel
15484,Samuel,Henderson,Samuel Henderson,MALE,2022-07-22,West Covina
15485,Jordan,Wright,Jordan Wright,FEMALE,2023-03-12,Imperial Beach
15486,Kevin,Griffin,Kevin Griffin,MALE,2023-06-21,Woodburn
15487,Jesse,Ramirez,Jesse Ramirez,MALE,2023-03-07,Spring Valley
15488,Evan,Richardson,Evan Richardson,MALE,2023-06-10,Burnaby
15489,Emily,Thompson,Emily Thompson,FEMALE,2022-07-06,Walla Walla
15490,Kaitlyn,Rivera,Kaitlyn Rivera,FEMALE,2023-07-04,Port Hammond
15491,Shannon,Li,Shannon Li,FEMALE,2022-06-30,Clearwater
15492,Grace,Long,Grace Long,FEMALE,2022-07-06,Kirkland
15493,Eric,Chen,Eric Chen,MALE,2022-06-30,Lebanon
15494,Anna,Ross,Anna Ross,FEMALE,2023-02-26,Victoria
15495,Craig,Alonso,Craig Alonso,MALE,2023-12-29,Chula Vista
15496,Kelli,Goel,Kelli Goel,FEMALE,2023-03-05,Colma
15497,Katelyn,Phillips,Katelyn Phillips,FEMALE,2022-07-02,Novato
15498,Alexandra,Washington,Alexandra Washington,FEMALE,2023-02-20,Shawnee
15499,Robert,Thomas,Robert Thomas,MALE,2022-07-09,Sedro Woolley
15500,Keith,Raji,Keith Raji,MALE,2022-07-22,Burlingame
15501,Justin,Simmons,Justin Simmons,MALE,2022-07-29,Colma
15502,Nathaniel,Howard,Nathaniel Howard,MALE,2022-07-15,Corvallis
15503,Caitlin,James,Caitlin James,FEMALE,2022-07-07,Sedro Woolley
15504,Jared,James,Jared James,MALE,2023-05-19,Issaquah
15505,Gabriella,Bailey,Gabriella Bailey,FEMALE,2023-06-23,W. Linn
15506,Evan,Sanders,Evan Sanders,MALE,2022-07-23,Burlingame
15507,Hailey,Campbell,Hailey Campbell,FEMALE,2023-01-28,Westminster
15508,Megan,Brooks,Megan Brooks,FEMALE,2023-07-23,Lynnwood
15509,Zachary,Washington,Zachary Washington,MALE,2023-03-15,Yakima
15510,Ernest,She,Ernest She,MALE,2023-08-22,Beaverton
15511,Haley,Kelly,Haley Kelly,FEMALE,2023-04-15,Sooke
15512,Jose,Hayes,Jose Hayes,MALE,2023-10-23,Ballard
15513,Madeline,Perez,Madeline Perez,FEMALE,2023-08-16,Renton
15514,Angela,Ramirez,Angela Ramirez,FEMALE,2023-05-27,Walla Walla
15515,Carlos,Wright,Carlos Wright,MALE,2023-11-30,Yakima
15516,Shaun,Raje,Shaun Raje,MALE,2023-07-03,Chula Vista
15517,Thomas,Edwards,Thomas Edwards,MALE,2022-07-01,Santa Monica
15518,Richard,Bryant,Richard Bryant,MALE,2022-07-16,Torrance
15519,Jennifer,Evans,Jennifer Evans,FEMALE,2023-04-27,Beaverton
15520,Desiree,Navarro,Desiree Navarro,FEMALE,2022-07-07,Coronado
15521,Kathryn,Deng,Kathryn Deng,FEMALE,2022-08-03,Bellflower
15522,Ethan,Russell,Ethan Russell,MALE,2023-08-17,Portland
15523,Jonathan,Yang,Jonathan Yang,MALE,2022-08-07,Marysville
15524,Dalton,Stone,Dalton Stone,MALE,2023-05-21,Lake Oswego
15525,Marie,Gonzalez,Marie Gonzalez,FEMALE,2022-08-01,Burbank
15526,Isabelle,Flores,Isabelle Flores,FEMALE,2023-02-20,Westminster
15527,Megan,Rivera,Megan Rivera,FEMALE,2022-08-13,Imperial Beach
15528,Lucas,Ramirez,Lucas Ramirez,MALE,2022-08-19,Milwaukie
15529,Jason,Allen,Jason Allen,MALE,2022-08-05,Lynnwood
15530,Madison,Johnson,Madison Johnson,FEMALE,2023-12-16,Sooke
15531,Calvin,Raji,Calvin Raji,MALE,2022-08-05,Bothell
15532,Marshall,Jai,Marshall Jai,MALE,2022-08-27,Chula Vista
15533,Anna,Richardson,Anna Richardson,FEMALE,2023-08-19,San Francisco
15534,Steven,Bell,Steven Bell,MALE,2022-08-05,Portland
15535,Jordan,Scott,Jordan Scott,MALE,2022-08-23,Burlingame
15536,Victoria,Thomas,Victoria Thomas,FEMALE,2023-07-25,Langley
15537,Destiny,Peterson,Destiny Peterson,FEMALE,2022-08-05,Glendale
15538,Luis,Lal,Luis Lal,MALE,2022-08-25,Grossmont
15539,Raul,Goel,Raul Goel,MALE,2023-10-13,Berkeley
15540,Randall,Ortega,Randall Ortega,MALE,2022-08-23,Burlingame
15541,Zoe,Morris,Zoe Morris,FEMALE,2023-08-22,Palo Alto
15542,Andrea,Baker,Andrea Baker,FEMALE,2022-08-20,Burbank
15543,Emma,Flores,Emma Flores,FEMALE,2023-04-15,Oak Bay
15544,Thomas,Brown,Thomas Brown,MALE,2023-04-28,Glendale
15545,Jennifer,Rivera,Jennifer Rivera,FEMALE,2023-07-16,Chula Vista
15546,Robert,Jenkins,Robert Jenkins,MALE,2023-12-18,W. Linn
15547,Cassidy,Wood,Cassidy Wood,FEMALE,2022-08-17,Daly City
15548,Morgan,Brooks,Morgan Brooks,FEMALE,2022-08-25,Woodland Hills
15549,Richard,Davis,Richard Davis,MALE,2023-01-11,Cliffside
15550,Orlando,Alonso,Orlando Alonso,MALE,2023-11-29,Bremerton
15551,Kaylee,Gray,Kaylee Gray,FEMALE,2022-08-22,Burien
15552,Tyler,Lewis,Tyler Lewis,MALE,2022-08-19,Olympia
15553,Ivan,Lopez,Ivan Lopez,MALE,2022-08-20,Burbank
15554,Zoe,Bailey,Zoe Bailey,FEMALE,2022-09-03,Concord
15555,Hailey,Barnes,Hailey Barnes,FEMALE,2022-09-16,Palo Alto
15556,Dylan,Davis,Dylan Davis,MALE,2023-03-03,Shawnee
15557,Nathaniel,Murphy,Nathaniel Murphy,MALE,2022-09-05,Oakland
15558,Hailey,Morris,Hailey Morris,FEMALE,2022-09-01,Puyallup
15559,Devin,Flores,Devin Flores,MALE,2023-02-12,Cliffside
15560,Gabrielle,Gray,Gabrielle Gray,FEMALE,2023-05-11,Bremerton
15561,Angel,Young,Angel Young,MALE,2022-09-01,Lebanon
15562,Kaitlyn,James,Kaitlyn James,FEMALE,2022-09-25,Bremerton
15563,Luke,Lopez,Luke Lopez,MALE,2023-10-05,Issaquah
15564,Eduardo,Hughes,Eduardo Hughes,MALE,2023-05-28,Sooke
15565,Kyle,Mitchell,Kyle Mitchell,MALE,2022-08-29,Everett
15566,Aaron,Foster,Aaron Foster,MALE,2023-07-07,Newton
15567,Carmen,Madan,Carmen Madan,FEMALE,2023-07-22,Cliffside
15568,Aaron,Hayes,Aaron Hayes,MALE,2022-09-25,Glendale
15569,Morgan,Ward,Morgan Ward,FEMALE,2022-09-16,Beaverton
15570,Brianna,Powell,Brianna Powell,FEMALE,2022-09-22,Spring Valley
15571,Angel,Allen,Angel Allen,MALE,2023-01-28,Shawnee
15572,Anna,Garcia,Anna Garcia,FEMALE,2023-07-03,N. Vancouver
15573,Thomas,Wilson,Thomas Wilson,MALE,2023-10-05,Redmond
15574,Carlos,Peterson,Carlos Peterson,MALE,2024-01-07,West Covina
15575,Alvin,Ye,Alvin Ye,MALE,2022-10-29,Gold Coast
15576,Carly,Raje,Carly Raje,FEMALE,2022-11-23,Milsons Point
15577,Mayra,Malhotra,Mayra Malhotra,FEMALE,2023-04-04,Newcastle
15578,Diane,Gill,Diane Gill,FEMALE,2022-11-10,Melbourne
15579,Brittany,Coleman,Brittany Coleman,FEMALE,2023-02-09,Hobart
15580,Ruben,Raman,Ruben Raman,MALE,2022-10-28,Cranbourne
15581,Toni,Perez,Toni Perez,FEMALE,2023-08-09,Melton
15582,Jeffery,Cai,Jeffery Cai,MALE,2022-11-27,Geelong
15583,Lindsey,Xu,Lindsey Xu,FEMALE,2023-06-02,Rhodes
15584,Christy,Raji,Christy Raji,FEMALE,2023-03-26,Port Macquarie
15585,Roy,Garcia,Roy Garcia,MALE,2022-11-21,Wollongong
15586,Victor,Blanco,Victor Blanco,MALE,2022-11-26,Caloundra
15587,Jessica,Ward,Jessica Ward,FEMALE,2022-11-18,Cranbourne
15588,Kristy,Alvarez,Kristy Alvarez,FEMALE,2022-11-02,Goulburn
15589,Gilbert,He,Gilbert He,MALE,2022-11-26,Hawthorne
15590,Marshall,Wu,Marshall Wu,MALE,2022-11-24,Melbourne
15591,Darren,Srini,Darren Srini,MALE,2022-11-01,Seaford
15592,Janet,Moreno,Janet Moreno,FEMALE,2023-02-02,Matraville
15593,Naomi,Martin,Naomi Martin,FEMALE,2023-03-04,Hobart
15594,Joanna,Carlson,Joanna Carlson,FEMALE,2023-12-24,Goulburn
15595,Andre,Sanchez,Andre Sanchez,MALE,2022-10-28,Malabar
15596,Gilbert,Goel,Gilbert Goel,MALE,2022-11-24,St. Leonards
15597,Terry,Raji,Terry Raji,MALE,2022-11-18,South Melbourne
15598,Tanya,Rubio,Tanya Rubio,FEMALE,2023-09-19,Springwood
15599,Darryl,Ma,Darryl Ma,MALE,2023-04-19,Rockhampton
15600,Josue,Dominguez,Josue Dominguez,MALE,2022-10-30,Bendigo
15601,Naomi,Moreno,Naomi Moreno,FEMALE,2022-11-22,Brisbane
15602,Warren,Wu,Warren Wu,MALE,2023-06-22,Seaford
15603,Philip,Blanco,Philip Blanco,MALE,2023-03-31,Port Macquarie
15604,Clifford,Prasad,Clifford Prasad,MALE,2023-06-20,Hobart
15605,Alan,Yang,Alan Yang,MALE,2023-09-27,Darlinghurst
15606,Marco,Prasad,Marco Prasad,MALE,2023-02-27,Cranbourne
15607,Ricky,Gill,Ricky Gill,MALE,2023-11-16,Brisbane
15608,Faith,James,Faith James,FEMALE,2023-08-28,Hof
15609,Karl,Sharma,Karl Sharma,MALE,2023-08-15,Pantin
15610,Jessica,Gonzales,Jessica Gonzales,FEMALE,2023-09-18,Watford
15611,Michele,Patel,Michele Patel,FEMALE,2023-06-14,Colombes
15612,Damien,Ma,Damien Ma,MALE,2023-05-08,Milton Keynes
15613,Melinda,Moreno,Melinda Moreno,FEMALE,2023-05-23,Drancy
15614,Faith,Simmons,Faith Simmons,FEMALE,2021-10-13,Oxford
15615,Erika,Alvarez,Erika Alvarez,FEMALE,2023-03-26,Milton Keynes
15616,Janet,Alonso,Janet Alonso,FEMALE,2023-09-21,Orleans
15617,Dawn,Chande,Dawn Chande,FEMALE,2023-02-01,Paris
15618,Gabriel,Sharma,Gabriel Sharma,MALE,2023-04-01,Werne
15619,Levi,Subram,Levi Subram,MALE,2021-10-13,Cheltenham
15620,Dominique,Subram,Dominique Subram,FEMALE,2021-10-05,London
15621,Kelli,Wu,Kelli Wu,FEMALE,2021-10-07,Liverpool
15622,Yvonne,Schleger,Yvonne Schleger,MALE,2022-01-14,Essen
15623,Molly,Madan,Molly Madan,FEMALE,2022-08-25,Paris
15624,Tyrone,Rubio,Tyrone Rubio,MALE,2022-08-17,Paris La Defense
15625,Clinton,Alvarez,Clinton Alvarez,MALE,2022-02-08,Bonn
15626,Eduardo,White,Eduardo White,MALE,2022-02-28,Bottrop
15627,Troy,Srini,Troy Srini,MALE,2022-02-17,Frankfurt am Main
15628,Brianna,Sandberg,Brianna Sandberg,FEMALE,2023-10-17,Solingen
15629,Meghan,Ruiz,Meghan Ruiz,FEMALE,2023-12-31,Werne
15630,Nichole,Tang,Nichole Tang,FEMALE,2021-10-24,Milton Keynes
15631,Clayton,Andersen,Clayton Andersen,MALE,2021-10-24,Oxford
15632,Gloria,Carlson,Gloria Carlson,FEMALE,2021-11-09,London
15633,Ashlee,Shan,Ashlee Shan,FEMALE,2023-05-21,Dresden
15634,Dalton,Kelly,Dalton Kelly,MALE,2023-06-18,Warrington
15635,Sheila,Martin,Sheila Martin,FEMALE,2023-05-13,Newcastle upon Tyne
15636,David,White,David White,MALE,2023-06-11,Darmstadt
15637,Russell,Sharma,Russell Sharma,MALE,2022-08-04,Saint Ouen
15638,Rosa,He,Rosa He,FEMALE,2021-11-19,Milton Keynes
15639,Melanie,Coleman,Melanie Coleman,FEMALE,2023-04-06,Caloundra
15640,Gary,Gomez,Gary Gomez,MALE,2023-01-28,Caloundra
15641,Marco,Sara,Marco Sara,MALE,2023-04-22,Cranbourne
15642,Cara,Gao,Cara Gao,FEMALE,2022-10-31,Melbourne
15643,Omar,Raji,Omar Raji,MALE,2022-10-30,Rhodes
15644,Savannah,Gonzalez,Savannah Gonzalez,FEMALE,2022-11-11,Goulburn
15645,Javier,Gill,Javier Gill,MALE,2022-11-02,Newcastle
15646,Emma,Kelly,Emma Kelly,FEMALE,2022-11-15,Hobart
15647,Dawn,He,Dawn He,FEMALE,2022-11-06,Gold Coast
15648,Edgar,Gonzalez,Edgar Gonzalez,MALE,2022-10-28,Geelong
15649,Melinda,Jimenez,Melinda Jimenez,FEMALE,2022-02-10,Paderborn
15650,Ronnie,Li,Ronnie Li,MALE,2023-12-14,Saint Germain en Laye
15651,Ann,Lopez,Ann Lopez,FEMALE,2022-08-13,Morangis
15652,Barbara,Wang,Barbara Wang,FEMALE,2021-11-17,Berks
15653,Gerald,Madan,Gerald Madan,MALE,2021-11-09,London
15654,Levi,Fernandez,Levi Fernandez,MALE,2023-06-10,Paris
15655,Deanna,Gomez,Deanna Gomez,FEMALE,2022-02-22,Essen
15656,Darryl,Zhao,Darryl Zhao,MALE,2022-02-10,Sulzbach Taunus
15657,Marcus,Hayes,Marcus Hayes,MALE,2021-11-05,Warrington
15658,Victoria,Rogers,Victoria Rogers,FEMALE,2023-09-01,Metz
15659,Angela,Rivera,Angela Rivera,FEMALE,2022-02-16,Darmstadt
15660,April,Jai,April Jai,FEMALE,2021-12-17,London
15661,Brandon,Robinson,Brandon Robinson,MALE,2021-12-06,Stoke-on-Trent
15662,Megan,Richardson,Megan Richardson,FEMALE,2021-12-06,York
15663,Mandy,Chen,Mandy Chen,FEMALE,2022-08-18,Paris
15664,Jill,Vazquez,Jill Vazquez,FEMALE,2022-02-01,Offenbach
15665,Kristi,Sai,Kristi Sai,FEMALE,2022-08-13,Paris
15666,Bianca,Liang,Bianca Liang,FEMALE,2022-08-20,Lieusaint
15667,Hector,Ramos,Hector Ramos,MALE,2022-01-29,Paderborn
15668,Erick,Fernandez,Erick Fernandez,MALE,2021-12-24,Watford
15669,Paul,Suurs,Paul Suurs,FEMALE,2021-12-08,York
15670,Sergio,Sánchez,Sergio Sánchez,MALE,2023-12-17,Orleans
15671,Lawrence,Torres,Lawrence Torres,MALE,2023-02-28,Liverpool
15672,Kelvin,Nara,Kelvin Nara,MALE,2023-12-24,Paderborn
15673,Jon,Goel,Jon Goel,MALE,2023-04-10,Versailles
15674,Tommy,Raheem,Tommy Raheem,MALE,2022-03-13,Erlangen
15675,Jay,Alonso,Jay Alonso,MALE,2022-03-09,Hof
15676,Todd,Wang,Todd Wang,MALE,2022-08-24,Tremblay-en-France
15677,Alyssa,Bradley,Alyssa Bradley,FEMALE,2022-09-27,Bobigny
15678,Susan,Zhou,Susan Zhou,FEMALE,2022-09-08,Morangis
15679,Robert,Patterson,Robert Patterson,MALE,2023-05-11,Roubaix
15680,Tasha,She,Tasha She,FEMALE,2023-07-05,Neunkirchen
15681,Emma,Gonzales,Emma Gonzales,FEMALE,2023-02-01,Oxford
15682,Heidi,Garcia,Heidi Garcia,FEMALE,2024-01-11,Bonn
15683,Jessie,Carlson,Jessie Carlson,FEMALE,2023-03-13,Braunschweig
15684,Tyrone,Suarez,Tyrone Suarez,MALE,2022-03-09,Kiel
15685,Robin,Vazquez,Robin Vazquez,FEMALE,2022-03-25,Offenbach
15686,Pedro,Vazquez,Pedro Vazquez,MALE,2023-02-26,London
15687,Jay,Suri,Jay Suri,MALE,2022-09-14,Les Ulis
15688,Chase,Gray,Chase Gray,MALE,2022-09-08,Paris
15689,Stacey,Wang,Stacey Wang,FEMALE,2023-05-04,Leipzig
15690,Clifford,Perez,Clifford Perez,MALE,2023-10-21,Runcorn
15691,Julian,Henderson,Julian Henderson,MALE,2021-12-27,Watford
15692,Ryan,Garcia,Ryan Garcia,MALE,2021-11-30,Oxford
15693,Isabel,Barnes,Isabel Barnes,FEMALE,2022-03-28,Darmstadt
15694,Stephanie,Diaz,Stephanie Diaz,FEMALE,2023-09-15,Cheltenham
15695,Bruce,Gomez,Bruce Gomez,MALE,2021-11-29,Newcastle upon Tyne
15696,Damien,Sun,Damien Sun,MALE,2023-06-27,Pantin
15697,Julia,Morris,Julia Morris,FEMALE,2022-03-16,Ingolstadt
15698,Susan,Wang,Susan Wang,FEMALE,2023-11-11,Werne
15699,Jonathon,Hernandez,Jonathon Hernandez,MALE,2022-01-05,Woolston
15700,Eugene,Guo,Eugene Guo,MALE,2022-09-27,Paris
15701,Jillian,Kapoor,Jillian Kapoor,FEMALE,2023-03-29,Cheltenham
15702,Ruth,Mehta,Ruth Mehta,FEMALE,2022-01-09,High Wycombe
15703,Alison,Chande,Alison Chande,FEMALE,2023-01-28,Bonn
15704,Peter,Luo,Peter Luo,MALE,2023-08-19,München
15705,Gabriel,Simmons,Gabriel Simmons,MALE,2023-05-20,Erlangen
15706,Tina,Arthur,Tina Arthur,FEMALE,2023-03-12,Saint Ouen
15707,Robin,Rubio,Robin Rubio,FEMALE,2023-09-12,Ingolstadt
15708,Nina,Jai,Nina Jai,FEMALE,2023-02-23,München
15709,Chelsea,Prasad,Chelsea Prasad,FEMALE,2023-03-24,Colombes
15710,Brandy,Rana,Brandy Rana,FEMALE,2022-09-02,Villeneuve-d'Ascq
15711,Jeffery,Liang,Jeffery Liang,MALE,2023-05-21,Cambridge
15712,Whitney,Chandra,Whitney Chandra,FEMALE,2023-07-11,London
15713,Hannah,Lee,Hannah Lee,FEMALE,2023-11-08,Runcorn
15714,Bethany,Pal,Bethany Pal,FEMALE,2023-10-09,Boulogne-Billancourt
15715,Isabella,Adams,Isabella Adams,FEMALE,2023-07-29,Townsville
15716,Roy,Madan,Roy Madan,MALE,2022-11-19,Hawthorne
15717,Alexia,Henderson,Alexia Henderson,FEMALE,2022-11-11,Sydney
15718,Heather,Lin,Heather Lin,FEMALE,2023-09-16,Darlinghurst
15719,Lacey,Liang,Lacey Liang,FEMALE,2022-11-23,Silverwater
15720,Jaime,Ramos,Jaime Ramos,FEMALE,2023-02-10,Malabar
15721,Cara,Guo,Cara Guo,FEMALE,2023-06-17,Warrnambool
15722,Angela,Jenkins,Angela Jenkins,FEMALE,2022-11-18,Bendigo
15723,Kate,Deng,Kate Deng,FEMALE,2022-11-08,North Ryde
15724,Roger,She,Roger She,MALE,2022-11-04,Caloundra
15725,Trevor,Price,Trevor Price,MALE,2022-11-21,Wollongong
15726,Faith,Barnes,Faith Barnes,FEMALE,2022-11-07,Hervey Bay
15727,Alisha,Zeng,Alisha Zeng,FEMALE,2023-05-09,Matraville
15728,Keith,Sharma,Keith Sharma,MALE,2023-03-08,Cranbourne
15729,Mayra,Suri,Mayra Suri,FEMALE,2022-12-27,Bendigo
15730,Philip,Dominguez,Philip Dominguez,MALE,2023-08-19,Coffs Harbour
15731,Corey,Chavez,Corey Chavez,MALE,2023-03-26,Wollongong
15732,Sandra,Zhu,Sandra Zhu,FEMALE,2022-12-12,St. Leonards
15733,Leslie,Ramos,Leslie Ramos,FEMALE,2022-12-08,Rockhampton
15734,Alicia,Lal,Alicia Lal,FEMALE,2022-12-25,Wollongong
15735,Lori,Blanco,Lori Blanco,FEMALE,2023-06-21,Darlinghurst
15736,Sheena,Raje,Sheena Raje,FEMALE,2023-11-07,Beverly Hills
15737,Alexander,Robinson,Alexander Robinson,MALE,2022-09-02,Lynnwood
15738,Abigail,Miller,Abigail Miller,FEMALE,2023-12-16,Torrance
15739,Garrett,Rogers,Garrett Rogers,MALE,2022-08-28,Santa Monica
15740,Johnny,Kumar,Johnny Kumar,MALE,2023-09-18,Beaverton
15741,Isabella,Allen,Isabella Allen,FEMALE,2023-10-20,Woodland Hills
15742,Grace,Thompson,Grace Thompson,FEMALE,2023-02-16,Palo Alto
15743,Chloe,Thompson,Chloe Thompson,FEMALE,2023-11-24,Kirkland
15744,Angela,Gray,Angela Gray,FEMALE,2023-08-16,Edmonds
15745,Julian,Hayes,Julian Hayes,MALE,2023-08-30,Bellingham
15746,Emily,Walker,Emily Walker,FEMALE,2023-12-03,Lynnwood
15747,Evan,Nelson,Evan Nelson,MALE,2023-09-05,Chula Vista
15748,Austin,Jenkins,Austin Jenkins,MALE,2023-05-29,N. Vancouver
15749,Grace,Brown,Grace Brown,FEMALE,2024-01-17,Bremerton
15750,Kaitlin,Martinez,Kaitlin Martinez,FEMALE,2022-09-08,Bellflower
15751,Kristen,Xu,Kristen Xu,FEMALE,2022-12-21,Bendigo
15752,Bobby,Rodriguez,Bobby Rodriguez,MALE,2022-12-08,Newcastle
15753,Margaret,Li,Margaret Li,FEMALE,2022-12-09,Townsville
15754,Crystal,Xu,Crystal Xu,FEMALE,2022-12-04,North Ryde
15755,Connor,Flores,Connor Flores,MALE,2022-12-24,Sunbury
15756,Kari,Gutierrez,Kari Gutierrez,FEMALE,2022-12-25,Cloverdale
15757,Edwin,Ferrier,Edwin Ferrier,MALE,2022-12-24,Cloverdale
15758,Arturo,Andersen,Arturo Andersen,MALE,2024-01-05,South Melbourne
15759,Erin,Brooks,Erin Brooks,FEMALE,2023-03-21,Beaverton
15760,Richard,James,Richard James,MALE,2023-03-23,N. Vancouver
15761,Xavier,Thompson,Xavier Thompson,MALE,2023-10-03,Newton
15762,Garrett,Stewart,Garrett Stewart,MALE,2023-06-25,Oak Bay
15763,Xavier,Young,Xavier Young,MALE,2022-09-08,Walla Walla
15764,Louis,Guo,Louis Guo,MALE,2022-12-07,Warrnambool
15765,Gilbert,Deng,Gilbert Deng,MALE,2022-12-22,Bendigo
15766,Priscilla,Black,Priscilla Black,FEMALE,2023-01-29,Melton
15767,George,Prasad,George Prasad,MALE,2022-12-21,Seaford
15768,Victoria,Walker,Victoria Walker,FEMALE,2022-10-05,Lakewood
15769,Kelly,Coleman,Kelly Coleman,FEMALE,2022-10-05,Lemon Grove
15770,Xavier,Brooks,Xavier Brooks,MALE,2022-10-12,Spring Valley
15771,Maria,Diaz,Maria Diaz,FEMALE,2022-10-23,Lebanon
15772,Christopher,Anderson,Christopher Anderson,MALE,2023-07-19,San Gabriel
15773,Dylan,Jenkins,Dylan Jenkins,MALE,2023-07-27,Lincoln Acres
15774,Natalie,Kelly,Natalie Kelly,FEMALE,2023-04-08,Redmond
15775,Michelle,Ward,Michelle Ward,FEMALE,2023-08-17,Bellingham
15776,Jesse,Mitchell,Jesse Mitchell,MALE,2023-05-26,Newport Beach
15777,Brianna,Smith,Brianna Smith,FEMALE,2023-04-20,Seattle
15778,José,Miller,José Miller,MALE,2022-10-21,Everett
15779,Jackson,Hayes,Jackson Hayes,MALE,2023-05-21,Bremerton
15780,Claudia,McDonald,Claudia McDonald,FEMALE,2022-10-10,Burbank
15781,Blake,Evans,Blake Evans,MALE,2022-10-17,San Francisco
15782,Katelyn,Collins,Katelyn Collins,FEMALE,2023-12-15,Yakima
15783,David,Alexander,David Alexander,MALE,2023-07-10,Hobart
15784,Rebekah,Vazquez,Rebekah Vazquez,FEMALE,2022-12-14,Rockhampton
15785,Edwin,Zhang,Edwin Zhang,MALE,2022-11-29,Melton
15786,Marshall,Andersen,Marshall Andersen,MALE,2022-12-27,Geelong
15787,Cynthia,Gonzalez,Cynthia Gonzalez,FEMALE,2023-04-26,St. Leonards
15788,Barbara,Li,Barbara Li,FEMALE,2022-12-17,Melbourne
15789,Steve,Schmidt,Steve Schmidt,FEMALE,2022-12-01,Rockhampton
15790,Colin,Xu,Colin Xu,MALE,2022-12-12,Hobart
15791,Megan,Long,Megan Long,FEMALE,2023-03-11,Sydney
15792,Ernest,Zhou,Ernest Zhou,MALE,2022-12-03,Perth
15793,Renee,Navarro,Renee Navarro,FEMALE,2022-12-17,Coffs Harbour
15794,Tonya,Chander,Tonya Chander,FEMALE,2023-03-23,Rockhampton
15795,Diane,Munoz,Diane Munoz,FEMALE,2023-04-13,Springwood
15796,Edward,Hayes,Edward Hayes,MALE,2023-12-24,Sunbury
15797,Isaac,Cox,Isaac Cox,MALE,2022-11-29,Wollongong
15798,Anne,Munoz,Anne Munoz,FEMALE,2023-04-12,Cranbourne
15799,Victoria,Anderson,Victoria Anderson,FEMALE,2022-12-12,Bendigo
15800,Alberto,Serrano,Alberto Serrano,MALE,2022-11-29,Lane Cove
15801,Katrina,Shen,Katrina Shen,FEMALE,2022-12-26,East Brisbane
15802,Bridget,Kumar,Bridget Kumar,FEMALE,2022-12-24,Rhodes
15803,Bradley,Goel,Bradley Goel,MALE,2023-07-28,Melbourne
15804,Brittney,Liu,Brittney Liu,FEMALE,2023-12-12,Newcastle
15805,Dawn,Lin,Dawn Lin,FEMALE,2023-12-09,Springwood
15806,Devin,Allen,Devin Allen,MALE,2023-02-26,Wollongong
15807,Scot,Schulte,Scot Schulte,MALE,2023-03-31,Matraville
15808,Natasha,Blanco,Natasha Blanco,FEMALE,2022-12-03,Warrnambool
15809,Christian,Sharma,Christian Sharma,MALE,2023-02-22,Port Macquarie
15810,Regina,Kapoor,Regina Kapoor,FEMALE,2023-04-07,Seaford
15811,Barbara,Schultz,Barbara Schultz,MALE,2023-04-06,Silverwater
15812,Logan,Allen,Logan Allen,MALE,2023-05-20,Gold Coast
15813,Julian,Diaz,Julian Diaz,MALE,2023-09-12,Redwood City
15814,Monica,Subram,Monica Subram,FEMALE,2023-10-10,Burlingame
15815,Nicole,Price,Nicole Price,FEMALE,2023-04-19,Langford
15816,Victoria,Miller,Victoria Miller,FEMALE,2023-02-21,Haney
15817,Chloe,Alexander,Chloe Alexander,FEMALE,2023-05-13,Beaverton
15818,Stanley,Perez,Stanley Perez,MALE,2023-12-15,Bellingham
15819,Savannah,Cox,Savannah Cox,FEMALE,2023-09-10,Puyallup
15820,Chase,Ward,Chase Ward,MALE,2023-02-02,Issaquah
15821,Logan,Anderson,Logan Anderson,MALE,2023-02-03,West Covina
15822,Damien,Zhu,Damien Zhu,MALE,2023-06-22,Findon
15823,Sharon,Tang,Sharon Tang,FEMALE,2023-05-15,Bendigo
15824,Lindsay,Kumar,Lindsay Kumar,FEMALE,2023-03-16,Colma
15825,Angela,Simmons,Angela Simmons,FEMALE,2024-01-14,Seattle
15826,Marissa,Price,Marissa Price,FEMALE,2023-02-16,Metchosin
15827,Danielle,Ward,Danielle Ward,FEMALE,2022-10-19,Edmonds
15828,Robyn,Ramos,Robyn Ramos,FEMALE,2023-05-02,Findon
15829,Devin,Diaz,Devin Diaz,MALE,2023-05-03,Melbourne
15830,Naomi,Alonso,Naomi Alonso,FEMALE,2022-12-20,Matraville
15831,Omar,He,Omar He,MALE,2022-12-05,North Sydney
15832,Manuel,Martinez,Manuel Martinez,MALE,2022-12-24,Cloverdale
15833,Tabitha,Kovar,Tabitha Kovar,FEMALE,2022-12-10,South Melbourne
15834,Rebecca,Green,Rebecca Green,FEMALE,2022-10-14,Walla Walla
15835,Marcus,Smith,Marcus Smith,MALE,2023-12-06,Downey
15836,Devin,Jackson,Devin Jackson,MALE,2023-10-14,National City
15837,Julia,Johnston,Julia Johnston,FEMALE,2023-07-15,Bremerton
15838,Julia,Taylor,Julia Taylor,FEMALE,2023-04-29,Fremont
15839,William,Taylor,William Taylor,MALE,2023-05-06,Santa Monica
15840,Natalie,Peterson,Natalie Peterson,FEMALE,2022-10-04,W. Linn
15841,Luis,Shan,Luis Shan,MALE,2022-10-12,Los Angeles
15842,Haley,Gray,Haley Gray,FEMALE,2022-10-14,Spokane
15843,Caleb,Wright,Caleb Wright,MALE,2022-10-18,Yakima
15844,Megan,Brown,Megan Brown,FEMALE,2022-10-21,Grossmont
15845,Mackenzie,Carter,Mackenzie Carter,FEMALE,2022-10-22,Milwaukie
15846,Julian,Flores,Julian Flores,MALE,2023-07-11,Metchosin
15847,Edward,White,Edward White,MALE,2023-05-14,Westminster
15848,Gabrielle,Hernandez,Gabrielle Hernandez,FEMALE,2023-12-27,Portland
15849,Destiny,Kelly,Destiny Kelly,FEMALE,2023-06-13,Spokane
15850,Rachel,Bradley,Rachel Bradley,FEMALE,2023-07-05,Victoria
15851,Taylor,Anderson,Taylor Anderson,FEMALE,2022-09-28,Everett
15852,Oscar,Henderson,Oscar Henderson,MALE,2022-10-18,Santa Cruz
15853,Jasmine,Brown,Jasmine Brown,FEMALE,2023-06-27,Mill Valley
15854,Miranda,Wood,Miranda Wood,FEMALE,2023-06-13,Downey
15855,Noah,Jones,Noah Jones,MALE,2023-09-30,Santa Cruz
15856,Luis,Gonzales,Luis Gonzales,MALE,2023-01-28,Langford
15857,Isabella,White,Isabella White,FEMALE,2023-10-23,Chula Vista
15858,Jonathan,Parker,Jonathan Parker,MALE,2023-07-22,Concord
15859,Abigail,Ramirez,Abigail Ramirez,FEMALE,2023-04-22,Victoria
15860,Joe,Moreno,Joe Moreno,MALE,2022-10-01,Bellingham
15861,Damien,Zhao,Damien Zhao,MALE,2023-02-01,Berkeley
15862,Sriniwa,Narayanan,Sriniwa Narayanan,FEMALE,2022-10-15,Burbank
15863,Adam,Scott,Adam Scott,MALE,2023-04-06,Metchosin
15864,Lauren,Bailey,Lauren Bailey,FEMALE,2023-05-08,Vancouver
15865,Isabel,Price,Isabel Price,FEMALE,2022-10-22,Palo Alto
15866,Abigail,White,Abigail White,FEMALE,2023-03-14,N. Vancouver
15867,Victoria,White,Victoria White,FEMALE,2023-12-13,Puyallup
15868,Caleb,Lal,Caleb Lal,MALE,2023-05-19,Sooke
15869,Alexandra,Hall,Alexandra Hall,FEMALE,2023-03-05,Port Orchard
15870,Zoe,Howard,Zoe Howard,FEMALE,2023-05-18,Corvallis
15871,Ryan,Jai,Ryan Jai,MALE,2023-03-29,Puyallup
15872,Gabriella,Gonzalez,Gabriella Gonzalez,FEMALE,2023-11-02,Victoria
15873,Hailey,Richardson,Hailey Richardson,FEMALE,2022-10-24,Grossmont
15874,Samuel,Martin,Samuel Martin,MALE,2023-02-27,Sooke
15875,Devin,Morris,Devin Morris,MALE,2023-04-08,Santa Monica
15876,Eduardo,Turner,Eduardo Turner,MALE,2023-07-10,Metchosin
15877,Jordan,Perez,Jordan Perez,MALE,2023-12-26,Berkeley
15878,Kevin,Flores,Kevin Flores,MALE,2023-03-11,Oak Bay
15879,Tyler,Wilson,Tyler Wilson,MALE,2023-04-06,Sooke
15880,Patrick,Bailey,Patrick Bailey,MALE,2023-03-16,Spokane
15881,Destiny,Williams,Destiny Williams,FEMALE,2023-03-08,Newton
15882,Maurice,Xie,Maurice Xie,MALE,2022-09-28,Beaverton
15883,Tristan,Coleman,Tristan Coleman,MALE,2023-04-04,Coronado
15884,Dakota,Bradley,Dakota Bradley,MALE,2023-05-07,Daly City
15885,Garrett,Sanchez,Garrett Sanchez,MALE,2022-10-30,Sedro Woolley
15886,Matthew,Brown,Matthew Brown,MALE,2022-11-24,Lemon Grove
15887,Deanna,Vazquez,Deanna Vazquez,FEMALE,2023-12-25,Bremerton
15888,Amanda,Richardson,Amanda Richardson,FEMALE,2022-11-27,Marysville
15889,Robert,Wright,Robert Wright,MALE,2023-07-19,Haney
15890,James,Russell,James Russell,MALE,2022-11-20,Downey
15891,Jordan,Lopez,Jordan Lopez,MALE,2023-12-26,La Jolla
15892,Pamela,Srini,Pamela Srini,FEMALE,2022-10-28,Ballard
15893,Yolanda,Xu,Yolanda Xu,FEMALE,2022-11-10,Bellingham
15894,Joanna,Gutierrez,Joanna Gutierrez,FEMALE,2023-04-05,Bellingham
15895,Sophia,Parker,Sophia Parker,FEMALE,2023-06-24,El Cajon
15896,Samuel,Jones,Samuel Jones,MALE,2023-09-04,Palo Alto
15897,Haley,Cooper,Haley Cooper,FEMALE,2022-11-04,Woodland Hills
15898,Isaiah,Gonzalez,Isaiah Gonzalez,MALE,2023-11-05,Yakima
15899,Ian,James,Ian James,MALE,2022-11-20,Santa Monica
15900,Wyatt,Roberts,Wyatt Roberts,MALE,2023-03-08,Haney
15901,Taylor,Bryant,Taylor Bryant,FEMALE,2022-11-02,Everett
15902,Robert,Diaz,Robert Diaz,MALE,2022-11-02,Port Orchard
15903,Abigail,Barnes,Abigail Barnes,FEMALE,2022-11-27,Berkeley
15904,Janice,Bennett,Janice Bennett,FEMALE,2022-11-15,Chula Vista
15905,Taylor,Taylor,Taylor Taylor,FEMALE,2023-07-12,Langley
15906,Kaitlyn,Lewis,Kaitlyn Lewis,FEMALE,2023-07-11,Sooke
15907,Steven,Bailey,Steven Bailey,MALE,2023-10-01,Yakima
15908,David,Wilson,David Wilson,MALE,2022-11-26,Imperial Beach
15909,Cassidy,Ross,Cassidy Ross,FEMALE,2022-11-21,Lakewood
15910,Caleb,Hughes,Caleb Hughes,MALE,2023-03-22,San Carlos
15911,Maria,Baker,Maria Baker,FEMALE,2023-10-07,Bremerton
15912,Mya,Simmons,Mya Simmons,FEMALE,2023-06-06,Santa Monica
15913,Antonio,Hughes,Antonio Hughes,MALE,2023-03-27,Newton
15914,Logan,Bryant,Logan Bryant,MALE,2022-11-16,Puyallup
15915,Alex,Cox,Alex Cox,MALE,2022-10-28,La Jolla
15916,Brandon,Walker,Brandon Walker,MALE,2023-08-04,Royal Oak
15917,Emily,White,Emily White,FEMALE,2023-08-18,Cliffside
15918,Roberto,Ruiz,Roberto Ruiz,MALE,2022-11-02,Burien
15919,Rebekah,Prasad,Rebekah Prasad,FEMALE,2023-08-03,Kirkby
15920,Colin,Wu,Colin Wu,MALE,2022-09-26,Chatou
15921,Donald,Patel,Donald Patel,MALE,2022-09-02,Chatou
15922,Roger,Kumar,Roger Kumar,MALE,2023-02-16,High Wycombe
15923,Ricardo,Raje,Ricardo Raje,MALE,2022-08-31,Lieusaint
15924,Omar,Wang,Omar Wang,MALE,2022-09-14,Orleans
15925,Stanley,Subram,Stanley Subram,MALE,2022-09-14,Versailles
15926,Donna,Deng,Donna Deng,FEMALE,2022-03-01,Berlin
15927,Gilbert,Huang,Gilbert Huang,MALE,2022-03-07,Berlin
15928,Priscilla,Pal,Priscilla Pal,FEMALE,2022-03-22,Neunkirchen
15929,Karla,Raji,Karla Raji,FEMALE,2022-01-10,Maidenhead
15930,Tiffany,He,Tiffany He,FEMALE,2023-09-06,Paris
15931,Micah,Xu,Micah Xu,MALE,2022-09-26,Verrieres Le Buisson
15932,Tabitha,Jimenez,Tabitha Jimenez,FEMALE,2022-03-06,Sulzbach Taunus
15933,Clinton,Dominguez,Clinton Dominguez,MALE,2022-01-23,Milton Keynes
15934,Nichole,Raji,Nichole Raji,FEMALE,2022-11-20,Bellingham
15935,Amber,King,Amber King,FEMALE,2023-04-18,Beaverton
15936,Abigail,Johnson,Abigail Johnson,FEMALE,2023-11-01,Woodburn
15937,Grace,Lewis,Grace Lewis,FEMALE,2022-10-29,Bellingham
15938,Sean,Collins,Sean Collins,MALE,2023-10-25,Redmond
15939,Jennifer,Brown,Jennifer Brown,FEMALE,2023-07-02,Tacoma
15940,Jack,Bryant,Jack Bryant,MALE,2023-02-27,Woodburn
15941,Bailey,Brooks,Bailey Brooks,FEMALE,2022-11-24,Fremont
15942,Lucas,Rodriguez,Lucas Rodriguez,MALE,2023-07-08,Sooke
15943,Richard,Watson,Richard Watson,MALE,2023-03-20,Victoria
15944,Damien,Lu,Damien Lu,MALE,2022-11-05,Bremerton
15945,Alexandria,Kelly,Alexandria Kelly,FEMALE,2023-07-31,Puyallup
15946,Wyatt,Wilson,Wyatt Wilson,MALE,2023-04-22,Bellflower
15947,Michelle,Blue,Michelle Blue,FEMALE,2023-08-30,Chula Vista
15948,Angela,Hughes,Angela Hughes,FEMALE,2022-10-30,Lemon Grove
15949,Katherine,Green,Katherine Green,FEMALE,2022-12-23,Mill Valley
15950,Erin,Peterson,Erin Peterson,FEMALE,2023-10-09,Lebanon
15951,Jenna,Baker,Jenna Baker,FEMALE,2023-04-21,Seattle
15952,Evan,Cooper,Evan Cooper,MALE,2022-12-16,Sedro Woolley
15953,Julio,Moreno,Julio Moreno,MALE,2022-12-05,Bellflower
15954,Marshall,Deng,Marshall Deng,MALE,2022-12-16,Bellflower
15955,Neil,Ortega,Neil Ortega,MALE,2023-06-09,Burlingame
15956,Ryan,Li,Ryan Li,MALE,2023-11-27,Oakland
15957,Samuel,Ross,Samuel Ross,MALE,2023-07-22,Redwood City
15958,Nicole,Ross,Nicole Ross,FEMALE,2023-05-23,Burien
15959,Logan,Rodriguez,Logan Rodriguez,MALE,2022-12-27,Redmond
15960,Brianna,Bryant,Brianna Bryant,FEMALE,2023-12-25,Daly City
15961,Ashley,Walker,Ashley Walker,FEMALE,2022-12-04,Santa Cruz
15962,Benjamin,Winter,Benjamin Winter,MALE,2023-11-23,Portland
15963,Madison,Smith,Madison Smith,FEMALE,2023-04-03,Puyallup
15964,Steven,Cox,Steven Cox,MALE,2022-12-07,La Jolla
15965,Jennifer,Watson,Jennifer Watson,FEMALE,2022-12-16,San Gabriel
15966,Natalie,Foster,Natalie Foster,FEMALE,2023-08-30,Salem
15967,Dakota,Diaz,Dakota Diaz,MALE,2023-05-15,Burien
15968,Edward,Gonzalez,Edward Gonzalez,MALE,2022-12-16,Woodland Hills
15969,Sean,Murphy,Sean Murphy,MALE,2022-11-30,Milwaukie
15970,Samuel,Thompson,Samuel Thompson,MALE,2023-05-28,Beverly Hills
15971,Ryan,Jenkins,Ryan Jenkins,MALE,2023-06-19,Kirkland
15972,Caitlin,Bailey,Caitlin Bailey,FEMALE,2022-11-30,Burbank
15973,Christopher,Garcia,Christopher Garcia,MALE,2023-12-03,Sedro Woolley
15974,Marcus,Green,Marcus Green,MALE,2023-02-21,Langley
15975,Gabrielle,Collins,Gabrielle Collins,FEMALE,2023-09-18,Bellingham
15976,Kristopher,Patel,Kristopher Patel,MALE,2022-12-09,Bremerton
15977,Julia,Harris,Julia Harris,FEMALE,2023-10-28,Burien
15978,Xavier,Walker,Xavier Walker,MALE,2023-11-23,Edmonds
15979,Nicole,Cook,Nicole Cook,FEMALE,2023-06-26,Lynnwood
15980,Gabrielle,Morgan,Gabrielle Morgan,FEMALE,2022-12-13,Port Orchard
15981,Gabriel,Powell,Gabriel Powell,MALE,2023-05-04,W. Linn
15982,Jose,Evans,Jose Evans,MALE,2023-10-01,Beverly Hills
15983,Alexis,Ross,Alexis Ross,FEMALE,2022-12-10,San Carlos
15984,Nathan,Wright,Nathan Wright,MALE,2022-12-12,Santa Monica
15985,Devin,Johnson,Devin Johnson,MALE,2022-12-25,Spring Valley
15986,Dalton,Sanchez,Dalton Sanchez,MALE,2022-12-05,Chula Vista
15987,Nicole,Kelly,Nicole Kelly,FEMALE,2022-12-21,Tacoma
15988,Edward,Moore,Edward Moore,MALE,2023-10-26,Portland
15989,Savannah,Campbell,Savannah Campbell,FEMALE,2022-12-01,Burlingame
15990,Eduardo,Richardson,Eduardo Richardson,MALE,2022-12-20,La Jolla
15991,David,Taylor,David Taylor,MALE,2022-12-07,Renton
15992,Isabelle,Alexander,Isabelle Alexander,FEMALE,2022-12-26,San Carlos
15993,Spencer,Coleman,Spencer Coleman,MALE,2023-05-23,Newton
15994,Olivia,Blue,Olivia Blue,FEMALE,2022-12-15,Burien
15995,Kaitlyn,Johnson,Kaitlyn Johnson,FEMALE,2023-08-14,Downey
15996,Emily,Barnes,Emily Barnes,FEMALE,2023-05-15,Port Hammond
15997,Melissa,Jenkins,Melissa Jenkins,FEMALE,2023-08-09,Oak Bay
15998,Marissa,Flores,Marissa Flores,FEMALE,2023-09-08,Chula Vista
15999,Maria,Hill,Maria Hill,FEMALE,2023-09-06,Port Orchard
16000,Gabrielle,Ramirez,Gabrielle Ramirez,FEMALE,2023-08-09,Westminster
16001,Ricardo,Pal,Ricardo Pal,MALE,2023-03-08,Burbank
16002,Paige,Hayes,Paige Hayes,FEMALE,2023-03-03,W. Linn
16003,Carol,Robinson,Carol Robinson,FEMALE,2023-04-03,Oakland
16004,Joe,Martinez,Joe Martinez,MALE,2023-09-11,Bremerton
16005,Jordan,Hill,Jordan Hill,MALE,2023-02-09,Haney
16006,Angelica,Henderson,Angelica Henderson,FEMALE,2023-05-27,Spring Valley
16007,Janelle,Gonzalez,Janelle Gonzalez,FEMALE,2023-08-29,Bremerton
16008,Morgan,Allen,Morgan Allen,FEMALE,2024-01-11,Kirkland
16009,Matthew,Martinez,Matthew Martinez,MALE,2023-08-01,Vancouver
16010,Nicole,Wood,Nicole Wood,FEMALE,2023-07-29,Grossmont
16011,Maria,Murphy,Maria Murphy,FEMALE,2023-08-28,Royal Oak
16012,Grace,Cooper,Grace Cooper,FEMALE,2023-04-27,Shawnee
16013,Xavier,Williams,Xavier Williams,MALE,2023-02-17,Beaverton
16014,Christopher,Wilson,Christopher Wilson,MALE,2023-08-02,Burbank
16015,Jessica,Cooper,Jessica Cooper,FEMALE,2023-01-21,Lemon Grove
16016,Bradley,She,Bradley She,MALE,2023-07-03,Seaford
16017,Jeremy,Ramirez,Jeremy Ramirez,MALE,2023-07-31,Novato
16018,Emma,Henderson,Emma Henderson,FEMALE,2023-02-04,San Carlos
16019,Amber,Hernandez,Amber Hernandez,FEMALE,2023-08-10,Torrance
16020,Thomas,Diaz,Thomas Diaz,MALE,2023-05-06,Langford
16021,Shelby,Sanchez,Shelby Sanchez,FEMALE,2023-06-27,N. Vancouver
16022,Devin,Hernandez,Devin Hernandez,MALE,2023-08-06,Ballard
16023,Willie,Zhang,Willie Zhang,MALE,2023-04-12,Bendigo
16024,Isaac,Hill,Isaac Hill,MALE,2024-01-09,Marysville
16025,Jorge,Sun,Jorge Sun,MALE,2022-12-03,Lavender Bay
16026,Byron,Jiménez,Byron Jiménez,MALE,2022-12-05,St. Leonards
16027,Anne,Vazquez,Anne Vazquez,FEMALE,2022-12-07,Caloundra
16028,Cody,Cooper,Cody Cooper,MALE,2022-12-09,Sydney
16029,Abby,Patel,Abby Patel,FEMALE,2022-12-20,Springwood
16030,Max,Martin,Max Martin,MALE,2023-10-29,Hervey Bay
16031,Ian,Allen,Ian Allen,MALE,2022-12-03,Townsville
16032,Colin,Chavez,Colin Chavez,MALE,2023-02-23,Coffs Harbour
16033,Erica,Lin,Erica Lin,FEMALE,2022-01-08,London
16034,Pamela,Suri,Pamela Suri,FEMALE,2023-11-25,Frankfurt am Main
16035,Sebastian,Morgan,Sebastian Morgan,MALE,2024-01-14,Esher-Molesey
16036,Maria,Long,Maria Long,FEMALE,2023-04-18,York
16037,Melissa,Kelly,Melissa Kelly,FEMALE,2023-06-13,Werne
16038,Roy,Sai,Roy Sai,MALE,2023-08-22,Leeds
16039,Steve,Yang,Steve Yang,MALE,2023-02-18,Bonn
16040,Casey,Gill,Casey Gill,MALE,2023-03-03,Paris
16041,Pedro,Raman,Pedro Raman,MALE,2023-01-29,Saint Germain en Laye
16042,Ian,Hall,Ian Hall,MALE,2023-06-29,Versailles
16043,Mathew,Romero,Mathew Romero,MALE,2023-05-13,Bracknell
16044,Connie,Rai,Connie Rai,FEMALE,2023-03-17,Berlin
16045,Evelyn,Sara,Evelyn Sara,FEMALE,2022-01-20,Milton Keynes
16046,Robyn,Gomez,Robyn Gomez,FEMALE,2022-01-03,Wokingham
16047,Taylor,Johnson,Taylor Johnson,FEMALE,2023-11-28,Saarlouis
16048,Kelli,Yang,Kelli Yang,FEMALE,2023-04-16,Hamburg
16049,Ashlee,Nara,Ashlee Nara,FEMALE,2023-07-05,Grevenbroich
16050,Reginald,Moreno,Reginald Moreno,MALE,2023-03-07,Warrington
16051,Leonard,Xu,Leonard Xu,MALE,2022-09-12,Lille
16052,Danny,Gutierrez,Danny Gutierrez,MALE,2022-09-04,Paris
16053,Frederick,Perez,Frederick Perez,MALE,2022-01-26,Runcorn
16054,Hector,Ortega,Hector Ortega,MALE,2022-01-07,Wokingham
16055,Ryan,Lee,Ryan Lee,MALE,2023-04-13,Neunkirchen
16056,Alison,Shan,Alison Shan,FEMALE,2023-09-25,Morangis
16057,Michele,Gomez,Michele Gomez,FEMALE,2023-02-12,München
16058,Margaret,Zhang,Margaret Zhang,FEMALE,2023-05-01,London
16059,Jésus,Carlson,Jésus Carlson,MALE,2023-03-18,Grevenbroich
16060,Antonio,Griffin,Antonio Griffin,MALE,2024-01-23,West Covina
16061,Miguel,Butler,Miguel Butler,MALE,2023-08-12,Concord
16062,Katherine,Johnson,Katherine Johnson,FEMALE,2023-12-17,Tacoma
16063,Francisco,Kapoor,Francisco Kapoor,MALE,2023-07-19,Berkeley
16064,Isabella,Griffin,Isabella Griffin,FEMALE,2023-08-28,Santa Cruz
16065,Makayla,Torres,Makayla Torres,FEMALE,2023-09-10,National City
16066,Alex,Ramirez,Alex Ramirez,MALE,2023-09-12,Long Beach
16067,Maria,Butler,Maria Butler,FEMALE,2023-09-01,Spokane
16068,Jerry,Shen,Jerry Shen,MALE,2023-09-18,Ballard
16069,Brianna,Hall,Brianna Hall,FEMALE,2023-09-12,Mill Valley
16070,Sierra,Phillips,Sierra Phillips,FEMALE,2024-01-05,National City
16071,Taylor,Rodriguez,Taylor Rodriguez,FEMALE,2023-09-10,Haney
16072,Caleb,Evans,Caleb Evans,MALE,2023-10-12,Beaverton
16073,Miranda,Bryant,Miranda Bryant,FEMALE,2023-12-12,Kirkland
16074,Caleb,Roberts,Caleb Roberts,MALE,2023-05-16,Puyallup
16075,Alexis,Johnson,Alexis Johnson,FEMALE,2023-10-26,Walla Walla
16076,Catherine,Rogers,Catherine Rogers,FEMALE,2024-01-15,Yakima
16077,Stephanie,Rogers,Stephanie Rogers,FEMALE,2023-09-19,Burbank
16078,Nicole,James,Nicole James,FEMALE,2023-09-11,Grossmont
16079,Natalie,Carter,Natalie Carter,FEMALE,2023-09-09,Santa Cruz
16080,Oscar,Patterson,Oscar Patterson,MALE,2023-09-08,Long Beach
16081,Arturo,Cai,Arturo Cai,MALE,2023-10-26,Bellflower
16082,Autumn,Zeng,Autumn Zeng,FEMALE,2023-06-27,Bellingham
16083,Mindy,Raje,Mindy Raje,FEMALE,2023-06-18,Burnaby
16084,Allison,Wright,Allison Wright,FEMALE,2023-12-15,Lake Oswego
16085,Trevor,Gonzales,Trevor Gonzales,MALE,2023-02-07,Haney
16086,Charles,Watson,Charles Watson,MALE,2023-10-28,Bellflower
16087,Micah,Chen,Micah Chen,MALE,2023-10-14,Berkeley
16088,Bryce,Sanders,Bryce Sanders,MALE,2023-05-21,Beaverton
16089,Lucas,Brooks,Lucas Brooks,MALE,2023-05-20,Royal Oak
16090,Emma,White,Emma White,FEMALE,2023-10-15,Port Hammond
16091,Alyssa,Lewis,Alyssa Lewis,FEMALE,2023-06-26,Downey
16092,Jessica,Bryant,Jessica Bryant,FEMALE,2023-09-24,Everett
16093,Kaitlyn,Morris,Kaitlyn Morris,FEMALE,2023-09-28,Novato
16094,Kayla,Brown,Kayla Brown,FEMALE,2023-09-14,Santa Cruz
16095,Marcus,Garcia,Marcus Garcia,MALE,2023-10-07,El Cajon
16096,Kenneth,She,Kenneth She,MALE,2023-03-01,Burnaby
16097,Jessica,Stewart,Jessica Stewart,FEMALE,2023-01-30,Cliffside
16098,Jasmine,Diaz,Jasmine Diaz,FEMALE,2023-01-23,Victoria
16099,Julian,Jenkins,Julian Jenkins,MALE,2023-11-29,Seattle
16100,Jose,Johnson,Jose Johnson,MALE,2023-10-06,Colma
16101,Mary,Lopez,Mary Lopez,FEMALE,2023-10-14,Fremont
16102,Marcus,Alexander,Marcus Alexander,MALE,2023-09-20,Colma
16103,Haley,Hill,Haley Hill,FEMALE,2023-02-27,Royal Oak
16104,Jordan,Hernandez,Jordan Hernandez,FEMALE,2023-10-28,Marysville
16105,Kristy,Diaz,Kristy Diaz,FEMALE,2023-09-29,Beaverton
16106,Ian,Barnes,Ian Barnes,MALE,2023-06-04,Royal Oak
16107,Jordan,Edwards,Jordan Edwards,FEMALE,2023-05-14,Walla Walla
16108,Bryce,Howard,Bryce Howard,MALE,2023-10-19,Edmonds
16109,Adam,Turner,Adam Turner,MALE,2023-10-25,N. Vancouver
16110,Brandon,Long,Brandon Long,MALE,2023-10-24,Victoria
16111,Allison,Green,Allison Green,FEMALE,2023-10-05,Lake Oswego
16112,Frank,Munoz,Frank Munoz,MALE,2023-10-01,Berkeley
16113,Roger,Lal,Roger Lal,MALE,2023-10-12,Burlingame
16114,Gavin,Ross,Gavin Ross,MALE,2023-10-17,Glendale
16115,Jennifer,Diaz,Jennifer Diaz,FEMALE,2023-03-28,Mill Valley
16116,Begoña,Hurtado,Begoña Hurtado,MALE,2023-10-25,National City
16117,Brad,Lal,Brad Lal,MALE,2023-11-21,Bellingham
16118,James,Wright,James Wright,MALE,2023-10-21,Oakland
16119,Hailey,Watson,Hailey Watson,FEMALE,2023-02-08,Corvallis
16120,Bryce,Ramirez,Bryce Ramirez,MALE,2023-10-30,Daly City
16121,Kaitlyn,Ross,Kaitlyn Ross,FEMALE,2023-11-23,Metchosin
16122,Jason,Phillips,Jason Phillips,MALE,2023-10-06,Beverly Hills
16123,Natalie,Patterson,Natalie Patterson,FEMALE,2023-11-05,Haney
16124,Eduardo,Murphy,Eduardo Murphy,MALE,2023-11-18,Oak Bay
16125,Victoria,Watson,Victoria Watson,FEMALE,2023-12-03,Port Hammond
16126,Faith,Kelly,Faith Kelly,FEMALE,2023-09-29,Novato
16127,Amanda,Edwards,Amanda Edwards,FEMALE,2023-10-14,Burlingame
16128,Destiny,Ward,Destiny Ward,FEMALE,2023-12-13,Langford
16129,Jordyn,Russell,Jordyn Russell,FEMALE,2023-11-12,Portland
16130,Mike,Seamans,Mike Seamans,FEMALE,2023-09-11,Beverly Hills
16131,Albert,Romero,Albert Romero,MALE,2023-11-05,Burbank
16132,Sierra,Nelson,Sierra Nelson,FEMALE,2023-01-18,Royal Oak
16133,Dylan,Simmons,Dylan Simmons,MALE,2023-02-07,Langford
16134,Roy,Hernandez,Roy Hernandez,MALE,2023-04-26,Beaverton
16135,Chelsea,Raman,Chelsea Raman,FEMALE,2023-11-04,Beaverton
16136,George,Srini,George Srini,MALE,2023-11-27,Bremerton
16137,Timothy,King,Timothy King,MALE,2023-11-09,Olympia
16138,David,Butler,David Butler,MALE,2023-11-05,Downey
16139,Jacqueline,Alexander,Jacqueline Alexander,FEMALE,2023-11-09,West Covina
16140,Seth,Harris,Seth Harris,MALE,2023-03-25,Oak Bay
16141,Shelby,Ramirez,Shelby Ramirez,FEMALE,2023-10-30,Santa Monica
16142,Sophia,King,Sophia King,FEMALE,2023-11-06,Tacoma
16143,Sara,Evans,Sara Evans,FEMALE,2023-04-15,Imperial Beach
16144,Patrick,Kelly,Patrick Kelly,MALE,2023-10-15,Kirkland
16145,Sydney,Anderson,Sydney Anderson,FEMALE,2023-10-04,Puyallup
16146,Jacquelyn,Saunders,Jacquelyn Saunders,FEMALE,2023-10-17,Bellingham
16147,Nathan,Griffin,Nathan Griffin,MALE,2023-10-26,Lemon Grove
16148,Karen,Walker,Karen Walker,FEMALE,2023-09-29,Long Beach
16149,Dalton,Perry,Dalton Perry,MALE,2023-05-30,Langley
16150,Nicole,Thompson,Nicole Thompson,FEMALE,2023-11-11,La Jolla
16151,Chloe,Sanchez,Chloe Sanchez,FEMALE,2023-11-01,Yakima
16152,Katherine,Evans,Katherine Evans,FEMALE,2023-10-20,San Gabriel
16153,Eric,Jai,Eric Jai,MALE,2023-08-12,Lynnwood
16154,Jennifer,Scott,Jennifer Scott,FEMALE,2023-07-11,San Francisco
16155,Joan,Jenkins,Joan Jenkins,FEMALE,2022-12-05,Cranbourne
16156,Javier,Hernandez,Javier Hernandez,MALE,2022-12-27,Silverwater
16157,Cindy,Raman,Cindy Raman,FEMALE,2022-12-17,Sydney
16158,Kathleen,Gomez,Kathleen Gomez,FEMALE,2022-12-06,Perth
16159,Mindy,Goldberg,Mindy Goldberg,FEMALE,2022-12-21,Cloverdale
16160,Erika,Hernandez,Erika Hernandez,FEMALE,2022-12-09,Malabar
16161,Jodi,Deng,Jodi Deng,FEMALE,2022-12-15,Hobart
16162,Mackenzie,Morgan,Mackenzie Morgan,FEMALE,2023-07-20,Port Macquarie
16163,Willie,Chande,Willie Chande,MALE,2022-12-06,Geelong
16164,Amy,Liang,Amy Liang,FEMALE,2022-12-18,Melton
16165,Jenny,Liu,Jenny Liu,FEMALE,2023-07-09,Matraville
16166,April,Goel,April Goel,FEMALE,2023-02-12,Lane Cove
16167,Devin,Moore,Devin Moore,MALE,2023-08-16,Sunbury
16168,Kathryn,Ashe,Kathryn Ashe,FEMALE,2023-02-21,Coffs Harbour
16169,Dennis,Lin,Dennis Lin,MALE,2022-12-14,Wollongong
16170,Juan,Rubio,Juan Rubio,MALE,2023-08-18,Hervey Bay
16171,Bruce,Ruiz,Bruce Ruiz,MALE,2023-04-06,Seaford
16172,Janelle,Perez,Janelle Perez,FEMALE,2023-08-02,Caloundra
16173,Cory,Rana,Cory Rana,MALE,2023-02-24,Silverwater
16174,Melinda,Hernandez,Melinda Hernandez,FEMALE,2023-04-03,Lane Cove
16175,Tony,Shan,Tony Shan,MALE,2023-08-11,Silverwater
16176,Michele,Torres,Michele Torres,FEMALE,2022-11-28,Geelong
16177,Bethany,Nath,Bethany Nath,FEMALE,2023-06-03,Hobart
16178,Alfredo,Carlson,Alfredo Carlson,MALE,2023-04-19,Sydney
16179,Jamie,Zhao,Jamie Zhao,FEMALE,2023-09-15,Townsville
16180,Kyle,Perez,Kyle Perez,MALE,2022-12-26,Coffs Harbour
16181,Daisy,Rubio,Daisy Rubio,FEMALE,2023-10-06,Perth
16182,Louis,Sun,Louis Sun,MALE,2023-05-22,Findon
16183,Tanya,Carlson,Tanya Carlson,FEMALE,2023-05-09,St. Leonards
16184,Christine,She,Christine She,FEMALE,2023-09-28,Brisbane
16185,Grant,Raji,Grant Raji,MALE,2023-04-27,Springwood
16186,Bethany,Raji,Bethany Raji,FEMALE,2023-06-29,Pantin
16187,Louis,Hu,Louis Hu,MALE,2023-08-08,London
16188,Teresa,Torres,Teresa Torres,FEMALE,2023-11-28,London
16189,Amanda,Hughes,Amanda Hughes,FEMALE,2023-06-16,Peterborough
16190,Lance,Alvarez,Lance Alvarez,MALE,2023-03-18,London
16191,Margaret,Zeng,Margaret Zeng,FEMALE,2023-10-21,Reading
16192,Marie,Lopez,Marie Lopez,FEMALE,2023-01-28,Berkshire
16193,Victor,Rubio,Victor Rubio,MALE,2023-02-19,Esher-Molesey
16194,Katie,Deng,Katie Deng,FEMALE,2023-03-24,Courbevoie
16195,Abby,Perez,Abby Perez,FEMALE,2023-05-22,Pantin
16196,Kurt,Raheem,Kurt Raheem,MALE,2022-03-07,Frankfurt am Main
16197,Heidi,Prasad,Heidi Prasad,FEMALE,2022-03-18,Berlin
16198,Arthur,Navarro,Arthur Navarro,MALE,2023-05-06,Cheltenham
16199,Terrence,Xie,Terrence Xie,MALE,2022-03-20,Dresden
16200,Julia,Edwards,Julia Edwards,FEMALE,2023-03-23,Warrington
16201,Ross,Martin,Ross Martin,MALE,2022-01-18,London
16202,Kenneth,Jai,Kenneth Jai,MALE,2023-10-09,Paris
16203,Warren,Raje,Warren Raje,MALE,2022-09-01,Orly
16204,Terrence,Anand,Terrence Anand,MALE,2022-09-15,Les Ulis
16205,Melanie,Sanders,Melanie Sanders,FEMALE,2022-09-12,Paris
16206,Cindy,Lewis,Cindy Lewis,FEMALE,2022-04-15,Darmstadt
16207,Jordan,Shan,Jordan Shan,MALE,2022-04-09,Erlangen
16208,Ruth,Chandra,Ruth Chandra,FEMALE,2023-03-04,Saarbrücken
16209,Carolyn,Alvarez,Carolyn Alvarez,FEMALE,2023-02-03,Colombes
16210,Olivia,Cooper,Olivia Cooper,FEMALE,2023-12-16,Burlingame
16211,Jesse,Roberts,Jesse Roberts,MALE,2023-12-02,Bremerton
16212,Jacqueline,Rivera,Jacqueline Rivera,FEMALE,2023-12-16,Chula Vista
16213,Kaylee,Turner,Kaylee Turner,FEMALE,2023-07-05,Shawnee
16214,Brett,Fernandez,Brett Fernandez,MALE,2023-03-31,Bellingham
16215,Thomas,Turner,Thomas Turner,MALE,2023-12-22,Lynnwood
16216,Charles,Mitchell,Charles Mitchell,MALE,2023-12-05,Port Orchard
16217,Amanda,Gonzales,Amanda Gonzales,FEMALE,2023-08-29,Woodburn
16218,Julia,Simmons,Julia Simmons,FEMALE,2023-01-12,Redmond
16219,Angel,Sanders,Angel Sanders,MALE,2023-06-09,Langley
16220,Megan,Russell,Megan Russell,FEMALE,2023-07-24,Vancouver
16221,Darren,Saunders,Darren Saunders,MALE,2023-02-15,Burien
16222,Brandon,Anderson,Brandon Anderson,MALE,2023-02-14,Berkeley
16223,Carlos,Collins,Carlos Collins,MALE,2023-02-14,Los Angeles
16224,Jacob,Martinez,Jacob Martinez,MALE,2023-02-26,Oakland
16225,Wyatt,Nelson,Wyatt Nelson,MALE,2023-03-03,Lincoln Acres
16226,Maria,Blue,Maria Blue,FEMALE,2023-03-03,Sedro Woolley
16227,Eric,Lopez,Eric Lopez,MALE,2023-01-30,Daly City
16228,Rafael,Zhu,Rafael Zhu,MALE,2023-12-11,Burlingame
16229,Wayne,Chande,Wayne Chande,MALE,2023-12-07,Ballard
16230,Craig,Blanco,Craig Blanco,MALE,2023-12-18,Bellflower
16231,Dana,Martin,Dana Martin,FEMALE,2023-01-11,Bellingham
16232,Chase,Richardson,Chase Richardson,MALE,2023-02-17,Kirkland
16233,Rebecca,King,Rebecca King,FEMALE,2024-01-14,Lemon Grove
16234,Wyatt,Martin,Wyatt Martin,MALE,2023-06-02,San Francisco
16235,Sebastian,Morris,Sebastian Morris,MALE,2023-02-18,Lincoln Acres
16236,Nicholas,Martinez,Nicholas Martinez,MALE,2023-09-25,Lebanon
16237,Erin,James,Erin James,FEMALE,2023-03-02,Sedro Woolley
16238,Ann,Arun,Ann Arun,FEMALE,2023-04-09,Beverly Hills
16239,Gabriel,Nelson,Gabriel Nelson,MALE,2024-01-05,Mill Valley
16240,Madeline,Green,Madeline Green,FEMALE,2024-01-02,Burbank
16241,Isabel,Butler,Isabel Butler,FEMALE,2023-04-26,Vancouver
16242,Megan,Garcia,Megan Garcia,FEMALE,2023-06-23,Colma
16243,Maria,James,Maria James,FEMALE,2023-02-27,Newton
16244,Gregory,Kumar,Gregory Kumar,MALE,2023-10-14,Bellflower
16245,Alexandra,Griffin,Alexandra Griffin,FEMALE,2024-01-23,Santa Monica
16246,Lucas,Simmons,Lucas Simmons,MALE,2023-06-07,Sedro Woolley
16247,Anna,Brown,Anna Brown,FEMALE,2023-07-12,Sooke
16248,Alyssa,Ross,Alyssa Ross,FEMALE,2023-05-02,Issaquah
16249,Jesse,Rivera,Jesse Rivera,MALE,2023-04-29,El Cajon
16250,Brendan,Raje,Brendan Raje,MALE,2022-02-17,Kirkby
16251,Makayla,Howard,Makayla Howard,FEMALE,2023-05-01,Newcastle upon Tyne
16252,Danny,Jiménez,Danny Jiménez,MALE,2022-04-11,Saarlouis
16253,Bethany,Lal,Bethany Lal,FEMALE,2022-04-01,Hamburg
16254,Maria,Morris,Maria Morris,FEMALE,2023-02-21,Chatou
16255,Taylor,Russell,Taylor Russell,FEMALE,2023-04-17,Tremblay-en-France
16256,Richard,Collins,Richard Collins,MALE,2023-06-10,Leeds
16257,Michele,Chandra,Michele Chandra,FEMALE,2024-01-15,Courbevoie
16258,Deanna,Malhotra,Deanna Malhotra,FEMALE,2023-12-19,Orleans
16259,Ebony,Sai,Ebony Sai,FEMALE,2022-09-10,Villeneuve-d'Ascq
16260,Gina,Schmidt,Gina Schmidt,FEMALE,2022-02-02,Oxford
16261,Diana,Navarro,Diana Navarro,FEMALE,2022-09-25,Dunkerque
16262,Kathryn,Xie,Kathryn Xie,FEMALE,2022-08-30,Paris
16263,Eduardo,Robinson,Eduardo Robinson,MALE,2022-04-20,Ingolstadt
16264,Jennifer,Howard,Jennifer Howard,FEMALE,2023-11-18,Warrington
16265,Julie,Goel,Julie Goel,FEMALE,2023-10-02,Bobigny
16266,Alisha,Yang,Alisha Yang,FEMALE,2023-07-05,Morangis
16267,Edwin,Chen,Edwin Chen,MALE,2022-04-12,Grevenbroich
16268,Lindsey,Kumar,Lindsey Kumar,FEMALE,2022-10-20,Roissy en Brie
16269,Tara,Nath,Tara Nath,FEMALE,2022-04-06,Berlin
16270,Jerome,Hernandez,Jerome Hernandez,MALE,2022-04-26,Berlin
16271,Michele,Gutierrez,Michele Gutierrez,FEMALE,2022-04-29,Berlin
16272,Raul,Deng,Raul Deng,MALE,2022-02-24,Milton Keynes
16273,Marie,Martinez,Marie Martinez,FEMALE,2022-10-26,Bobigny
16274,Ross,Diaz,Ross Diaz,MALE,2024-01-02,Eilenburg
16275,Deborah,McDonald,Deborah McDonald,FEMALE,2022-02-04,Warrington
16276,Brandi,Carlson,Brandi Carlson,FEMALE,2023-12-12,Bonn
16277,Christy,Luo,Christy Luo,FEMALE,2022-02-28,West Sussex
16278,Angel,Turner,Angel Turner,MALE,2022-04-15,Hof
16279,Victoria,Patterson,Victoria Patterson,FEMALE,2023-09-27,Erlangen
16280,Glenn,Ma,Glenn Ma,MALE,2023-11-04,Münster
16281,Gilbert,Luo,Gilbert Luo,MALE,2023-06-27,Paris
16282,Kristine,Suarez,Kristine Suarez,FEMALE,2023-05-13,London
16283,Clayton,Raji,Clayton Raji,MALE,2023-10-03,Paris
16284,Troy,Perez,Troy Perez,MALE,2023-06-12,Hof
16285,Mindy,Xie,Mindy Xie,FEMALE,2024-01-16,Lieusaint
16286,Billy,Torres,Billy Torres,MALE,2022-09-28,Paris
16287,Laura,Xu,Laura Xu,FEMALE,2022-02-15,London
16288,Edwin,Shen,Edwin Shen,MALE,2022-10-26,Suresnes
16289,Julie,Pal,Julie Pal,FEMALE,2022-10-12,Saint Ouen
16290,Russell,Nath,Russell Nath,MALE,2022-04-20,Frankfurt am Main
16291,Lindsey,Lal,Lindsey Lal,FEMALE,2022-10-06,Paris
16292,Carly,Lal,Carly Lal,FEMALE,2023-03-25,Mühlheim
16293,Sean,Adams,Sean Adams,MALE,2023-07-01,Gateshead
16294,Steve,Hu,Steve Hu,MALE,2023-07-05,London
16295,Roger,Xu,Roger Xu,MALE,2023-03-17,Metz
16296,Sydney,White,Sydney White,FEMALE,2023-12-02,Villeneuve-d'Ascq
16297,Deanna,Garcia,Deanna Garcia,FEMALE,2022-05-16,Frankfurt
16298,Adrienne,Sanz,Adrienne Sanz,FEMALE,2022-05-10,Hamburg
16299,Alison,Tang,Alison Tang,FEMALE,2023-04-24,Solingen
16300,Orlando,Martin,Orlando Martin,MALE,2023-07-01,Stoke-on-Trent
16301,Omar,Cai,Omar Cai,MALE,2023-03-16,Boulogne-sur-Mer
16302,Rosa,Zeng,Rosa Zeng,FEMALE,2023-04-23,Croix
16303,Tracy,Yuan,Tracy Yuan,FEMALE,2024-01-26,Darmstadt
16304,Justin,Moore,Justin Moore,MALE,2023-04-30,Darmstadt
16305,Stanley,Gonzalez,Stanley Gonzalez,MALE,2022-05-29,Ingolstadt
16306,Kristine,Romero,Kristine Romero,FEMALE,2023-03-29,W. York
16307,Kelli,Sun,Kelli Sun,FEMALE,2022-05-04,Salzgitter
16308,Sheena,Chander,Sheena Chander,FEMALE,2022-02-06,Liverpool
16309,Desiree,Ortega,Desiree Ortega,FEMALE,2022-05-05,Dresden
16310,Diana,Rubio,Diana Rubio,FEMALE,2022-10-19,Dunkerque
16311,Carl,Beck,Carl Beck,MALE,2022-01-31,London
16312,Bethany,Beck,Bethany Beck,FEMALE,2023-11-22,Paris La Defense
16313,Hailey,Russell,Hailey Russell,FEMALE,2022-05-13,Paderborn
16314,Gabriel,Ross,Gabriel Ross,MALE,2023-03-10,Stoke-on-Trent
16315,Garrett,Richardson,Garrett Richardson,MALE,2023-10-22,Paris
16316,Kelli,Hu,Kelli Hu,FEMALE,2022-05-15,Berlin
16317,Joel,Raman,Joel Raman,MALE,2022-02-17,Oxford
16318,Kellie,Moreno,Kellie Moreno,FEMALE,2022-02-23,Warrington
16319,Joy,Ortega,Joy Ortega,FEMALE,2023-03-24,Bobigny
16320,Rachel,Simmons,Rachel Simmons,FEMALE,2023-03-01,Dunkerque
16321,Ruth,Malhotra,Ruth Malhotra,FEMALE,2023-07-27,Billericay
16322,Gloria,Dominguez,Gloria Dominguez,FEMALE,2023-08-16,Paris La Defense
16323,Dustin,Raje,Dustin Raje,MALE,2023-08-19,Versailles
16324,Juan,Romero,Juan Romero,MALE,2022-02-27,Billericay
16325,Emma,Williams,Emma Williams,FEMALE,2023-10-10,Runcorn
16326,Jésus,Romero,Jésus Romero,MALE,2023-04-09,Bonn
16327,Darren,Diaz,Darren Diaz,MALE,2022-05-12,Salzgitter
16328,Maurice,Rai,Maurice Rai,MALE,2022-02-12,West Sussex
16329,Jamie,Ye,Jamie Ye,FEMALE,2022-01-30,London
16330,Luke,Simmons,Luke Simmons,MALE,2023-05-20,Chatou
16331,Erin,Richardson,Erin Richardson,FEMALE,2023-03-09,Newton
16332,Joan,Vazquez,Joan Vazquez,FEMALE,2023-09-23,Matraville
16333,Caleb,Hill,Caleb Hill,MALE,2023-06-04,Everett
16334,Natalie,Bailey,Natalie Bailey,FEMALE,2023-01-30,Oregon City
16335,Kristen,Lu,Kristen Lu,FEMALE,2023-09-23,Bellflower
16336,Jonathan,Wright,Jonathan Wright,MALE,2023-10-01,Downey
16337,Jose,White,Jose White,MALE,2023-11-26,El Cajon
16338,Barbara,Zhang,Barbara Zhang,FEMALE,2023-01-28,Gold Coast
16339,Seth,Davis,Seth Davis,MALE,2022-12-23,Townsville
16340,Sean,Mitchell,Sean Mitchell,MALE,2023-03-28,Imperial Beach
16341,Lacey,Raji,Lacey Raji,FEMALE,2023-09-17,Hervey Bay
16342,Gregory,Jai,Gregory Jai,MALE,2023-11-26,Cranbourne
16343,Joel,Malhotra,Joel Malhotra,MALE,2023-06-07,St. Leonards
16344,Xavier,King,Xavier King,MALE,2023-10-21,Santa Cruz
16345,Francis,Ramos,Francis Ramos,MALE,2021-01-20,Wollongong
16346,Marc,Navarro,Marc Navarro,MALE,2023-04-16,Milsons Point
16347,Raul,Sharma,Raul Sharma,MALE,2021-01-26,Rhodes
16348,Roy,Raman,Roy Raman,MALE,2021-01-16,Goulburn
16349,Levi,Sai,Levi Sai,MALE,2021-01-25,Bendigo
16350,Fernando,Thompson,Fernando Thompson,MALE,2021-01-23,Sydney
16351,Martha,Xu,Martha Xu,FEMALE,2020-12-31,Rockhampton
16352,Tiffany,Gao,Tiffany Gao,FEMALE,2021-01-13,Goulburn
16353,Alejandro,Xu,Alejandro Xu,MALE,2023-06-09,Bremerton
16354,Janet,Torres,Janet Torres,FEMALE,2023-03-09,Marysville
16355,Sam,Foster,Sam Foster,FEMALE,2023-03-20,Chula Vista
16356,Sophia,Baker,Sophia Baker,FEMALE,2023-07-15,Palo Alto
16357,Margaret,Russell,Margaret Russell,FEMALE,2023-08-26,Lincoln Acres
16358,Samuel,Jai,Samuel Jai,MALE,2023-03-08,Victoria
16359,Shelby,Richardson,Shelby Richardson,FEMALE,2023-08-13,Woodburn
16360,Justin,Garcia,Justin Garcia,MALE,2023-03-01,Yakima
16361,Wyatt,White,Wyatt White,MALE,2023-03-11,Spring Valley
16362,Joshua,Smith,Joshua Smith,MALE,2023-04-18,Oakland
16363,Melanie,Ramirez,Melanie Ramirez,FEMALE,2023-03-19,Langley
16364,Shawna,Yuan,Shawna Yuan,FEMALE,2023-04-23,Chula Vista
16365,Jenna,Young,Jenna Young,FEMALE,2023-11-16,Oak Bay
16366,Isabelle,Henderson,Isabelle Henderson,FEMALE,2023-11-11,Cliffside
16367,Emily,Williams,Emily Williams,FEMALE,2023-10-28,Beaverton
16368,Lauren,Williams,Lauren Williams,FEMALE,2024-01-01,Renton
16369,Isabel,Powell,Isabel Powell,FEMALE,2023-09-02,Everett
16370,Molly,Gonzalez,Molly Gonzalez,FEMALE,2023-12-09,Cliffside
16371,Caleb,Diaz,Caleb Diaz,MALE,2023-06-15,Concord
16372,Vanessa,Foster,Vanessa Foster,FEMALE,2023-04-04,Lincoln Acres
16373,Sara,Cook,Sara Cook,FEMALE,2023-04-16,Kirkland
16374,Edward,Phillips,Edward Phillips,MALE,2023-12-20,Woodburn
16375,Gabriella,Hernandez,Gabriella Hernandez,FEMALE,2023-05-15,Spring Valley
16376,Maria,Wright,Maria Wright,FEMALE,2023-11-02,Bellingham
16377,Jordan,Adams,Jordan Adams,FEMALE,2023-02-23,Los Angeles
16378,Hailey,Baker,Hailey Baker,FEMALE,2023-12-14,Woodburn
16379,Marc,Jimenez,Marc Jimenez,MALE,2023-12-03,Colma
16380,Mariah,Torres,Mariah Torres,FEMALE,2023-07-25,Shawnee
16381,Kayla,Davis,Kayla Davis,FEMALE,2023-02-28,Burien
16382,Jennifer,Davis,Jennifer Davis,FEMALE,2023-04-07,Tacoma
16383,Brian,Kelly,Brian Kelly,MALE,2023-03-03,Redwood City
16384,Jada,Reed,Jada Reed,FEMALE,2023-01-31,Newport Beach
16385,James,Perez,James Perez,MALE,2023-06-05,Santa Cruz
16386,Philip,Moyer,Philip Moyer,MALE,2023-08-13,York
16387,Douglas,Vance,Douglas Vance,MALE,2023-09-13,Berks
16388,Jay,Torres,Jay Torres,MALE,2022-09-28,Paris
16389,Arturo,Shen,Arturo Shen,MALE,2022-05-02,Berlin
16390,Mario,Nath,Mario Nath,MALE,2022-05-25,Offenbach
16391,Sergio,Suri,Sergio Suri,MALE,2022-10-01,Verrieres Le Buisson
16392,Kari,Raman,Kari Raman,FEMALE,2022-09-28,Colomiers
16393,Xavier,Edwards,Xavier Edwards,MALE,2022-10-17,Tremblay-en-France
16394,Bryan,Bell,Bryan Bell,MALE,2022-10-05,Lille
16395,Tara,Pal,Tara Pal,FEMALE,2023-02-27,Paris
16396,Keith,Rai,Keith Rai,MALE,2023-04-04,Mühlheim
16397,Andy,Navarro,Andy Navarro,MALE,2023-07-31,Berlin
16398,Emmanuel,Rana,Emmanuel Rana,MALE,2023-03-11,Roubaix
16399,Arturo,Xu,Arturo Xu,MALE,2023-03-16,Frankfurt
16400,Theodore,Ramos,Theodore Ramos,MALE,2022-10-01,Pantin
16401,Margaret,Gao,Margaret Gao,FEMALE,2023-10-24,London
16402,Alexander,Martin,Alexander Martin,MALE,2023-12-06,Oxford
16403,Byron,Suarez,Byron Suarez,MALE,2023-12-10,Paris La Defense
16404,Raul,Nara,Raul Nara,MALE,2022-10-13,Paris
16405,Adriana,Sai,Adriana Sai,FEMALE,2022-02-17,Berks
16406,Dakota,Henderson,Dakota Henderson,MALE,2022-02-05,Oxford
16407,Colleen,Zhao,Colleen Zhao,FEMALE,2022-02-21,Milton Keynes
16408,Arthur,Madan,Arthur Madan,MALE,2022-10-13,Paris
16409,Ebony,Moreno,Ebony Moreno,FEMALE,2022-05-20,Berlin
16410,Joy,Navarro,Joy Navarro,FEMALE,2022-02-20,Warrington
16411,Stanley,Sanchez,Stanley Sanchez,MALE,2022-06-10,Offenbach
16412,Leah,Liang,Leah Liang,FEMALE,2022-10-14,Croix
16413,Julia,Gonzalez,Julia Gonzalez,FEMALE,2023-03-05,Bottrop
16414,Kelly,Flores,Kelly Flores,FEMALE,2022-06-12,Darmstadt
16415,Andre,Patel,Andre Patel,MALE,2022-11-14,Tremblay-en-France
16416,Brian,Rivera,Brian Rivera,MALE,2022-11-08,Villeneuve-d'Ascq
16417,Noah,Bryant,Noah Bryant,MALE,2022-02-19,Bury
16418,Katrina,Rai,Katrina Rai,FEMALE,2023-02-13,Paris
16419,Lacey,Simpson,Lacey Simpson,FEMALE,2023-10-29,Frankfurt
16420,Eddie,Alonso,Eddie Alonso,MALE,2022-02-18,Reading
16421,Natasha,Diaz,Natasha Diaz,FEMALE,2023-10-30,Suresnes
16422,Kurt,Xu,Kurt Xu,MALE,2022-06-10,Saarbrücken
16423,Sergio,Madan,Sergio Madan,MALE,2023-10-01,Les Ulis
16424,Brandi,Diaz,Brandi Diaz,FEMALE,2022-10-29,Paris
16425,Lisa,Lu,Lisa Lu,FEMALE,2022-11-13,Roissy en Brie
16426,Jorge,Ye,Jorge Ye,MALE,2022-11-26,Saint Ouen
16427,Kendra,Alonso,Kendra Alonso,FEMALE,2022-03-05,Watford
16428,Ryan,Ross,Ryan Ross,MALE,2022-03-19,Bury
16429,Jaclyn,Luo,Jaclyn Luo,FEMALE,2022-06-27,Saarlouis
16430,Franklin,Rai,Franklin Rai,MALE,2022-11-19,Paris
16431,Jermaine,Rodriguez,Jermaine Rodriguez,MALE,2022-11-01,Paris
16432,John,Garcia,John Garcia,MALE,2022-11-12,Chatou
16433,Mathew,Dominguez,Mathew Dominguez,MALE,2022-11-05,Paris
16434,Taylor,Bailey,Taylor Bailey,FEMALE,2023-06-02,Neunkirchen
16435,Steven,Cooper,Steven Cooper,MALE,2023-12-17,Newcastle upon Tyne
16436,Ethan,Henderson,Ethan Henderson,MALE,2022-12-05,Roubaix
16437,Jésus,Gutierrez,Jésus Gutierrez,MALE,2023-03-20,London
16438,Kaitlin,Arthur,Kaitlin Arthur,FEMALE,2023-04-26,Paris
16439,Dawn,Deng,Dawn Deng,FEMALE,2023-08-29,Paris
16440,Jimmy,Martin,Jimmy Martin,MALE,2023-02-26,Paris
16441,Jason,Young,Jason Young,MALE,2023-02-15,Darmstadt
16442,Luke,Gonzalez,Luke Gonzalez,MALE,2022-06-10,Frankfurt
16443,Dawn,Gao,Dawn Gao,FEMALE,2024-01-03,Gloucestershire
16444,Erika,Carlson,Erika Carlson,FEMALE,2022-03-25,Runcorn
16445,Caitlin,Ward,Caitlin Ward,FEMALE,2022-03-10,Bury
16446,Kristine,Munoz,Kristine Munoz,FEMALE,2022-03-09,Reading
16447,Kate,Becker,Kate Becker,FEMALE,2022-03-29,Runcorn
16448,Cheryl,Martin,Cheryl Martin,FEMALE,2022-06-11,Kiel
16449,Casey,Browning,Casey Browning,MALE,2023-03-25,Bracknell
16450,Rebekah,Gutierrez,Rebekah Gutierrez,FEMALE,2023-10-12,Lille
16451,Karl,Stone,Karl Stone,MALE,2022-05-30,Mühlheim
16452,Cassie,Luo,Cassie Luo,FEMALE,2022-03-04,Birmingham
16453,Mayra,Chandra,Mayra Chandra,FEMALE,2023-04-10,Warrington
16454,Marco,Suri,Marco Suri,MALE,2023-02-12,West Sussex
16455,Deb,Moreno,Deb Moreno,FEMALE,2023-03-27,Saint Germain en Laye
16456,Larry,Navarro,Larry Navarro,MALE,2023-09-06,Hamburg
16457,Kathleen,Martin,Kathleen Martin,FEMALE,2023-08-13,Braunschweig
16458,Michele,Ruiz,Michele Ruiz,FEMALE,2023-03-27,Hamburg
16459,Carolyn,Kapoor,Carolyn Kapoor,FEMALE,2023-02-14,Cheltenham
16460,Jodi,Xu,Jodi Xu,FEMALE,2023-06-15,York
16461,Rosa,Wu,Rosa Wu,FEMALE,2022-03-01,York
16462,Marissa,Gonzales,Marissa Gonzales,FEMALE,2024-01-10,Hamburg
16463,Anna,Murphy,Anna Murphy,FEMALE,2023-06-11,Bottrop
16464,Alan,Liu,Alan Liu,MALE,2023-05-01,Milton Keynes
16465,Kara,Goel,Kara Goel,FEMALE,2022-03-23,Billericay
16466,Alisha,Kumar,Alisha Kumar,FEMALE,2022-06-27,Darmstadt
16467,Ronald,Srini,Ronald Srini,MALE,2023-10-14,Lancaster
16468,Orlando,Dominguez,Orlando Dominguez,MALE,2023-09-08,Paris
16469,Michele,Tang,Michele Tang,FEMALE,2023-04-16,Roncq
16470,Wesley,Guo,Wesley Guo,MALE,2022-03-07,Stoke-on-Trent
16471,Vanessa,Hayes,Vanessa Hayes,FEMALE,2023-12-03,Chatou
16472,Olivia,Robinson,Olivia Robinson,FEMALE,2023-11-01,Paris
16473,Dawn,Andersen,Dawn Andersen,FEMALE,2023-10-05,Berlin
16474,Jay,Serrano,Jay Serrano,MALE,2023-03-28,Kassel
16475,Kurt,Anand,Kurt Anand,MALE,2022-06-01,Essen
16476,Shawn,Xie,Shawn Xie,MALE,2022-12-04,Paris
16477,Anna,Gonzales,Anna Gonzales,FEMALE,2023-02-15,Bremerton
16478,Adrian,Gray,Adrian Gray,MALE,2023-10-12,Oakland
16479,Victoria,Brooks,Victoria Brooks,FEMALE,2023-05-26,Shawnee
16480,Alan,Zhou,Alan Zhou,MALE,2023-06-28,Gold Coast
16481,Madison,Bryant,Madison Bryant,FEMALE,2023-09-30,Melbourne
16482,Tabitha,Arthur,Tabitha Arthur,FEMALE,2021-01-11,Bendigo
16483,Warren,Jai,Warren Jai,MALE,2021-01-02,Melbourne
16484,Dustin,Lal,Dustin Lal,MALE,2021-01-19,Springwood
16485,Ian,Foster,Ian Foster,MALE,2023-10-12,Burbank
16486,Rachael,Madan,Rachael Madan,FEMALE,2023-03-01,North Sydney
16487,Brianna,Griffin,Brianna Griffin,FEMALE,2023-06-08,Melton
16488,Joel,Rodriguez,Joel Rodriguez,MALE,2023-03-19,Hobart
16489,Frederick,Garcia,Frederick Garcia,MALE,2023-03-16,Lane Cove
16490,Megan,Robinson,Megan Robinson,FEMALE,2023-05-19,San Gabriel
16491,Christian,Garcia,Christian Garcia,MALE,2023-01-29,Langford
16492,Theodore,Sanz,Theodore Sanz,MALE,2023-10-30,Wollongong
16493,Brenda,Fernandez,Brenda Fernandez,FEMALE,2021-01-13,Seaford
16494,Jordyn,Simmons,Jordyn Simmons,FEMALE,2021-01-24,Warrnambool
16495,Monique,Ramos,Monique Ramos,FEMALE,2021-01-18,Warrnambool
16496,Dawn,Tang,Dawn Tang,FEMALE,2021-01-24,Darlinghurst
16497,Julia,Peterson,Julia Peterson,FEMALE,2023-05-31,Sooke
16498,Hunter,Jones,Hunter Jones,MALE,2023-09-07,Issaquah
16499,Danielle,Kelly,Danielle Kelly,FEMALE,2023-12-23,Lynnwood
16500,Chloe,Perry,Chloe Perry,FEMALE,2023-04-20,Renton
16501,Vanessa,Wood,Vanessa Wood,FEMALE,2023-09-02,Seattle
16502,Jackson,Parker,Jackson Parker,MALE,2024-01-12,Woodburn
16503,Christian,Anderson,Christian Anderson,MALE,2023-05-17,Mill Valley
16504,Justin,Russell,Justin Russell,MALE,2023-04-05,San Diego
16505,Erin,Gray,Erin Gray,FEMALE,2023-12-11,Fremont
16506,Catherine,Murphy,Catherine Murphy,FEMALE,2023-04-06,Metchosin
16507,Tracy,Nath,Tracy Nath,FEMALE,2023-07-14,Orleans
16508,Brent,Zhu,Brent Zhu,MALE,2023-08-23,Pantin
16509,Veronica,Sai,Veronica Sai,FEMALE,2022-03-25,London
16510,Brad,Nara,Brad Nara,MALE,2023-04-08,Paris
16511,Joe,Raman,Joe Raman,MALE,2023-02-02,Cambridge
16512,Ricardo,Sharma,Ricardo Sharma,MALE,2022-03-29,York
16513,Ronnie,Wagner,Ronnie Wagner,MALE,2022-11-28,Lieusaint
16514,Manuel,Fernandez,Manuel Fernandez,MALE,2021-01-10,Malabar
16515,Troy,Sai,Troy Sai,MALE,2021-01-17,Hobart
16516,Melvin,She,Melvin She,MALE,2021-01-18,Townsville
16517,Katrina,Raji,Katrina Raji,FEMALE,2020-12-31,Wollongong
16518,Krystal,Holt,Krystal Holt,FEMALE,2021-01-15,Cranbourne
16519,Yolanda,Chander,Yolanda Chander,FEMALE,2021-01-24,Hervey Bay
16520,Misty,Raji,Misty Raji,FEMALE,2021-01-04,Bendigo
16521,Tonya,She,Tonya She,FEMALE,2021-01-20,Hawthorne
16522,Casey,Pal,Casey Pal,FEMALE,2021-01-07,Caloundra
16523,Sandra,Huang,Sandra Huang,FEMALE,2021-01-22,Hervey Bay
16524,Damien,Huang,Damien Huang,MALE,2021-01-16,Hawthorne
16525,Martha,Liang,Martha Liang,FEMALE,2021-01-14,Goulburn
16526,Arthur,Perez,Arthur Perez,MALE,2021-01-16,Sunbury
16527,Cory,Arun,Cory Arun,MALE,2021-01-08,Milsons Point
16528,Dominique,Garcia,Dominique Garcia,FEMALE,2021-01-24,Melton
16529,Jonathon,Gutierrez,Jonathon Gutierrez,MALE,2021-01-02,Goulburn
16530,Priscilla,Chander,Priscilla Chander,FEMALE,2022-04-02,London
16531,Lacey,Gao,Lacey Gao,FEMALE,2022-04-26,London
16532,Tommy,Sharma,Tommy Sharma,MALE,2022-12-22,Cergy
16533,Kristen,Cai,Kristen Cai,FEMALE,2022-12-12,Drancy
16534,Claudia,Holt,Claudia Holt,FEMALE,2022-06-25,München
16535,Colin,Chen,Colin Chen,MALE,2023-06-03,Paris
16536,Meghan,Jimenez,Meghan Jimenez,FEMALE,2023-05-31,Saint-Denis
16537,Arthur,Dominguez,Arthur Dominguez,MALE,2023-05-26,Saarbrücken
16538,Stacey,Liang,Stacey Liang,FEMALE,2022-06-30,Frankfurt am Main
16539,Christy,Li,Christy Li,FEMALE,2023-02-06,Hof
16540,Theodore,Browning,Theodore Browning,MALE,2022-07-12,Salzgitter
16541,Micah,Hu,Micah Hu,MALE,2022-04-20,Billericay
16542,Jésus,Ortega,Jésus Ortega,MALE,2023-07-09,Gloucestershire
16543,Jenny,McDonald,Jenny McDonald,FEMALE,2023-07-17,London
16544,Eduardo,Morgan,Eduardo Morgan,MALE,2023-08-01,Saint Germain en Laye
16545,Alicia,Pal,Alicia Pal,FEMALE,2023-10-12,Paris
16546,Terrance,Jordan,Terrance Jordan,MALE,2022-04-08,London
16547,Jake,Yang,Jake Yang,MALE,2022-12-12,Paris La Defense
16548,Darren,Rubio,Darren Rubio,MALE,2022-12-16,Roncq
16549,Linda,Moreno,Linda Moreno,FEMALE,2022-07-29,Berlin
16550,Frederick,Madan,Frederick Madan,MALE,2022-04-02,West Sussex
16551,Christy,Shan,Christy Shan,FEMALE,2022-12-21,Roubaix
16552,Joe,Sanchez,Joe Sanchez,MALE,2022-07-01,Leipzig
16553,Gabriella,Roberts,Gabriella Roberts,FEMALE,2022-04-19,Esher-Molesey
16554,Casey,Chander,Casey Chander,FEMALE,2022-04-29,Warrington
16555,Mathew,Vazquez,Mathew Vazquez,MALE,2023-09-19,Les Ulis
16556,Angelica,Butler,Angelica Butler,FEMALE,2023-06-21,Werne
16557,Derek,Chander,Derek Chander,MALE,2023-03-26,Paris
16558,Preston,Sara,Preston Sara,MALE,2023-03-24,Stuttgart
16559,Candace,Martinez,Candace Martinez,FEMALE,2022-12-24,Cergy
16560,Kelvin,Sun,Kelvin Sun,MALE,2022-12-16,Saint-Denis
16561,Kurt,Yuan,Kurt Yuan,MALE,2022-04-26,Leeds
16562,Colleen,Zhang,Colleen Zhang,FEMALE,2022-04-22,Oxford
16563,Mackenzie,Baker,Mackenzie Baker,FEMALE,2023-02-11,Newcastle upon Tyne
16564,Susan,Wu,Susan Wu,FEMALE,2023-05-21,Bracknell
16565,Corey,Anand,Corey Anand,MALE,2022-07-23,Darmstadt
16566,Ashlee,Shen,Ashlee Shen,FEMALE,2022-12-24,Roissy en Brie
16567,Erick,Lopez,Erick Lopez,MALE,2022-07-06,Saarlouis
16568,Caroline,Coleman,Caroline Coleman,FEMALE,2023-02-11,Kassel
16569,Colleen,Li,Colleen Li,FEMALE,2022-12-13,Colombes
16570,Julie,She,Julie She,FEMALE,2022-12-08,Versailles
16571,Audrey,Torres,Audrey Torres,FEMALE,2023-06-09,Newcastle upon Tyne
16572,Jon,Xu,Jon Xu,MALE,2022-07-27,Berlin
16573,Ruben,Dominguez,Ruben Dominguez,MALE,2022-04-21,London
16574,Joe,Gomez,Joe Gomez,MALE,2023-03-05,Bracknell
16575,Veronica,Vance,Veronica Vance,FEMALE,2022-04-10,Milton Keynes
16576,Corey,Beck,Corey Beck,MALE,2024-01-06,Metz
16577,Leah,Chen,Leah Chen,FEMALE,2023-08-02,Paris La Defense
16578,Stefanie,Weber,Stefanie Weber,FEMALE,2023-11-05,Darmstadt
16579,Zachary,Davis,Zachary Davis,MALE,2023-07-10,Cheltenham
16580,Dawn,Chen,Dawn Chen,FEMALE,2022-12-16,Metz
16581,Kenneth,Becker,Kenneth Becker,MALE,2023-10-25,Pantin
16582,Frank,Torres,Frank Torres,MALE,2023-02-22,Berlin
16583,Justin,Martinez,Justin Martinez,MALE,2024-01-08,Frankfurt
16584,Devin,Gray,Devin Gray,MALE,2023-02-07,Watford
16585,Vincent,Sun,Vincent Sun,MALE,2022-04-07,West Sussex
16586,Leonard,Chander,Leonard Chander,MALE,2023-07-25,Versailles
16587,Zachary,Martinez,Zachary Martinez,MALE,2022-07-14,Solingen
16588,Andre,Martinez,Andre Martinez,MALE,2022-04-30,London
16589,Martin,Suri,Martin Suri,MALE,2022-05-28,Maidenhead
16590,Shawn,Deng,Shawn Deng,MALE,2023-05-31,Oxford
16591,Clarence,He,Clarence He,MALE,2023-06-23,Reading
16592,Jacquelyn,Gomez,Jacquelyn Gomez,FEMALE,2023-03-14,Saint Germain en Laye
16593,Suzanne,He,Suzanne He,FEMALE,2023-02-15,Birmingham
16594,Andrew,Jones,Andrew Jones,MALE,2022-05-21,Peterborough
16595,Cameron,Anderson,Cameron Anderson,MALE,2022-05-18,Runcorn
16596,Gabrielle,Carter,Gabrielle Carter,FEMALE,2022-12-09,Saint Germain en Laye
16597,Kelli,Xu,Kelli Xu,FEMALE,2023-03-02,Salzgitter
16598,Kate,Rai,Kate Rai,FEMALE,2022-05-23,Bury
16599,Ramón,Cai,Ramón Cai,MALE,2023-06-18,London
16600,Janet,Suarez,Janet Suarez,FEMALE,2023-05-16,Sèvres
16601,Tabitha,Rana,Tabitha Rana,FEMALE,2023-05-12,Oxford
16602,Jill,Travers,Jill Travers,FEMALE,2023-08-22,Runcorn
16603,Scott,Seely,Scott Seely,FEMALE,2022-07-08,München
16604,Roy,Serrano,Roy Serrano,MALE,2023-10-25,Sulzbach Taunus
16605,Toni,Randall,Toni Randall,FEMALE,2023-03-11,Port Macquarie
16606,Ricky,Blanco,Ricky Blanco,MALE,2023-08-07,Matraville
16607,Logan,Gonzales,Logan Gonzales,MALE,2021-01-05,Brisbane
16608,Ricky,Martin,Ricky Martin,MALE,2023-02-08,Brisbane
16609,Gary,Jimenez,Gary Jimenez,MALE,2023-01-30,Hobart
16610,Sydney,Clark,Sydney Clark,FEMALE,2023-03-12,Coffs Harbour
16611,Dylan,Rodriguez,Dylan Rodriguez,MALE,2023-02-17,Port Macquarie
16612,Ebony,Ashe,Ebony Ashe,FEMALE,2021-01-14,Matraville
16613,Cassie,Sutton,Cassie Sutton,FEMALE,2023-03-21,Caloundra
16614,Alison,Shen,Alison Shen,FEMALE,2023-08-26,Springwood
16615,Kaitlin,Patel,Kaitlin Patel,FEMALE,2023-04-08,Perth
16616,Kelvin,Liang,Kelvin Liang,MALE,2021-01-10,Perth
16617,Alvin,Xie,Alvin Xie,MALE,2023-02-03,Warrnambool
16618,Cassandra,Subram,Cassandra Subram,FEMALE,2023-08-21,Findon
16619,Whitney,Perez,Whitney Perez,FEMALE,2023-03-09,North Ryde
16620,Cameron,Thompson,Cameron Thompson,MALE,2021-01-18,Sydney
16621,Birgit,Seidel,Birgit Seidel,FEMALE,2023-08-31,Bendigo
16622,Byron,Navarro,Byron Navarro,MALE,2023-08-13,Newcastle
16623,Andres,Lal,Andres Lal,MALE,2021-01-19,Port Macquarie
16624,Albert,Alvarez,Albert Alvarez,MALE,2020-12-30,Perth
16625,Grant,Deng,Grant Deng,MALE,2023-04-21,Hervey Bay
16626,Nathaniel,Morgan,Nathaniel Morgan,MALE,2023-02-28,Townsville
16627,Claudia,Chen,Claudia Chen,FEMALE,2023-02-15,Findon
16628,Francisco,Prasad,Francisco Prasad,MALE,2023-09-10,Lane Cove
16629,Rosa,Zheng,Rosa Zheng,FEMALE,2021-01-06,Matraville
16630,Jaime,Sutton,Jaime Sutton,MALE,2021-01-28,Sunbury
16631,Haley,Ward,Haley Ward,FEMALE,2021-01-09,Rockhampton
16632,Ruben,Romero,Ruben Romero,MALE,2023-07-25,Darlinghurst
16633,Kelli,Becker,Kelli Becker,FEMALE,2023-07-20,Seaford
16634,Jenny,Hu,Jenny Hu,FEMALE,2023-09-02,Bendigo
16635,Erick,Suri,Erick Suri,MALE,2023-04-18,Coffs Harbour
16636,Danny,Gomez,Danny Gomez,MALE,2021-01-20,South Melbourne
16637,Evan,King,Evan King,MALE,2021-02-25,Port Macquarie
16638,Dennis,Ye,Dennis Ye,MALE,2021-02-12,Springwood
16639,Renee,Romero,Renee Romero,FEMALE,2021-02-04,Melton
16640,Colin,Lal,Colin Lal,MALE,2023-04-18,Darlinghurst
16641,Julia,Bailey,Julia Bailey,FEMALE,2023-10-26,La Jolla
16642,Mason,Mitchell,Mason Mitchell,MALE,2023-11-26,Yakima
16643,Fernando,Wilson,Fernando Wilson,MALE,2023-04-06,Port Hammond
16644,Leonard,Goel,Leonard Goel,MALE,2023-07-27,Burbank
16645,Chelsea,Subram,Chelsea Subram,FEMALE,2023-10-10,Chula Vista
16646,Xavier,Collins,Xavier Collins,MALE,2023-11-02,Oak Bay
16647,Anna,Alexander,Anna Alexander,FEMALE,2023-09-18,Daly City
16648,Rachel,Coleman,Rachel Coleman,FEMALE,2023-12-10,Glendale
16649,Makayla,Stewart,Makayla Stewart,FEMALE,2023-10-02,Metchosin
16650,Kaitlyn,Green,Kaitlyn Green,FEMALE,2023-11-06,Oregon City
16651,Abigail,Martinez,Abigail Martinez,FEMALE,2023-11-23,Issaquah
16652,Nicole,Richardson,Nicole Richardson,FEMALE,2023-07-24,La Jolla
16653,Isabella,Phillips,Isabella Phillips,FEMALE,2023-10-09,Issaquah
16654,Heather,Zhang,Heather Zhang,FEMALE,2023-03-01,Cliffside
16655,Destiny,Taylor,Destiny Taylor,FEMALE,2023-09-13,Lakewood
16656,Ronnie,Zhang,Ronnie Zhang,MALE,2021-02-28,Rhodes
16657,Alvin,She,Alvin She,MALE,2021-02-08,Lavender Bay
16658,Ashlee,Raje,Ashlee Raje,FEMALE,2021-02-06,Wollongong
16659,Emily,Jones,Emily Jones,FEMALE,2021-02-02,Goulburn
16660,Lee,Blanco,Lee Blanco,MALE,2021-02-12,Goulburn
16661,Shane,Raman,Shane Raman,MALE,2021-01-30,Malabar
16662,Stacey,Gao,Stacey Gao,FEMALE,2021-01-31,Sydney
16663,Rosa,Lu,Rosa Lu,FEMALE,2021-02-19,Geelong
16664,Sophia,Nelson,Sophia Nelson,FEMALE,2021-02-10,Melton
16665,Linda,Suarez,Linda Suarez,FEMALE,2023-09-19,Milsons Point
16666,Taylor,Torres,Taylor Torres,FEMALE,2023-02-07,Newton
16667,Allison,Sanchez,Allison Sanchez,FEMALE,2023-06-19,Vancouver
16668,Levi,Malhotra,Levi Malhotra,MALE,2023-04-21,Chicago
16669,Benjamin,Martinez,Benjamin Martinez,MALE,2023-11-02,Kirkland
16670,Sarah,White,Sarah White,FEMALE,2023-05-23,Spokane
16671,Megan,Wood,Megan Wood,FEMALE,2023-12-13,W. Linn
16672,Nicole,Martinez,Nicole Martinez,FEMALE,2023-06-18,Walla Walla
16673,Curtis,Guo,Curtis Guo,MALE,2023-06-29,Beverly Hills
16674,Ricardo,Yuan,Ricardo Yuan,MALE,2023-04-26,Cranbourne
16675,Kristi,Arthur,Kristi Arthur,FEMALE,2021-02-03,Matraville
16676,Amanda,Perry,Amanda Perry,FEMALE,2023-09-19,Grossmont
16677,Jack,Hughes,Jack Hughes,MALE,2023-07-31,Los Angeles
16678,Ian,Ramirez,Ian Ramirez,MALE,2023-03-07,Langley
16679,Amber,Carter,Amber Carter,FEMALE,2023-02-11,Melbourne
16680,Carlos,Edwards,Carlos Edwards,MALE,2023-08-09,Coffs Harbour
16681,Louis,Chande,Louis Chande,MALE,2023-06-29,Bendigo
16682,Kristy,Ramos,Kristy Ramos,FEMALE,2023-06-18,Milsons Point
16683,Christy,Rai,Christy Rai,FEMALE,2023-05-29,Rockhampton
16684,Joel,Perez,Joel Perez,MALE,2021-02-08,Warrnambool
16685,Robin,Dominguez,Robin Dominguez,FEMALE,2021-02-07,Port Macquarie
16686,Kristine,Alonso,Kristine Alonso,FEMALE,2021-02-02,Malabar
16687,Lawrence,Romero,Lawrence Romero,MALE,2021-02-03,Malabar
16688,Tabitha,Gomez,Tabitha Gomez,FEMALE,2021-02-26,Findon
16689,Rafael,Shen,Rafael Shen,MALE,2023-08-18,Coffs Harbour
16690,Aimee,Wu,Aimee Wu,FEMALE,2023-09-12,North Ryde
16691,Paula,Romero,Paula Romero,FEMALE,2021-02-28,Perth
16692,Jay,Diaz,Jay Diaz,MALE,2023-04-10,Coffs Harbour
16693,Ethan,Coleman,Ethan Coleman,MALE,2021-02-21,Caloundra
16694,Mandy,Sun,Mandy Sun,FEMALE,2023-02-21,St. Leonards
16695,Dwayne,Serrano,Dwayne Serrano,MALE,2023-09-03,Wollongong
16696,Claudia,Zeng,Claudia Zeng,FEMALE,2021-02-04,Gold Coast
16697,Wyatt,Henderson,Wyatt Henderson,MALE,2023-02-25,Townsville
16698,Mallory,Gill,Mallory Gill,FEMALE,2023-05-17,East Brisbane
16699,Dominic,Kapoor,Dominic Kapoor,MALE,2023-05-09,Geelong
16700,Billy,Gill,Billy Gill,MALE,2023-06-18,Hobart
16701,Laura,Zheng,Laura Zheng,FEMALE,2021-02-18,North Ryde
16702,Patricia,Raman,Patricia Raman,FEMALE,2021-02-21,Cranbourne
16703,Denise,Sanchez,Denise Sanchez,FEMALE,2021-02-09,Hobart
16704,Karla,Chavez,Karla Chavez,FEMALE,2023-06-25,Lane Cove
16705,Jacqueline,Wood,Jacqueline Wood,FEMALE,2023-08-10,Coffs Harbour
16706,Jenny,Shan,Jenny Shan,FEMALE,2023-09-22,Darlinghurst
16707,Derrick,Serrano,Derrick Serrano,MALE,2021-02-21,Hervey Bay
16708,Kellie,Sanz,Kellie Sanz,FEMALE,2021-02-19,Lavender Bay
16709,Roy,Alvarez,Roy Alvarez,MALE,2023-07-21,Hawthorne
16710,Carla,Arthur,Carla Arthur,FEMALE,2023-07-03,Milsons Point
16711,Jorge,Zhao,Jorge Zhao,MALE,2023-03-07,North Sydney
16712,Suzanne,Lu,Suzanne Lu,FEMALE,2021-02-03,Coffs Harbour
16713,Tony,Nara,Tony Nara,MALE,2021-02-23,East Brisbane
16714,Dalton,Nicholls,Dalton Nicholls,MALE,2023-08-04,National City
16715,Katelyn,Ramirez,Katelyn Ramirez,FEMALE,2023-08-24,Mill Valley
16716,Jose,Henderson,Jose Henderson,MALE,2023-04-08,Puyallup
16717,Masaki,Umeda,Masaki Umeda,FEMALE,2023-04-11,Langford
16718,Gavin,Stone,Gavin Stone,MALE,2023-11-18,Downey
16719,Trevor,Russell,Trevor Russell,MALE,2023-10-19,Burlingame
16720,Morgan,Perry,Morgan Perry,FEMALE,2023-07-01,Burbank
16721,Xavier,Sanders,Xavier Sanders,MALE,2023-04-08,Langley
16722,Sean,Gray,Sean Gray,MALE,2023-11-28,Puyallup
16723,Barbara,Zhao,Barbara Zhao,FEMALE,2024-01-21,Burlingame
16724,Gabriel,Yang,Gabriel Yang,MALE,2023-11-02,Newport Beach
16725,Jacob,Williams,Jacob Williams,MALE,2023-12-09,Issaquah
16726,Miguel,Wood,Miguel Wood,MALE,2023-12-26,El Cajon
16727,Charles,Johnston,Charles Johnston,MALE,2023-05-31,Lynnwood
16728,Cole,Morris,Cole Morris,MALE,2023-06-09,Milwaukie
16729,Tommy,Nara,Tommy Nara,MALE,2023-08-16,Hobart
16730,Mariah,Long,Mariah Long,FEMALE,2023-12-02,Rockhampton
16731,Nicole,White,Nicole White,FEMALE,2023-03-03,Newton
16732,Natalie,Flores,Natalie Flores,FEMALE,2023-07-19,Port Orchard
16733,Douglas,Srini,Douglas Srini,MALE,2023-08-04,Springwood
16734,Emma,Martinez,Emma Martinez,FEMALE,2023-04-29,Sydney
16735,Melissa,Hayes,Melissa Hayes,FEMALE,2023-08-21,Lynnwood
16736,Kelly,Alexander,Kelly Alexander,FEMALE,2023-06-15,Port Orchard
16737,Steven,Selikoff,Steven Selikoff,FEMALE,2023-09-17,Burien
16738,Ramon,Lu,Ramon Lu,MALE,2023-03-13,Hawthorne
16739,Cory,Weber,Cory Weber,MALE,2023-03-07,Silverwater
16740,Elijah,Li,Elijah Li,MALE,2021-01-31,Melton
16741,Alan,Xu,Alan Xu,MALE,2021-02-01,Rhodes
16742,Mitchell,Pal,Mitchell Pal,MALE,2021-02-22,Wollongong
16743,Ariana,Stewart,Ariana Stewart,FEMALE,2021-01-29,Coffs Harbour
16744,Lacey,Guo,Lacey Guo,FEMALE,2021-02-16,North Ryde
16745,Krista,Moreno,Krista Moreno,FEMALE,2021-02-07,Townsville
16746,Brianna,Peterson,Brianna Peterson,FEMALE,2023-02-28,Lake Oswego
16747,Alexander,Davis,Alexander Davis,MALE,2023-06-30,Salem
16748,Patrick,Peterson,Patrick Peterson,MALE,2023-12-08,Coronado
16749,Aaron,Coleman,Aaron Coleman,MALE,2023-12-05,Santa Monica
16750,Seth,Sanders,Seth Sanders,MALE,2023-03-21,Torrance
16751,Aaron,Scott,Aaron Scott,MALE,2023-07-20,Sedro Woolley
16752,Mason,Wright,Mason Wright,MALE,2023-08-17,Torrance
16753,Rachel,Harris,Rachel Harris,FEMALE,2023-10-19,Lake Oswego
16754,Alex,Bell,Alex Bell,MALE,2023-03-17,N. Vancouver
16755,Olivia,James,Olivia James,FEMALE,2023-10-19,Redmond
16756,Richard,Allen,Richard Allen,MALE,2023-10-16,Spokane
16757,Mackenzie,Cox,Mackenzie Cox,FEMALE,2023-12-31,Portland
16758,Justin,Perry,Justin Perry,MALE,2023-06-04,Victoria
16759,Jasmine,Bell,Jasmine Bell,FEMALE,2023-10-23,San Francisco
16760,Sydney,Alexander,Sydney Alexander,FEMALE,2023-03-10,Santa Monica
16761,Angel,Ward,Angel Ward,MALE,2023-09-21,Everett
16762,Franklin,Ferrier,Franklin Ferrier,MALE,2023-09-22,Burien
16763,Juan,Suarez,Juan Suarez,MALE,2023-04-11,Cliffside
16764,Thomas,Davis,Thomas Davis,MALE,2023-05-21,Newton
16765,Dalton,White,Dalton White,MALE,2023-07-28,Yakima
16766,Summer,Arun,Summer Arun,FEMALE,2023-11-04,Beverly Hills
16767,Rafael,Liu,Rafael Liu,MALE,2023-03-14,Burbank
16768,Eduardo,Barnes,Eduardo Barnes,MALE,2024-01-20,Concord
16769,Tyler,Walker,Tyler Walker,MALE,2023-10-17,Downey
16770,Charles,Rogers,Charles Rogers,MALE,2023-09-07,Lakewood
16771,Ian,Walker,Ian Walker,MALE,2023-02-23,Cliffside
16772,Morgan,Parker,Morgan Parker,FEMALE,2023-03-15,Oak Bay
16773,David,Lal,David Lal,MALE,2023-07-08,Woodburn
16774,Eduardo,Perry,Eduardo Perry,MALE,2023-06-15,Yakima
16775,Sarah,Russell,Sarah Russell,FEMALE,2023-09-19,Colma
16776,Dalton,Lewis,Dalton Lewis,MALE,2023-09-28,Bellingham
16777,Cameron,Simmons,Cameron Simmons,MALE,2023-02-24,Milwaukie
16778,Blake,Hayes,Blake Hayes,MALE,2023-10-27,Burbank
16779,Morgan,Watson,Morgan Watson,FEMALE,2023-10-24,West Covina
16780,Carlos,Bailey,Carlos Bailey,MALE,2023-09-05,Puyallup
16781,Dylan,Chen,Dylan Chen,MALE,2023-01-29,El Cajon
16782,Lucas,Clark,Lucas Clark,MALE,2023-10-08,Port Orchard
16783,Grace,Barnes,Grace Barnes,FEMALE,2023-11-22,Tacoma
16784,Chloe,Long,Chloe Long,FEMALE,2023-05-02,Haney
16785,Christian,Lee,Christian Lee,MALE,2023-09-30,Tacoma
16786,Lucas,Reed,Lucas Reed,MALE,2023-10-26,Los Angeles
16787,Nicole,Jackson,Nicole Jackson,FEMALE,2023-11-25,Bellflower
16788,Ronnie,Gao,Ronnie Gao,MALE,2023-04-15,Burlingame
16789,Jennifer,Harris,Jennifer Harris,FEMALE,2023-12-19,Seattle
16790,Hunter,Lopez,Hunter Lopez,MALE,2023-12-25,Portland
16791,Leonard,Yuan,Leonard Yuan,MALE,2023-05-23,Cliffside
16792,Maria,Torres,Maria Torres,FEMALE,2023-01-17,Long Beach
16793,Savannah,Hernandez,Savannah Hernandez,FEMALE,2023-01-07,Santa Cruz
16794,Taylor,Cook,Taylor Cook,FEMALE,2023-01-15,Redmond
16795,Regina,Garcia,Regina Garcia,FEMALE,2023-11-24,Berkeley
16796,Kaitlyn,Martin,Kaitlyn Martin,FEMALE,2023-05-17,Sedro Woolley
16797,Evan,Reed,Evan Reed,MALE,2023-01-08,Walla Walla
16798,Latasha,Martin,Latasha Martin,FEMALE,2023-01-16,Coronado
16799,Stephanie,Gonzales,Stephanie Gonzales,FEMALE,2023-01-23,Fremont
16800,Jordan,Roberts,Jordan Roberts,FEMALE,2023-06-17,Langley
16801,Jasmine,Henderson,Jasmine Henderson,FEMALE,2023-09-10,Bellingham
16802,Lucas,Allen,Lucas Allen,MALE,2023-02-17,Lynnwood
16803,Marcus,Peterson,Marcus Peterson,MALE,2023-01-14,Puyallup
16804,Adam,Zhang,Adam Zhang,MALE,2023-01-15,W. Linn
16805,Fernando,Allen,Fernando Allen,MALE,2023-01-15,W. Linn
16806,Louis,Zhao,Louis Zhao,MALE,2023-12-07,Burlingame
16807,Virginia,Suri,Virginia Suri,FEMALE,2023-01-14,Chula Vista
16808,Jessica,Long,Jessica Long,FEMALE,2023-09-16,Lincoln Acres
16809,Bailey,Sanders,Bailey Sanders,FEMALE,2023-10-16,Redwood City
16810,Michael,Rodriguez,Michael Rodriguez,MALE,2023-08-09,Oak Bay
16811,Luis,Zhang,Luis Zhang,MALE,2023-02-27,Tacoma
16812,Alexa,Richardson,Alexa Richardson,FEMALE,2023-02-16,Imperial Beach
16813,Carson,Diaz,Carson Diaz,MALE,2023-11-24,Lakewood
16814,Isabella,Collins,Isabella Collins,FEMALE,2023-02-03,National City
16815,Jacob,Brown,Jacob Brown,MALE,2024-01-10,Novato
16816,Julia,Miller,Julia Miller,FEMALE,2024-01-04,Redwood City
16817,Evan,Peterson,Evan Peterson,MALE,2023-10-13,San Diego
16818,Gabrielle,Reed,Gabrielle Reed,FEMALE,2023-10-07,Spring Valley
16819,Dalton,Cox,Dalton Cox,MALE,2023-10-13,Issaquah
16820,Isabella,Gray,Isabella Gray,FEMALE,2023-08-21,Port Hammond
16821,Mary,Carter,Mary Carter,FEMALE,2022-07-03,Solingen
16822,Marshall,Lin,Marshall Lin,MALE,2022-05-10,Peterborough
16823,Stacy,Ruiz,Stacy Ruiz,FEMALE,2022-05-09,Liverpool
16824,Randall,Munoz,Randall Munoz,MALE,2022-07-21,Berlin
16825,Susan,Zeng,Susan Zeng,FEMALE,2023-11-17,Bottrop
16826,Roberto,Vazquez,Roberto Vazquez,MALE,2022-08-24,Solingen
16827,Jeffery,Chen,Jeffery Chen,MALE,2022-05-14,Wokingham
16828,Logan,Mitchell,Logan Mitchell,MALE,2022-05-15,Oxford
16829,Wayne,Lal,Wayne Lal,MALE,2022-05-07,Runcorn
16830,Alexandra,Hall,Alexandra Hall,FEMALE,2022-08-01,Solingen
16831,Theodore,Vazquez,Theodore Vazquez,MALE,2022-05-24,Gloucestershire
16832,Isaiah,Parker,Isaiah Parker,MALE,2023-10-22,Renton
16833,Richard,Cooper,Richard Cooper,MALE,2023-10-28,Glendale
16834,Morgan,Peterson,Morgan Peterson,FEMALE,2023-05-26,Haney
16835,Noah,Nelson,Noah Nelson,MALE,2023-10-12,Burien
16836,David,Thomas,David Thomas,MALE,2023-08-16,Cliffside
16837,Elizabeth,Jackson,Elizabeth Jackson,FEMALE,2023-08-04,Langford
16838,Jonathan,Griffin,Jonathan Griffin,MALE,2023-09-30,Chula Vista
16839,Julia,Ross,Julia Ross,FEMALE,2023-10-10,West Covina
16840,Xavier,Torres,Xavier Torres,MALE,2023-05-24,Cliffside
16841,James,Turner,James Turner,MALE,2023-02-25,Westminster
16842,Jenny,Yang,Jenny Yang,FEMALE,2023-10-25,Burbank
16843,Jimmy,Ramos,Jimmy Ramos,MALE,2023-10-27,Concord
16844,Emma,Robinson,Emma Robinson,FEMALE,2023-10-22,Torrance
16845,Andrea,Adams,Andrea Adams,FEMALE,2023-10-05,West Covina
16846,James,Phillips,James Phillips,MALE,2023-02-21,Langley
16847,Eduardo,Hall,Eduardo Hall,MALE,2023-06-14,Newton
16848,Jessica,Thomas,Jessica Thomas,FEMALE,2023-01-31,Newton
16849,Jonathan,Collins,Jonathan Collins,MALE,2023-12-04,Victoria
16850,Jessica,Jenkins,Jessica Jenkins,FEMALE,2023-10-04,Spokane
16851,Kevin,Hayes,Kevin Hayes,MALE,2023-10-23,Bellflower
16852,Kate,She,Kate She,FEMALE,2023-10-15,Burlingame
16853,Christina,Bailey,Christina Bailey,FEMALE,2023-12-20,Colma
16854,Seth,Adams,Seth Adams,MALE,2023-10-04,Woodland Hills
16855,Evelyn,Srini,Evelyn Srini,FEMALE,2023-10-16,Cliffside
16856,Erin,Rivera,Erin Rivera,FEMALE,2023-08-28,Bremerton
16857,Lawrence,Munoz,Lawrence Munoz,MALE,2023-05-04,Burien
16858,Jan,Lopez,Jan Lopez,FEMALE,2023-12-07,Everett
16859,Jack,Kumar,Jack Kumar,MALE,2023-10-17,Puyallup
16860,Haley,Rogers,Haley Rogers,FEMALE,2023-03-12,Beverly Hills
16861,Luis,Sharma,Luis Sharma,MALE,2024-01-13,Lakewood
16862,Timothy,Nelson,Timothy Nelson,MALE,2024-01-13,National City
16863,Kaitlyn,Clark,Kaitlyn Clark,FEMALE,2023-03-05,Beaverton
16864,Grace,Ramirez,Grace Ramirez,FEMALE,2023-10-26,Yakima
16865,Jordyn,Diaz,Jordyn Diaz,FEMALE,2023-10-22,Coronado
16866,Alexandra,Parker,Alexandra Parker,FEMALE,2023-10-13,Grossmont
16867,Katelyn,King,Katelyn King,FEMALE,2023-10-04,Redwood City
16868,Xavier,Jackson,Xavier Jackson,MALE,2023-10-16,Spring Valley
16869,Vanessa,Patterson,Vanessa Patterson,FEMALE,2023-10-04,Torrance
16870,Andrea,Morgan,Andrea Morgan,FEMALE,2023-02-03,Langley
16871,Anna,Clark,Anna Clark,FEMALE,2023-10-07,Santa Monica
16872,Samuel,Taylor,Samuel Taylor,MALE,2023-10-16,Redwood City
16873,Damien,Deng,Damien Deng,MALE,2023-07-23,Calgary
16874,Leslie,Munoz,Leslie Munoz,FEMALE,2023-05-16,Concord
16875,Samantha,Diaz,Samantha Diaz,FEMALE,2023-06-24,Coronado
16876,Jackson,Sharma,Jackson Sharma,MALE,2023-04-24,Langford
16877,Katelyn,Adams,Katelyn Adams,FEMALE,2023-02-15,Ballard
16878,Devin,Young,Devin Young,MALE,2023-02-23,Corvallis
16879,Morgan,Taylor,Morgan Taylor,FEMALE,2023-02-26,Milwaukie
16880,Edgar,Patel,Edgar Patel,MALE,2023-10-24,Chula Vista
16881,Ruben,Alonso,Ruben Alonso,MALE,2023-10-28,Colma
16882,Robert,Young,Robert Young,MALE,2023-10-25,Milwaukie
16883,Tyler,Davis,Tyler Davis,MALE,2024-01-05,Lakewood
16884,Richard,Miller,Richard Miller,MALE,2023-04-06,Yakima
16885,Garrett,Cook,Garrett Cook,MALE,2023-03-16,Salem
16886,Aidan,Flores,Aidan Flores,MALE,2023-02-04,Portland
16887,Cody,Rivera,Cody Rivera,MALE,2023-02-20,Lemon Grove
16888,Arianna,Hughes,Arianna Hughes,FEMALE,2023-02-08,El Cajon
16889,Daniel,Rodriguez,Daniel Rodriguez,MALE,2023-03-10,Torrance
16890,Timothy,Reed,Timothy Reed,MALE,2023-03-14,Puyallup
16891,Natalie,Gonzales,Natalie Gonzales,FEMALE,2023-11-27,National City
16892,Rebecca,Evans,Rebecca Evans,FEMALE,2023-10-25,Bellflower
16893,Isaac,Howard,Isaac Howard,MALE,2023-10-17,Walla Walla
16894,Abigail,Walker,Abigail Walker,FEMALE,2023-03-07,Salem
16895,Chloe,Gonzales,Chloe Gonzales,FEMALE,2023-03-19,Lemon Grove
16896,Natalie,Perez,Natalie Perez,FEMALE,2023-03-16,El Cajon
16897,Lauren,Torres,Lauren Torres,FEMALE,2023-03-01,Los Angeles
16898,Angel,Reed,Angel Reed,MALE,2023-03-26,West Covina
16899,Whitney,Sanchez,Whitney Sanchez,FEMALE,2023-06-16,Burien
16900,Miguel,Jones,Miguel Jones,MALE,2023-08-17,San Diego
16901,Ricky,Munoz,Ricky Munoz,MALE,2023-09-25,Concord
16902,Shawn,She,Shawn She,MALE,2023-05-23,Burnaby
16903,Ian,Wright,Ian Wright,MALE,2023-11-12,Santa Cruz
16904,Arianna,Bailey,Arianna Bailey,FEMALE,2023-10-10,Grossmont
16905,Janet,Stewart,Janet Stewart,FEMALE,2023-08-03,Imperial Beach
16906,Brittany,Flores,Brittany Flores,FEMALE,2023-08-10,Oak Bay
16907,Sarah,Hall,Sarah Hall,FEMALE,2023-10-25,National City
16908,Kristi,Patel,Kristi Patel,FEMALE,2023-10-06,Burien
16909,Chloe,Walker,Chloe Walker,FEMALE,2023-10-27,Long Beach
16910,Ryan,Diaz,Ryan Diaz,MALE,2023-02-13,Cliffside
16911,Caleb,Patterson,Caleb Patterson,MALE,2023-09-11,Everett
16912,Dalton,Patterson,Dalton Patterson,MALE,2023-11-26,Olympia
16913,Marcus,Flores,Marcus Flores,MALE,2023-08-23,Salem
16914,Alexandra,Campbell,Alexandra Campbell,FEMALE,2023-11-28,Puyallup
16915,Mason,Phillips,Mason Phillips,MALE,2023-11-28,Walla Walla
16916,Cheryl,Dominguez,Cheryl Dominguez,FEMALE,2023-11-13,Bluffton
16917,Brett,Subram,Brett Subram,MALE,2023-12-09,Beverly Hills
16918,Alexandria,Cox,Alexandria Cox,FEMALE,2024-01-16,Tacoma
16919,Kaitlin,Sullivan,Kaitlin Sullivan,FEMALE,2023-04-18,Rhodes
16920,Eduardo,Stewart,Eduardo Stewart,MALE,2023-03-24,Torrance
16921,Edwin,Jai,Edwin Jai,MALE,2023-05-13,Calgary
16922,Emma,Jackson,Emma Jackson,FEMALE,2024-01-22,Bellingham
16923,Connor,Gonzales,Connor Gonzales,MALE,2023-12-06,Kirkland
16924,Julia,Price,Julia Price,FEMALE,2023-04-21,Concord
16925,Spencer,Patterson,Spencer Patterson,MALE,2023-04-09,Daly City
16926,Rodney,Sanz,Rodney Sanz,MALE,2023-05-13,Hawthorne
16927,Rebekah,Gonzalez,Rebekah Gonzalez,FEMALE,2023-02-17,St. Leonards
16928,Bryan,Stewart,Bryan Stewart,MALE,2021-02-17,Goulburn
16929,Savannah,Scott,Savannah Scott,FEMALE,2021-02-14,Hobart
16930,Kristen,Zhao,Kristen Zhao,FEMALE,2023-04-02,Newcastle
16931,Dalton,Lee,Dalton Lee,MALE,2021-02-18,Brisbane
16932,Adam,King,Adam King,MALE,2023-06-29,Billericay
16933,Donald,Arun,Donald Arun,MALE,2023-09-20,Billericay
16934,Michele,Vazquez,Michele Vazquez,FEMALE,2023-09-25,London
16935,Bruce,Perez,Bruce Perez,MALE,2023-07-09,Maidenhead
16936,Alice,Serventi,Alice Serventi,FEMALE,2023-02-18,Paris La Defense
16937,Craig,Rubio,Craig Rubio,MALE,2022-12-16,Croix
16938,Abigail,Williams,Abigail Williams,FEMALE,2022-05-11,Newcastle upon Tyne
16939,Bailey,Evans,Bailey Evans,FEMALE,2023-08-22,Erlangen
16940,Jenny,Zeng,Jenny Zeng,FEMALE,2022-08-12,Paderborn
16941,Amy,Yang,Amy Yang,FEMALE,2023-12-07,Sulzbach Taunus
16942,Kaitlyn,Bennett,Kaitlyn Bennett,FEMALE,2022-01-01,Bobigny
16943,Veronica,Garcia,Veronica Garcia,FEMALE,2023-07-02,Darmstadt
16944,Alejandro,Raji,Alejandro Raji,MALE,2022-08-01,Paderborn
16945,Brianna,Kelly,Brianna Kelly,FEMALE,2022-05-27,Gateshead
16946,Teresa,Diaz,Teresa Diaz,FEMALE,2022-06-01,York
16947,Savannah,Stewart,Savannah Stewart,FEMALE,2023-04-16,Santa Cruz
16948,Emma,Lee,Emma Lee,FEMALE,2023-04-04,Shawnee
16949,Luis,Flores,Luis Flores,MALE,2023-04-20,Lemon Grove
16950,Connor,Edwards,Connor Edwards,MALE,2023-04-30,Metchosin
16951,Cassidy,Bennett,Cassidy Bennett,FEMALE,2023-04-03,Everett
16952,Thomas,Martin,Thomas Martin,MALE,2023-05-29,Newton
16953,Paige,Ward,Paige Ward,FEMALE,2023-02-02,El Cajon
16954,Fernando,Davis,Fernando Davis,MALE,2024-01-12,Bellingham
16955,Nathaniel,Bradley,Nathaniel Bradley,MALE,2023-06-28,Metchosin
16956,Austin,Flores,Austin Flores,MALE,2023-04-11,Yakima
16957,Seth,Wilson,Seth Wilson,MALE,2023-12-21,Tacoma
16958,Pedro,Torres,Pedro Torres,MALE,2023-02-11,Cliffside
16959,Carson,Foster,Carson Foster,MALE,2023-03-07,Royal Oak
16960,Paige,Gray,Paige Gray,FEMALE,2023-10-01,Lebanon
16961,Faith,Perry,Faith Perry,FEMALE,2023-10-30,Colma
16962,Zachary,Coleman,Zachary Coleman,MALE,2024-01-19,Fremont
16963,Faith,Hughes,Faith Hughes,FEMALE,2023-04-02,Mill Valley
16964,Gavin,Wood,Gavin Wood,MALE,2023-02-01,Langford
16965,Kristi,Romero,Kristi Romero,FEMALE,2023-03-18,Chula Vista
16966,Amanda,Diaz,Amanda Diaz,FEMALE,2023-12-17,Lincoln Acres
16967,Noah,Hernandez,Noah Hernandez,MALE,2023-11-10,Oregon City
16968,Ian,Griffin,Ian Griffin,MALE,2023-11-18,San Diego
16969,Jackson,Turner,Jackson Turner,MALE,2023-11-17,Santa Monica
16970,Katherine,Foster,Katherine Foster,FEMALE,2023-04-12,Redmond
16971,Alexia,Bryant,Alexia Bryant,FEMALE,2023-06-25,Issaquah
16972,Lucas,Hernandez,Lucas Hernandez,MALE,2023-04-12,Lake Oswego
16973,Katherine,Collins,Katherine Collins,FEMALE,2023-04-16,Bellflower
16974,Paige,Rivera,Paige Rivera,FEMALE,2023-04-09,Burien
16975,Benjamin,Lee,Benjamin Lee,MALE,2023-09-06,Salem
16976,Sandra,Xu,Sandra Xu,FEMALE,2023-03-31,Berkeley
16977,Noah,Adams,Noah Adams,MALE,2023-05-08,El Cajon
16978,Jeremy,Rivera,Jeremy Rivera,MALE,2023-03-12,Tacoma
16979,Kaitlyn,Rogers,Kaitlyn Rogers,FEMALE,2023-11-13,Lincoln Acres
16980,Jill,Moore,Jill Moore,FEMALE,2023-04-11,Tacoma
16981,Hunter,Simmons,Hunter Simmons,MALE,2023-11-17,Lake Oswego
16982,Jillian,Lopez,Jillian Lopez,FEMALE,2023-01-28,Beverly Hills
16983,Gabriel,Collins,Gabriel Collins,MALE,2023-11-23,Woodland Hills
16984,Rodney,Moreno,Rodney Moreno,MALE,2023-05-15,Concord
16985,Adam,Li,Adam Li,MALE,2023-08-25,Oregon City
16986,Sara,Adams,Sara Adams,FEMALE,2023-07-03,Milwaukie
16987,Miguel,Clark,Miguel Clark,MALE,2023-08-13,Port Hammond
16988,Brian,Bailey,Brian Bailey,MALE,2023-12-01,Oakland
16989,Emma,Richardson,Emma Richardson,FEMALE,2023-11-26,Everett
16990,Zachary,Griffin,Zachary Griffin,MALE,2023-06-27,San Diego
16991,Brianna,Henderson,Brianna Henderson,FEMALE,2023-03-21,Edmonds
16992,Lucas,Watson,Lucas Watson,MALE,2023-03-31,Chula Vista
16993,Russell,Rai,Russell Rai,MALE,2023-06-25,Beaverton
16994,Deanna,Torres,Deanna Torres,FEMALE,2023-08-31,Concord
16995,Taylor,Hall,Taylor Hall,FEMALE,2023-06-11,Shawnee
16996,Destiny,Walker,Destiny Walker,FEMALE,2023-06-15,Royal Oak
16997,Natalie,Allen,Natalie Allen,FEMALE,2023-05-19,Santa Monica
16998,Jennifer,Lopez,Jennifer Lopez,FEMALE,2023-05-18,Bremerton
16999,Chloe,Kelly,Chloe Kelly,FEMALE,2023-05-12,West Covina
17000,Miranda,Henderson,Miranda Henderson,FEMALE,2023-11-12,Chula Vista
17001,Ashley,Moore,Ashley Moore,FEMALE,2023-11-07,Sedro Woolley
17002,Dylan,Martin,Dylan Martin,MALE,2023-11-18,Oregon City
17003,Joanna,Dominguez,Joanna Dominguez,FEMALE,2023-10-29,Berkeley
17004,Krista,Torres,Krista Torres,FEMALE,2023-11-01,Beverly Hills
17005,Priscilla,Anand,Priscilla Anand,FEMALE,2023-11-21,Chula Vista
17006,Hunter,Williams,Hunter Williams,MALE,2023-11-22,Woodburn
17007,Samuel,Hayes,Samuel Hayes,MALE,2023-11-11,Daly City
17008,Connor,Turner,Connor Turner,MALE,2023-11-15,National City
17009,Wyatt,Butler,Wyatt Butler,MALE,2023-11-08,National City
17010,Brianna,James,Brianna James,FEMALE,2023-11-15,San Gabriel
17011,Sara,Hill,Sara Hill,FEMALE,2023-05-08,Spring Valley
17012,Joan,Collins,Joan Collins,FEMALE,2023-05-25,Lakewood
17013,Gabriella,Mitchell,Gabriella Mitchell,FEMALE,2023-11-18,Salem
17014,Michael,Harris,Michael Harris,MALE,2023-02-11,Santa Cruz
17015,Kelly,Patterson,Kelly Patterson,FEMALE,2023-05-03,Tacoma
17016,Hailey,Hughes,Hailey Hughes,FEMALE,2023-02-16,San Francisco
17017,Jeremiah,Jones,Jeremiah Jones,MALE,2023-11-28,Puyallup
17018,Mandy,Guo,Mandy Guo,FEMALE,2023-05-09,Cedar Park
17019,Andrea,Hall,Andrea Hall,FEMALE,2023-11-30,Beaverton
17020,Ashley,Bryant,Ashley Bryant,FEMALE,2023-05-02,Edmonds
17021,Nicole,Reed,Nicole Reed,FEMALE,2023-05-21,La Jolla
17022,Karen,Morgan,Karen Morgan,FEMALE,2023-05-29,San Gabriel
17023,Jeremiah,Harris,Jeremiah Harris,MALE,2023-06-12,Victoria
17024,Jacqueline,Diaz,Jacqueline Diaz,FEMALE,2023-05-09,Lemon Grove
17025,Ryan,Taylor,Ryan Taylor,MALE,2023-07-15,Haney
17026,Jordan,Li,Jordan Li,MALE,2023-02-28,Port Hammond
17027,Brianna,Taylor,Brianna Taylor,FEMALE,2023-02-02,Westminster
17028,Grace,Richardson,Grace Richardson,FEMALE,2023-05-20,Renton
17029,Suzanne,Xu,Suzanne Xu,FEMALE,2023-05-27,Burbank
17030,Emily,Russell,Emily Russell,FEMALE,2023-05-06,Los Angeles
17031,Grace,Thomas,Grace Thomas,FEMALE,2023-04-09,Fremont
17032,Alexandria,Flores,Alexandria Flores,FEMALE,2023-10-13,Burbank
17033,Carson,Long,Carson Long,MALE,2023-04-13,Chula Vista
17034,Lauren,Clark,Lauren Clark,FEMALE,2023-07-28,Metchosin
17035,Jordan,Flores,Jordan Flores,MALE,2023-02-15,Yakima
17036,Savannah,Perez,Savannah Perez,FEMALE,2023-02-20,Cliffside
17037,Kenneth,Nath,Kenneth Nath,MALE,2023-09-04,Cliffside
17038,Ernest,Wang,Ernest Wang,MALE,2023-11-02,Coronado
17039,Ariana,Watson,Ariana Watson,FEMALE,2023-05-06,Long Beach
17040,Adam,Henderson,Adam Henderson,MALE,2023-05-26,Everett
17041,Connor,Perry,Connor Perry,MALE,2023-05-21,Olympia
17042,Tyler,Jackson,Tyler Jackson,MALE,2023-05-27,Tacoma
17043,Isabella,Bennett,Isabella Bennett,FEMALE,2023-05-02,Marysville
17044,Ana,Hayes,Ana Hayes,FEMALE,2023-09-14,Renton
17045,Derek,Goel,Derek Goel,MALE,2021-02-19,Melbourne
17046,Preston,Sai,Preston Sai,MALE,2021-02-21,Newcastle
17047,Kendra,Rubio,Kendra Rubio,FEMALE,2021-02-02,Caloundra
17048,Natasha,Gutierrez,Natasha Gutierrez,FEMALE,2021-02-20,Darlinghurst
17049,Krystal,Lu,Krystal Lu,FEMALE,2021-02-27,Goulburn
17050,Cristina,Xie,Cristina Xie,FEMALE,2021-02-24,South Melbourne
17051,Jessie,Ortega,Jessie Ortega,FEMALE,2021-02-03,Brisbane
17052,Rafael,Nara,Rafael Nara,MALE,2023-04-20,Darlinghurst
17053,Deanna,Raman,Deanna Raman,FEMALE,2023-05-23,South Melbourne
17054,Shawn,Raje,Shawn Raje,MALE,2023-05-28,Newcastle
17055,Willie,She,Willie She,MALE,2021-03-04,Darlinghurst
17056,Shaun,Lal,Shaun Lal,MALE,2021-03-22,Lavender Bay
17057,Tasha,Raji,Tasha Raji,FEMALE,2023-04-17,Malabar
17058,Destiny,Lee,Destiny Lee,FEMALE,2023-08-12,Hervey Bay
17059,Louis,Chen,Louis Chen,MALE,2023-06-11,Port Macquarie
17060,Gerald,Sanz,Gerald Sanz,MALE,2023-07-14,Brisbane
17061,Brandi,Alonso,Brandi Alonso,FEMALE,2023-07-13,Silverwater
17062,Christy,Lu,Christy Lu,FEMALE,2023-01-29,Goulburn
17063,Jaclyn,Wang,Jaclyn Wang,FEMALE,2023-02-21,Silverwater
17064,Stephanie,Gray,Stephanie Gray,FEMALE,2021-03-14,Port Macquarie
17065,Cedric,Chen,Cedric Chen,MALE,2021-03-06,Gold Coast
17066,Lori,Serrano,Lori Serrano,FEMALE,2023-08-05,Rockhampton
17067,Adrienne,Alvarez,Adrienne Alvarez,FEMALE,2023-08-26,Sunbury
17068,Thomas,Smith,Thomas Smith,MALE,2023-06-29,Hervey Bay
17069,Christy,Zheng,Christy Zheng,FEMALE,2021-03-12,Port Macquarie
17070,Margaret,Huang,Margaret Huang,FEMALE,2023-02-12,Sydney
17071,Tammy,Raji,Tammy Raji,FEMALE,2021-03-02,North Sydney
17072,Kaitlin,Kapoor,Kaitlin Kapoor,FEMALE,2023-10-21,Lavender Bay
17073,Jonathon,Carlson,Jonathon Carlson,MALE,2023-08-03,Hobart
17074,Ruben,Malhotra,Ruben Malhotra,MALE,2023-01-30,Seaford
17075,Aimee,Guo,Aimee Guo,FEMALE,2023-08-18,Coffs Harbour
17076,Neil,Serrano,Neil Serrano,MALE,2023-08-10,Cranbourne
17077,Ronald,Raman,Ronald Raman,MALE,2023-03-02,Lane Cove
17078,Jenny,Zhu,Jenny Zhu,FEMALE,2023-02-04,Darlinghurst
17079,Tracy,Rai,Tracy Rai,FEMALE,2021-03-22,Sunbury
17080,Katelyn,Peterson,Katelyn Peterson,FEMALE,2022-01-26,Versailles
17081,Jennifer,Murphy,Jennifer Murphy,FEMALE,2023-07-07,Lille
17082,Morgan,Smith,Morgan Smith,FEMALE,2022-08-18,Hamburg
17083,Priscilla,Raje,Priscilla Raje,FEMALE,2023-03-27,Paderborn
17084,Byron,Serrano,Byron Serrano,MALE,2023-10-08,Lille
17085,Edwin,Deng,Edwin Deng,MALE,2022-06-13,Stoke-on-Trent
17086,Xavier,Anderson,Xavier Anderson,MALE,2022-08-14,Bottrop
17087,Jésus,Dominguez,Jésus Dominguez,MALE,2023-07-20,London
17088,Wayne,Yuan,Wayne Yuan,MALE,2023-07-20,Paris
17089,Crystal,Zhu,Crystal Zhu,FEMALE,2023-06-08,Hamburg
17090,Leslie,Alvarez,Leslie Alvarez,FEMALE,2023-10-15,Bonn
17091,Tammy,Patel,Tammy Patel,FEMALE,2023-12-19,Duesseldorf
17092,Devon,Beck,Devon Beck,MALE,2023-02-09,Berlin
17093,Seth,Sanchez,Seth Sanchez,MALE,2022-08-21,Paderborn
17094,Julio,Dominguez,Julio Dominguez,MALE,2022-06-22,London
17095,Logan,Garcia,Logan Garcia,MALE,2022-01-03,Versailles
17096,Samantha,Bennett,Samantha Bennett,FEMALE,2022-08-24,Hof
17097,Deanna,Kapoor,Deanna Kapoor,FEMALE,2022-06-05,Watford
17098,Willie,Shan,Willie Shan,MALE,2022-06-05,Wokingham
17099,Joel,Fernandez,Joel Fernandez,MALE,2022-02-22,Sèvres
17100,Vincent,Wang,Vincent Wang,MALE,2023-09-23,Paderborn
17101,Shannon,Gutierrez,Shannon Gutierrez,MALE,2023-03-19,London
17102,Andres,Goel,Andres Goel,MALE,2023-03-12,Sulzbach Taunus
17103,Franklin,Xu,Franklin Xu,MALE,2022-08-13,Berlin
17104,Clifford,Rodriguez,Clifford Rodriguez,MALE,2023-03-29,München
17105,Madison,Walker,Madison Walker,FEMALE,2023-02-09,Runcorn
17106,Gina,Jiménez,Gina Jiménez,FEMALE,2023-10-03,Pantin
17107,Priscilla,Yuan,Priscilla Yuan,FEMALE,2022-08-24,Werne
17108,Susan,Xu,Susan Xu,FEMALE,2023-09-04,Verrieres Le Buisson
17109,Sydney,Wilson,Sydney Wilson,FEMALE,2022-03-28,Versailles
17110,Meredith,Garcia,Meredith Garcia,FEMALE,2023-03-31,Oxon
17111,Jenny,Chande,Jenny Chande,FEMALE,2023-02-23,Berlin
17112,Janet,Jimenez,Janet Jimenez,FEMALE,2023-07-18,Gateshead
17113,Clarence,Pal,Clarence Pal,MALE,2023-08-19,Offenbach
17114,Jarrod,Mehta,Jarrod Mehta,MALE,2022-08-21,Sulzbach Taunus
17115,Karen,Xu,Karen Xu,FEMALE,2022-06-27,Esher-Molesey
17116,Alison,Nath,Alison Nath,FEMALE,2023-07-10,Cliffside
17117,Lydia,Prasad,Lydia Prasad,FEMALE,2023-11-09,Colma
17118,Sara,Blue,Sara Blue,FEMALE,2023-05-23,Bremerton
17119,Isabella,Harris,Isabella Harris,FEMALE,2023-02-24,Shawnee
17120,Michele,Raje,Michele Raje,FEMALE,2023-05-22,Clay
17121,Lucas,Bryant,Lucas Bryant,MALE,2023-05-28,Seattle
17122,Gabrielle,Gonzalez,Gabrielle Gonzalez,FEMALE,2023-04-05,Bellflower
17123,Pedro,Romero,Pedro Romero,MALE,2023-06-16,Colma
17124,Kaitlin,Madan,Kaitlin Madan,FEMALE,2023-06-13,Burien
17125,Paige,Rogers,Paige Rogers,FEMALE,2023-10-08,Victoria
17126,Natalie,Perry,Natalie Perry,FEMALE,2023-08-14,Shawnee
17127,Makayla,Gray,Makayla Gray,FEMALE,2023-05-22,Puyallup
17128,Fernando,Alexander,Fernando Alexander,MALE,2023-05-22,Torrance
17129,Gabrielle,Powell,Gabrielle Powell,FEMALE,2023-05-23,Coronado
17130,Janet,Turner,Janet Turner,FEMALE,2023-03-05,National City
17131,Lauren,Henderson,Lauren Henderson,FEMALE,2023-12-10,Seattle
17132,Isabella,James,Isabella James,FEMALE,2023-12-05,Tacoma
17133,Lucas,Kelly,Lucas Kelly,MALE,2023-11-02,Marysville
17134,Tabitha,Mehta,Tabitha Mehta,FEMALE,2023-11-13,Bellingham
17135,Richard,Edwards,Richard Edwards,MALE,2023-11-20,Woodburn
17136,Glenn,Ye,Glenn Ye,MALE,2023-11-06,Beaverton
17137,Jason,Washington,Jason Washington,MALE,2023-02-21,Issaquah
17138,Melanie,Jenkins,Melanie Jenkins,FEMALE,2023-03-23,El Cajon
17139,Jade,Rivera,Jade Rivera,FEMALE,2023-11-07,San Carlos
17140,Sean,Peterson,Sean Peterson,MALE,2023-11-17,Redmond
17141,Makayla,Rogers,Makayla Rogers,FEMALE,2023-11-28,Salem
17142,Seth,Flores,Seth Flores,MALE,2023-05-26,Glendale
17143,David,Ross,David Ross,MALE,2023-07-06,Oak Bay
17144,Luis,Griffin,Luis Griffin,MALE,2023-05-27,Burien
17145,Sarah,Bennett,Sarah Bennett,FEMALE,2023-11-13,Concord
17146,Juan,Cook,Juan Cook,MALE,2023-11-05,Glendale
17147,Jennifer,Nelson,Jennifer Nelson,FEMALE,2023-08-04,Langley
17148,Hailey,Henderson,Hailey Henderson,FEMALE,2023-08-26,Oak Bay
17149,Steven,Richardson,Steven Richardson,MALE,2023-06-10,Marysville
17150,Wyatt,Wright,Wyatt Wright,MALE,2023-06-18,Milwaukie
17151,Jasmine,Alexander,Jasmine Alexander,FEMALE,2024-01-28,Puyallup
17152,Jack,Wang,Jack Wang,MALE,2023-08-01,Woodburn
17153,Devin,Butler,Devin Butler,MALE,2023-06-17,Burbank
17154,Geoffrey,Martinez,Geoffrey Martinez,MALE,2023-06-15,Burbank
17155,Samuel,Lewis,Samuel Lewis,MALE,2023-08-02,El Cajon
17156,Hailey,Gonzales,Hailey Gonzales,FEMALE,2023-11-06,Novato
17157,Wyatt,Johnson,Wyatt Johnson,MALE,2023-10-29,Woodland Hills
17158,Mitchell,Nara,Mitchell Nara,MALE,2023-03-22,Bellingham
17159,Kellie,Ruiz,Kellie Ruiz,FEMALE,2023-06-05,Bellingham
17160,Louis,Andersen,Louis Andersen,MALE,2023-11-12,Bremerton
17161,Katherine,Lopez,Katherine Lopez,FEMALE,2023-03-27,Kirkland
17162,Rachel,Blue,Rachel Blue,FEMALE,2023-05-01,Milwaukie
17163,Edward,Adams,Edward Adams,MALE,2023-06-27,Berkeley
17164,Ryan,Clark,Ryan Clark,MALE,2023-11-15,Burlingame
17165,Isaac,Gonzalez,Isaac Gonzalez,MALE,2023-02-13,Lakewood
17166,Joshua,Several,Joshua Several,MALE,2023-10-26,Beaverton
17167,Thomas,Jenkins,Thomas Jenkins,MALE,2023-06-16,Bremerton
17168,Jada,Perez,Jada Perez,FEMALE,2023-06-09,Port Orchard
17169,Emily,Taylor,Emily Taylor,FEMALE,2023-03-19,Burlingame
17170,Jasmine,James,Jasmine James,FEMALE,2023-04-14,Fremont
17171,Katherine,Clark,Katherine Clark,FEMALE,2023-11-03,Spring Valley
17172,Jesse,Adams,Jesse Adams,MALE,2023-08-07,Lemon Grove
17173,David,Bryant,David Bryant,MALE,2023-11-12,Berkeley
17174,Angelica,Wood,Angelica Wood,FEMALE,2023-06-18,Coronado
17175,Amanda,Roberts,Amanda Roberts,FEMALE,2023-09-09,Sooke
17176,Isaac,Ward,Isaac Ward,MALE,2023-11-05,Coronado
17177,Richard,Hayes,Richard Hayes,MALE,2023-06-24,Lincoln Acres
17178,Trisha,Liang,Trisha Liang,FEMALE,2023-12-16,Beverly Hills
17179,James,Henderson,James Henderson,MALE,2023-07-16,El Cajon
17180,Timothy,Rogers,Timothy Rogers,MALE,2023-11-10,Issaquah
17181,Jenny,Lal,Jenny Lal,FEMALE,2022-08-27,Stuttgart
17182,Jessica,Patterson,Jessica Patterson,FEMALE,2022-05-31,York
17183,Shane,Sanchez,Shane Sanchez,MALE,2022-08-17,Duesseldorf
17184,Eddie,Dominguez,Eddie Dominguez,MALE,2022-08-24,Saarbrücken
17185,Karla,Anand,Karla Anand,FEMALE,2022-06-20,York
17186,Isaac,Evans,Isaac Evans,MALE,2023-06-19,Billericay
17187,Alejandro,Ma,Alejandro Ma,MALE,2022-03-22,Orleans
17188,Alexa,Peterson,Alexa Peterson,FEMALE,2022-03-21,Versailles
17189,Clarence,Goel,Clarence Goel,MALE,2023-03-09,Berlin
17190,Ebony,Rana,Ebony Rana,FEMALE,2024-01-14,Kiel
17191,Gilbert,Guo,Gilbert Guo,MALE,2022-08-05,München
17192,Warren,He,Warren He,MALE,2022-06-20,Newcastle upon Tyne
17193,Haley,Brooks,Haley Brooks,FEMALE,2023-03-13,Peterborough
17194,Wyatt,Thompson,Wyatt Thompson,MALE,2023-07-23,Werne
17195,Franklin,Sharma,Franklin Sharma,MALE,2022-04-02,Colombes
17196,Douglas,Fernandez,Douglas Fernandez,MALE,2022-04-28,Paris
17197,Mindy,Nara,Mindy Nara,FEMALE,2023-12-25,Darmstadt
17198,Cheryl,Jiménez,Cheryl Jiménez,FEMALE,2022-09-24,Hamburg
17199,Dennis,Zhou,Dennis Zhou,MALE,2022-09-10,Berlin
17200,Russell,She,Russell She,MALE,2023-04-24,Dresden
17201,Vincent,Yang,Vincent Yang,MALE,2023-12-24,Frankfurt am Main
17202,Deanna,Martinez,Deanna Martinez,FEMALE,2022-06-29,Kirkby
17203,Christine,Raje,Christine Raje,FEMALE,2022-06-10,Newcastle upon Tyne
17204,Evelyn,Martinez,Evelyn Martinez,FEMALE,2023-05-10,Oxford
17205,Lisa,Wang,Lisa Wang,FEMALE,2023-09-16,Wokingham
17206,Spencer,Gonzales,Spencer Gonzales,MALE,2022-04-21,Tremblay-en-France
17207,Ian,Torres,Ian Torres,MALE,2022-06-15,York
17208,Jacob,Miller,Jacob Miller,MALE,2023-07-19,Ingolstadt
17209,Jacqueline,James,Jacqueline James,FEMALE,2022-09-24,Hof
17210,Karl,Deng,Karl Deng,MALE,2024-01-12,Paderborn
17211,Virginia,Rodriguez,Virginia Rodriguez,FEMALE,2023-02-14,Metz
17212,Jacqueline,Coleman,Jacqueline Coleman,FEMALE,2023-11-27,Villeneuve-d'Ascq
17213,Calvin,Goel,Calvin Goel,MALE,2023-06-19,Berks
17214,Damien,Liu,Damien Liu,MALE,2022-06-06,London
17215,Juan,Bell,Juan Bell,MALE,2023-09-08,Hamburg
17216,Kathleen,Ramos,Kathleen Ramos,FEMALE,2022-04-24,Roubaix
17217,Raquel,Gill,Raquel Gill,FEMALE,2023-04-27,Berlin
17218,Craig,Carlson,Craig Carlson,MALE,2022-06-13,Bracknell
17219,Kelsey,Sharma,Kelsey Sharma,FEMALE,2023-08-27,Colombes
17220,Glenn,Wang,Glenn Wang,MALE,2022-09-01,Berlin
17221,Ricky,Navarro,Ricky Navarro,MALE,2022-09-03,Bonn
17222,Carolyn,Serrano,Carolyn Serrano,FEMALE,2023-07-14,Boulogne-Billancourt
17223,Francis,Torres,Francis Torres,MALE,2023-08-31,Pantin
17224,Mandy,Li,Mandy Li,FEMALE,2023-05-18,Saarlouis
17225,Lawrence,Dominguez,Lawrence Dominguez,MALE,2022-06-05,Watford
17226,Gilbert,McDonald,Gilbert McDonald,MALE,2023-04-20,Liverpool
17227,Erika,Gutierrez,Erika Gutierrez,FEMALE,2023-04-29,Melbourne
17228,Krystal,Zimmerman,Krystal Zimmerman,FEMALE,2023-07-28,Bendigo
17229,Maria,Watson,Maria Watson,FEMALE,2021-03-08,Townsville
17230,Lance,Suarez,Lance Suarez,MALE,2023-03-25,Gold Coast
17231,Tina,Garcia,Tina Garcia,FEMALE,2023-06-11,Cloverdale
17232,Walter,Jimenez,Walter Jimenez,MALE,2021-03-26,Sydney
17233,Michele,Raman,Michele Raman,FEMALE,2021-03-24,Bendigo
17234,Anna,Jenkins,Anna Jenkins,FEMALE,2023-05-24,Cranbourne
17235,Joshua,Jackson,Joshua Jackson,MALE,2023-06-06,Geelong
17236,Harold,Chandra,Harold Chandra,MALE,2023-07-14,Silverwater
17237,Bridget,Shen,Bridget Shen,FEMALE,2023-03-07,Rockhampton
17238,Jordan,Patterson,Jordan Patterson,MALE,2023-02-12,Geelong
17239,Desiree,Romero,Desiree Romero,FEMALE,2023-09-13,Cranbourne
17240,Dustin,Luo,Dustin Luo,MALE,2021-03-24,North Sydney
17241,Omar,Chander,Omar Chander,MALE,2021-03-21,Rockhampton
17242,Dale,Chande,Dale Chande,MALE,2021-03-03,Townsville
17243,Miranda,Flores,Miranda Flores,FEMALE,2023-02-19,Brisbane
17244,Kellie,Dominguez,Kellie Dominguez,FEMALE,2023-04-21,Findon
17245,Regina,Mehta,Regina Mehta,FEMALE,2023-06-02,Malabar
17246,Micah,Wu,Micah Wu,MALE,2021-03-08,Coffs Harbour
17247,Michael,Moore,Michael Moore,MALE,2021-03-10,Sydney
17248,Alicia,Beck,Alicia Beck,FEMALE,2021-03-13,Perth
17249,Carl,Goel,Carl Goel,MALE,2021-03-14,St. Leonards
17250,Alicia,She,Alicia She,FEMALE,2023-07-03,Sunbury
17251,Tonya,Nara,Tonya Nara,FEMALE,2023-02-07,Milsons Point
17252,Colleen,Zhu,Colleen Zhu,FEMALE,2023-06-30,Geelong
17253,Roy,Suri,Roy Suri,MALE,2023-04-05,Port Macquarie
17254,Margaret,Liang,Margaret Liang,FEMALE,2023-02-20,North Ryde
17255,Carly,Nath,Carly Nath,FEMALE,2021-03-19,Lavender Bay
17256,Noah,Flores,Noah Flores,MALE,2021-03-30,Hobart
17257,Darren,Rana,Darren Rana,MALE,2021-03-17,Melton
17258,Fernando,Green,Fernando Green,MALE,2021-03-19,Melbourne
17259,Trisha,Wang,Trisha Wang,FEMALE,2021-03-15,Wollongong
17260,Sean,King,Sean King,MALE,2023-03-20,Lebanon
17261,Kyle,Shan,Kyle Shan,MALE,2023-06-19,Yakima
17262,Kristy,Martin,Kristy Martin,FEMALE,2023-05-30,Bellflower
17263,Julia,Flores,Julia Flores,FEMALE,2023-08-17,N. Vancouver
17264,Ian,Smith,Ian Smith,MALE,2023-11-21,Port Orchard
17265,Grace,Flores,Grace Flores,FEMALE,2023-09-02,Imperial Beach
17266,Elijah,Hall,Elijah Hall,MALE,2023-09-18,Sedro Woolley
17267,Abigail,Stewart,Abigail Stewart,FEMALE,2023-11-09,Oakland
17268,Alyssa,Hughes,Alyssa Hughes,FEMALE,2023-11-18,Burien
17269,Kevin,Russell,Kevin Russell,MALE,2023-06-02,Olympia
17270,Jack,Parker,Jack Parker,MALE,2023-06-24,Palo Alto
17271,Sarah,Griffin,Sarah Griffin,FEMALE,2023-06-10,Spokane
17272,Mary,Hernandez,Mary Hernandez,FEMALE,2023-06-16,Corvallis
17273,Jonathon,Torres,Jonathon Torres,MALE,2023-12-10,Beaverton
17274,Arturo,Lu,Arturo Lu,MALE,2023-05-07,Bremerton
17275,Ian,Sanders,Ian Sanders,MALE,2023-03-10,Daly City
17276,Elijah,Jenkins,Elijah Jenkins,MALE,2023-01-31,Marysville
17277,Nichole,Goel,Nichole Goel,FEMALE,2021-03-30,North Ryde
17278,Isabella,Price,Isabella Price,FEMALE,2021-03-23,Port Macquarie
17279,Tanya,Alvarez,Tanya Alvarez,FEMALE,2021-03-27,Goulburn
17280,Deanna,Mehta,Deanna Mehta,FEMALE,2021-03-10,Rhodes
17281,Francis,Vazquez,Francis Vazquez,MALE,2023-09-02,Hervey Bay
17282,Alyssa,Alexander,Alyssa Alexander,FEMALE,2023-09-09,Cranbourne
17283,Henry,Madan,Henry Madan,MALE,2023-07-15,St. Leonards
17284,Gerald,Martin,Gerald Martin,MALE,2023-02-05,Coffs Harbour
17285,Clayton,Deng,Clayton Deng,MALE,2021-03-16,Newcastle
17286,Randall,Rubio,Randall Rubio,MALE,2021-03-27,Cranbourne
17287,Billy,Suarez,Billy Suarez,MALE,2023-06-13,Hawthorne
17288,Dwayne,Torres,Dwayne Torres,MALE,2021-03-30,Port Macquarie
17289,Mallory,Diaz,Mallory Diaz,FEMALE,2023-04-15,Hobart
17290,Jenny,Becker,Jenny Becker,FEMALE,2023-05-03,Hawthorne
17291,Jorge,Huang,Jorge Huang,MALE,2023-02-04,Rockhampton
17292,Kellie,Gill,Kellie Gill,FEMALE,2023-06-18,Wollongong
17293,Alexandra,Allen,Alexandra Allen,FEMALE,2021-03-30,Warrnambool
17294,Ruth,Arun,Ruth Arun,FEMALE,2021-03-09,Gold Coast
17295,Victor,Sanz,Victor Sanz,MALE,2021-03-14,St. Leonards
17296,Joanna,Johnston,Joanna Johnston,FEMALE,2023-08-27,Melton
17297,Tommy,Kumar,Tommy Kumar,MALE,2023-03-07,Matraville
17298,Lucas,Peterson,Lucas Peterson,MALE,2023-06-29,Melton
17299,Jaclyn,Ferrier,Jaclyn Ferrier,FEMALE,2021-03-09,Geelong
17300,Ivan,Sai,Ivan Sai,MALE,2023-05-26,Geelong
17301,Nicolas,Raji,Nicolas Raji,MALE,2023-09-24,North Sydney
17302,Ruth,Vance,Ruth Vance,FEMALE,2023-02-19,Springwood
17303,Terrence,Tang,Terrence Tang,MALE,2023-08-18,Darlinghurst
17304,Haley,Campbell,Haley Campbell,FEMALE,2023-09-18,Gold Coast
17305,Neil,Torres,Neil Torres,MALE,2023-01-30,Malabar
17306,Edgar,Prasad,Edgar Prasad,MALE,2023-03-20,Sunbury
17307,Warren,Chande,Warren Chande,MALE,2023-02-22,Matraville
17308,Deborah,Kumar,Deborah Kumar,FEMALE,2021-03-06,Cranbourne
17309,Amy,Ma,Amy Ma,FEMALE,2021-03-02,South Melbourne
17310,Alejandro,Wang,Alejandro Wang,MALE,2021-03-02,Seaford
17311,Kimberly,Reed,Kimberly Reed,FEMALE,2023-11-23,Melton
17312,Mayra,Kovar,Mayra Kovar,FEMALE,2021-03-15,Rockhampton
17313,Raquel,Alonso,Raquel Alonso,FEMALE,2023-06-17,St. Leonards
17314,Lisa,Guo,Lisa Guo,FEMALE,2023-11-13,Wollongong
17315,Carolyn,Munoz,Carolyn Munoz,FEMALE,2021-03-03,Springwood
17316,Marvin,Serrano,Marvin Serrano,MALE,2023-11-04,Lane Cove
17317,Stacey,Zeng,Stacey Zeng,FEMALE,2023-08-12,Caloundra
17318,Tiffany,Zhang,Tiffany Zhang,FEMALE,2023-04-01,Lavender Bay
17319,Brianna,Johnson,Brianna Johnson,FEMALE,2023-09-17,Coffs Harbour
17320,Alan,Zhu,Alan Zhu,MALE,2021-03-02,Darlinghurst
17321,Kate,Kumar,Kate Kumar,FEMALE,2023-10-13,Hawthorne
17322,Derek,Beck,Derek Beck,MALE,2023-05-11,Springwood
17323,Rafael,Jai,Rafael Jai,MALE,2023-03-22,Bendigo
17324,Tonya,Xu,Tonya Xu,FEMALE,2023-08-24,Cranbourne
17325,Paige,Henderson,Paige Henderson,FEMALE,2023-03-29,Brisbane
17326,Paul,Shakespear,Paul Shakespear,FEMALE,2021-03-30,Caloundra
17327,Jamie,Zhou,Jamie Zhou,FEMALE,2023-07-13,Cloverdale
17328,Michelle,Cox,Michelle Cox,FEMALE,2021-03-01,Warrnambool
17329,Jasmine,Wilson,Jasmine Wilson,FEMALE,2021-03-23,Coffs Harbour
17330,Latoya,Becker,Latoya Becker,FEMALE,2023-06-18,Milsons Point
17331,Keith,Stone,Keith Stone,MALE,2023-06-07,South Melbourne
17332,Jonathan,Green,Jonathan Green,MALE,2021-03-18,Goulburn
17333,Misty,Chander,Misty Chander,FEMALE,2023-07-29,Warrnambool
17334,Luis,Lopez,Luis Lopez,MALE,2021-03-21,Geelong
17335,Miguel,Gonzales,Miguel Gonzales,MALE,2023-04-23,Bellflower
17336,Chase,Sanchez,Chase Sanchez,MALE,2023-02-25,Coronado
17337,Marcus,Davis,Marcus Davis,MALE,2023-03-07,Westminster
17338,Jordyn,Long,Jordyn Long,FEMALE,2023-08-22,Royal Oak
17339,Ian,Hayes,Ian Hayes,MALE,2023-04-10,Beaverton
17340,Joy,Hernandez,Joy Hernandez,FEMALE,2023-11-10,Beaverton
17341,Andy,Alonso,Andy Alonso,MALE,2023-09-04,Bellingham
17342,William,Jones,William Jones,MALE,2023-04-04,Everett
17343,Tristan,Price,Tristan Price,MALE,2023-05-20,Yakima
17344,Timothy,Kelly,Timothy Kelly,MALE,2023-10-12,Novato
17345,Jeremiah,Martin,Jeremiah Martin,MALE,2023-09-02,Port Hammond
17346,Edgar,Lopez,Edgar Lopez,MALE,2023-05-18,Brisbane
17347,Sara,Stewart,Sara Stewart,FEMALE,2023-06-03,Metchosin
17348,Ariana,Cooper,Ariana Cooper,FEMALE,2023-05-14,Haney
17349,Cassie,Kennedy,Cassie Kennedy,FEMALE,2023-10-17,Ballard
17350,Ebony,Dominguez,Ebony Dominguez,FEMALE,2023-02-27,Rhodes
17351,Terrence,Sharma,Terrence Sharma,MALE,2021-03-18,Geelong
17352,Drew,Goel,Drew Goel,MALE,2021-04-17,Perth
17353,Bruce,Navarro,Bruce Navarro,MALE,2021-04-11,South Melbourne
17354,Ivan,Garcia,Ivan Garcia,MALE,2021-04-04,Sunbury
17355,Shaun,Black,Shaun Black,MALE,2023-05-15,East Brisbane
17356,Mary,Evans,Mary Evans,FEMALE,2024-01-11,Lake Oswego
17357,Brandon,Miller,Brandon Miller,MALE,2023-04-27,Olympia
17358,Sydney,Bell,Sydney Bell,FEMALE,2023-06-14,West Covina
17359,María,Flores,María Flores,FEMALE,2023-03-05,Seattle
17360,Kyle,Lal,Kyle Lal,MALE,2023-05-27,Port Hammond
17361,Blake,Harris,Blake Harris,MALE,2023-06-06,Bellingham
17362,Miguel,Collins,Miguel Collins,MALE,2023-11-24,Olympia
17363,Benjamin,Harris,Benjamin Harris,MALE,2023-11-15,Imperial Beach
17364,Ian,Perry,Ian Perry,MALE,2023-11-18,Lakewood
17365,Thomas,Patterson,Thomas Patterson,MALE,2023-11-12,Kirkland
17366,Devin,Harris,Devin Harris,MALE,2023-03-15,Fremont
17367,Trinity,Cooper,Trinity Cooper,FEMALE,2023-04-08,Milwaukie
17368,Alisha,Xie,Alisha Xie,FEMALE,2023-02-08,Bellingham
17369,Ethan,Brown,Ethan Brown,MALE,2023-02-11,Lincoln Acres
17370,Edwin,Chander,Edwin Chander,MALE,2021-04-22,Wollongong
17371,Kaylee,Reed,Kaylee Reed,FEMALE,2023-07-05,Cliffside
17372,Sarah,Long,Sarah Long,FEMALE,2023-09-12,Langley
17373,Ryan,Gonzales,Ryan Gonzales,MALE,2023-09-18,Metchosin
17374,Jason,Diaz,Jason Diaz,MALE,2023-01-29,Vancouver
17375,Sheila,Gill,Sheila Gill,FEMALE,2023-05-05,Matraville
17376,Jaclyn,She,Jaclyn She,FEMALE,2023-06-08,Burien
17377,Isabel,Wood,Isabel Wood,FEMALE,2023-09-27,Lake Oswego
17378,Zachary,Foster,Zachary Foster,MALE,2024-01-17,Lebanon
17379,Alexandra,Morgan,Alexandra Morgan,FEMALE,2023-03-07,Portland
17380,Nathan,Adams,Nathan Adams,MALE,2023-03-12,Berkeley
17381,Krystal,Guo,Krystal Guo,FEMALE,2023-02-12,Gold Coast
17382,Blake,Allen,Blake Allen,MALE,2023-10-19,Oakland
17383,Craig,Ortega,Craig Ortega,MALE,2023-09-17,Beaverton
17384,Raymond,Prasad,Raymond Prasad,MALE,2023-06-13,Burlingame
17385,Grace,Martinez,Grace Martinez,FEMALE,2023-02-19,Sooke
17386,Alexandra,Scott,Alexandra Scott,FEMALE,2023-06-13,Woodburn
17387,Aidan,Alexander,Aidan Alexander,MALE,2023-02-21,Metchosin
17388,Garrett,Ramirez,Garrett Ramirez,MALE,2023-09-03,N. Vancouver
17389,Abigail,Butler,Abigail Butler,FEMALE,2023-06-05,Burien
17390,Blake,Lewis,Blake Lewis,MALE,2023-05-08,Milwaukie
17391,Angela,Bennett,Angela Bennett,FEMALE,2024-01-25,Seattle
17392,Dylan,Jones,Dylan Jones,MALE,2023-04-03,Sedro Woolley
17393,Jordan,Sharma,Jordan Sharma,MALE,2023-11-15,Berkeley
17394,Veronica,Mehta,Veronica Mehta,FEMALE,2023-10-21,Colma
17395,Katherine,Ramirez,Katherine Ramirez,FEMALE,2023-08-25,Glendale
17396,Eduardo,Rodriguez,Eduardo Rodriguez,MALE,2023-06-30,Imperial Beach
17397,Alexandra,Cook,Alexandra Cook,FEMALE,2023-05-27,Lakewood
17398,Kaylee,Lopez,Kaylee Lopez,FEMALE,2023-11-02,Oakland
17399,Ian,Sanchez,Ian Sanchez,MALE,2023-10-31,Palo Alto
17400,Emily,Wilson,Emily Wilson,FEMALE,2023-09-11,N. Vancouver
17401,Noah,Wright,Noah Wright,MALE,2023-11-26,Salem
17402,Bryce,Rogers,Bryce Rogers,MALE,2023-09-19,Langford
17403,Greg,White,Greg White,MALE,2023-08-29,Newton
17404,Gabriella,Baker,Gabriella Baker,FEMALE,2023-09-24,Port Hammond
17405,Tamara,Wu,Tamara Wu,FEMALE,2023-06-20,Bremerton
17406,Mariah,Flores,Mariah Flores,FEMALE,2023-10-04,Woodburn
17407,Elizabeth,Bryant,Elizabeth Bryant,FEMALE,2023-05-08,Daly City
17408,Thomas,Miller,Thomas Miller,MALE,2023-08-24,Mill Valley
17409,Christina,James,Christina James,FEMALE,2023-07-31,Langley
17410,Morgan,Lewis,Morgan Lewis,FEMALE,2023-07-11,Victoria
17411,Jennifer,Brooks,Jennifer Brooks,FEMALE,2023-08-20,Westminster
17412,Kaylee,Carter,Kaylee Carter,FEMALE,2023-11-13,Salem
17413,Hailey,Ramirez,Hailey Ramirez,FEMALE,2023-11-13,Tacoma
17414,Nicholas,Garcia,Nicholas Garcia,MALE,2023-11-09,Walla Walla
17415,Dawn,Beck,Dawn Beck,FEMALE,2023-10-29,Berkeley
17416,Raymond,Suri,Raymond Suri,MALE,2023-10-29,Berkeley
17417,Lee,Munoz,Lee Munoz,MALE,2023-11-23,Beverly Hills
17418,Victoria,Ramirez,Victoria Ramirez,FEMALE,2023-05-03,Burlingame
17419,Brianna,Reed,Brianna Reed,FEMALE,2023-03-07,Chula Vista
17420,Thomas,Hughes,Thomas Hughes,MALE,2023-11-22,San Diego
17421,Katherine,Henderson,Katherine Henderson,FEMALE,2023-11-22,Spring Valley
17422,Hunter,Campbell,Hunter Campbell,MALE,2023-07-15,Metchosin
17423,Arianna,Alexander,Arianna Alexander,FEMALE,2023-11-13,Marysville
17424,Spencer,Long,Spencer Long,MALE,2023-11-17,Oregon City
17425,Austin,Washington,Austin Washington,MALE,2023-11-13,Salem
17426,Donna,Shan,Donna Shan,FEMALE,2023-06-24,Berkeley
17427,Adam,Russell,Adam Russell,MALE,2023-11-24,Glendale
17428,Xavier,Perez,Xavier Perez,MALE,2023-05-31,San Carlos
17429,Wyatt,Carter,Wyatt Carter,MALE,2023-11-30,Beaverton
17430,Edward,King,Edward King,MALE,2023-05-22,Bellingham
17431,Grace,Kelly,Grace Kelly,FEMALE,2023-03-17,Corvallis
17432,Mariah,Peterson,Mariah Peterson,FEMALE,2023-07-11,Portland
17433,Cameron,Lee,Cameron Lee,MALE,2023-11-12,Yakima
17434,Alyssa,Russell,Alyssa Russell,FEMALE,2023-06-21,Burlingame
17435,Edward,Mitchell,Edward Mitchell,MALE,2023-10-07,Torrance
17436,Evan,Ramirez,Evan Ramirez,MALE,2023-07-08,San Carlos
17437,Natalie,Baker,Natalie Baker,FEMALE,2023-03-03,Berkeley
17438,Marcus,Hughes,Marcus Hughes,MALE,2023-09-28,Burien
17439,Jasmine,Butler,Jasmine Butler,FEMALE,2023-10-29,Redmond
17440,Richard,Cox,Richard Cox,MALE,2023-08-09,Newport Beach
17441,Natalie,Turner,Natalie Turner,FEMALE,2023-11-16,Glendale
17442,Edward,Taylor,Edward Taylor,MALE,2023-02-24,Vancouver
17443,Kristin,Shen,Kristin Shen,FEMALE,2023-05-31,Bremerton
17444,Bailey,Cox,Bailey Cox,FEMALE,2023-06-13,Walla Walla
17445,Natasha,Hernandez,Natasha Hernandez,FEMALE,2023-06-08,Bellflower
17446,Pamela,Rana,Pamela Rana,FEMALE,2023-11-28,Beverly Hills
17447,Sydney,Lewis,Sydney Lewis,FEMALE,2023-02-04,Concord
17448,Zachary,Hayes,Zachary Hayes,MALE,2023-09-25,La Jolla
17449,Jackson,Adams,Jackson Adams,MALE,2023-03-12,Tacoma
17450,Samuel,Coleman,Samuel Coleman,MALE,2023-11-25,Langford
17451,Isabelle,Wood,Isabelle Wood,FEMALE,2023-10-25,Bellingham
17452,Mitchell,Nath,Mitchell Nath,MALE,2023-11-23,Bremerton
17453,Hailey,Reed,Hailey Reed,FEMALE,2023-11-25,Lebanon
17454,Edward,Perry,Edward Perry,MALE,2023-09-03,Burbank
17455,Dylan,Hayes,Dylan Hayes,MALE,2023-05-02,Concord
17456,Trevor,Wood,Trevor Wood,MALE,2023-06-12,Everett
17457,Katherine,Allen,Katherine Allen,FEMALE,2023-11-30,Burien
17458,Jason,Collins,Jason Collins,MALE,2023-11-09,Santa Monica
17459,Cassidy,Barnes,Cassidy Barnes,FEMALE,2023-06-26,Berkeley
17460,Megan,Murphy,Megan Murphy,FEMALE,2023-11-06,La Jolla
17461,Sara,Allen,Sara Allen,FEMALE,2023-11-09,Issaquah
17462,Jesse,Rogers,Jesse Rogers,MALE,2023-11-13,Mill Valley
17463,Nicholas,Moore,Nicholas Moore,MALE,2023-06-08,Milwaukie
17464,Jeremy,Rodriguez,Jeremy Rodriguez,MALE,2023-06-22,Lake Oswego
17465,Arianna,Stewart,Arianna Stewart,FEMALE,2023-06-28,Olympia
17466,Thomas,Perez,Thomas Perez,MALE,2023-10-16,Lebanon
17467,Wyatt,Hayes,Wyatt Hayes,MALE,2023-06-04,El Cajon
17468,Jeremiah,Gonzalez,Jeremiah Gonzalez,MALE,2023-03-21,Metchosin
17469,Ian,Perez,Ian Perez,MALE,2023-11-05,Berkeley
17470,Jaime,Carlson,Jaime Carlson,FEMALE,2023-11-15,Bellflower
17471,Grace,James,Grace James,FEMALE,2023-08-04,Seattle
17472,Meredith,Torres,Meredith Torres,FEMALE,2023-12-23,Burlingame
17473,Ebony,Blanco,Ebony Blanco,FEMALE,2023-09-23,Bellingham
17474,Jose,King,Jose King,MALE,2023-11-06,Torrance
17475,Jackson,Green,Jackson Green,MALE,2023-11-23,Fremont
17476,Alexandria,Stewart,Alexandria Stewart,FEMALE,2023-09-30,Langford
17477,Miranda,Griffin,Miranda Griffin,FEMALE,2023-06-15,Bremerton
17478,Renee,Martin,Renee Martin,FEMALE,2021-04-25,Brisbane
17479,Kristine,Ramos,Kristine Ramos,FEMALE,2023-05-01,Darlinghurst
17480,Lucas,Gonzalez,Lucas Gonzalez,MALE,2023-06-17,Mill Valley
17481,Emma,Watson,Emma Watson,FEMALE,2023-04-11,Langford
17482,Taylor,Alexander,Taylor Alexander,FEMALE,2023-03-06,Oak Bay
17483,Logan,Gonzalez,Logan Gonzalez,MALE,2023-03-21,Port Hammond
17484,Armando,Carlson,Armando Carlson,MALE,2023-02-22,North Ryde
17485,Blake,Davis,Blake Davis,MALE,2023-03-20,Kirkland
17486,Marissa,Foster,Marissa Foster,FEMALE,2023-04-29,Lebanon
17487,Nathan,Green,Nathan Green,MALE,2023-08-24,Olympia
17488,Jason,Adams,Jason Adams,MALE,2023-03-17,Seattle
17489,Jack,Evans,Jack Evans,MALE,2023-05-29,Glendale
17490,Grace,Moore,Grace Moore,FEMALE,2023-11-05,Imperial Beach
17491,Kyle,Hall,Kyle Hall,MALE,2023-10-30,N. Vancouver
17492,Amanda,Price,Amanda Price,FEMALE,2023-06-20,Corvallis
17493,Candice,Gao,Candice Gao,FEMALE,2023-09-13,Cranbourne
17494,Mathew,Alvarez,Mathew Alvarez,MALE,2023-05-24,North Ryde
17495,Corey,Sharma,Corey Sharma,MALE,2023-04-22,Seaford
17496,Tabitha,Sanz,Tabitha Sanz,FEMALE,2023-09-27,East Brisbane
17497,Maria,Collins,Maria Collins,FEMALE,2023-07-28,Berkeley
17498,Daniel,Martin,Daniel Martin,MALE,2023-06-16,Redwood City
17499,Marcus,Campbell,Marcus Campbell,MALE,2023-11-06,West Covina
17500,Cesar,Lopez,Cesar Lopez,MALE,2023-10-20,Warrnambool
17501,Marc,Carlson,Marc Carlson,MALE,2023-07-09,Gold Coast
17502,Wayne,Kumar,Wayne Kumar,MALE,2021-04-08,Brisbane
17503,Molly,Suri,Molly Suri,FEMALE,2023-10-13,Cloverdale
17504,Anna,Williams,Anna Williams,FEMALE,2021-04-18,Goulburn
17505,Hunter,Mitchell,Hunter Mitchell,MALE,2023-05-06,Walla Walla
17506,Alexandria,Simmons,Alexandria Simmons,FEMALE,2023-02-03,Berkeley
17507,Alexis,Robinson,Alexis Robinson,FEMALE,2023-08-01,Los Angeles
17508,Caroline,Bennett,Caroline Bennett,FEMALE,2023-11-22,San Gabriel
17509,Makayla,Ramirez,Makayla Ramirez,FEMALE,2023-05-08,Oak Bay
17510,Jason,Butler,Jason Butler,MALE,2021-04-03,Sunbury
17511,Tabitha,Subram,Tabitha Subram,FEMALE,2021-04-07,North Sydney
17512,Cesar,Suri,Cesar Suri,MALE,2021-04-17,Goulburn
17513,Micheal,Saunders,Micheal Saunders,MALE,2021-04-26,Rockhampton
17514,Cedric,Zhou,Cedric Zhou,MALE,2021-04-09,Perth
17515,Lacey,Li,Lacey Li,FEMALE,2021-04-13,Brisbane
17516,Thomas,Foster,Thomas Foster,MALE,2023-12-25,Redmond
17517,Daniel,Williams,Daniel Williams,MALE,2023-11-23,Fremont
17518,Wendy,Gill,Wendy Gill,FEMALE,2023-06-25,Burien
17519,Taylor,Rivera,Taylor Rivera,FEMALE,2023-03-22,Milwaukie
17520,Marcus,Baker,Marcus Baker,MALE,2023-10-09,Burlingame
17521,Destiny,Jenkins,Destiny Jenkins,FEMALE,2023-07-04,Chula Vista
17522,Reginald,Sanz,Reginald Sanz,MALE,2023-07-20,Hervey Bay
17523,Jordan,West,Jordan West,MALE,2023-12-26,Los Angeles
17524,Lucas,Washington,Lucas Washington,MALE,2023-11-21,Torrance
17525,Adam,Wright,Adam Wright,MALE,2023-08-18,Concord
17526,Tristan,Gonzales,Tristan Gonzales,MALE,2023-04-02,Corvallis
17527,Anna,Cook,Anna Cook,FEMALE,2023-10-29,Portland
17528,Whitney,Kapoor,Whitney Kapoor,FEMALE,2023-11-07,Beaverton
17529,Chloe,Mitchell,Chloe Mitchell,FEMALE,2023-09-26,Woodburn
17530,Devin,Wood,Devin Wood,MALE,2023-07-23,Puyallup
17531,Isaac,Ramirez,Isaac Ramirez,MALE,2023-06-13,Oregon City
17532,Nathan,Patterson,Nathan Patterson,MALE,2023-07-09,Beverly Hills
17533,Fernando,Baker,Fernando Baker,MALE,2023-07-27,Bellingham
17534,Robert,Griffin,Robert Griffin,MALE,2023-09-07,Bellingham
17535,Colleen,Guo,Colleen Guo,FEMALE,2023-11-06,Bellingham
17536,Benjamin,Robinson,Benjamin Robinson,MALE,2023-11-24,El Cajon
17537,Courtney,Mitchell,Courtney Mitchell,FEMALE,2023-11-17,Torrance
17538,Brianna,Bell,Brianna Bell,FEMALE,2023-06-16,Torrance
17539,Grace,Wilson,Grace Wilson,FEMALE,2023-08-20,Sooke
17540,Gloria,Gutierrez,Gloria Gutierrez,FEMALE,2023-02-06,Beaverton
17541,Kristen,Zeng,Kristen Zeng,FEMALE,2023-05-30,Bellingham
17542,Bridget,Rai,Bridget Rai,FEMALE,2023-11-14,Burbank
17543,Meredith,Martin,Meredith Martin,FEMALE,2023-11-05,Burlingame
17544,Eduardo,Rogers,Eduardo Rogers,MALE,2023-11-05,Everett
17545,Wyatt,Ross,Wyatt Ross,MALE,2023-11-17,Everett
17546,Melanie,James,Melanie James,FEMALE,2023-11-02,Long Beach
17547,Alejandro,Yuan,Alejandro Yuan,MALE,2023-07-13,Bellflower
17548,Kaylee,Adams,Kaylee Adams,FEMALE,2023-07-21,Oakland
17549,Jonathan,Taylor,Jonathan Taylor,MALE,2024-01-05,National City
17550,Mason,Edwards,Mason Edwards,MALE,2023-12-19,Milwaukie
17551,Victoria,Torres,Victoria Torres,FEMALE,2023-06-20,Shawnee
17552,Julia,Howard,Julia Howard,FEMALE,2023-11-14,Downey
17553,Summer,Sanchez,Summer Sanchez,FEMALE,2023-11-22,Beaverton
17554,Emma,Harris,Emma Harris,FEMALE,2023-02-15,Beaverton
17555,William,Smith,William Smith,MALE,2023-10-29,Concord
17556,Emily,Powell,Emily Powell,FEMALE,2023-04-05,Beaverton
17557,Matthew,Davis,Matthew Davis,MALE,2023-06-24,Milwaukie
17558,Ian,Williams,Ian Williams,MALE,2023-10-24,N. Vancouver
17559,Kari,Suarez,Kari Suarez,FEMALE,2023-07-09,Bellflower
17560,Kaylee,Richardson,Kaylee Richardson,FEMALE,2023-08-15,Tacoma
17561,Samantha,White,Samantha White,FEMALE,2023-07-23,Bellflower
17562,Zachary,Sharma,Zachary Sharma,MALE,2023-06-21,Concord
17563,Jeremiah,King,Jeremiah King,MALE,2023-11-19,Long Beach
17564,Julia,West,Julia West,FEMALE,2023-07-07,Burien
17565,Alexandra,Murphy,Alexandra Murphy,FEMALE,2023-07-29,Kirkland
17566,Rachel,Martinez,Rachel Martinez,FEMALE,2023-07-16,Redwood City
17567,Nathaniel,Cook,Nathaniel Cook,MALE,2023-07-03,Daly City
17568,Dylan,Perry,Dylan Perry,MALE,2023-08-07,San Diego
17569,Mya,Price,Mya Price,FEMALE,2023-02-26,Beaverton
17570,Carlos,Sanchez,Carlos Sanchez,MALE,2023-02-26,Burien
17571,James,Li,James Li,MALE,2023-08-17,Colma
17572,Lucas,Edwards,Lucas Edwards,MALE,2023-08-13,Coronado
17573,Caroline,Ross,Caroline Ross,FEMALE,2023-08-13,Mill Valley
17574,Punya,Palit,Punya Palit,MALE,2023-08-07,Los Angeles
17575,Marcus,Brown,Marcus Brown,MALE,2023-08-20,Renton
17576,Albert,Vazquez,Albert Vazquez,MALE,2023-08-16,Beverly Hills
17577,Justin,Lee,Justin Lee,MALE,2023-07-15,Glendale
17578,Megan,Thompson,Megan Thompson,FEMALE,2023-06-09,Redwood City
17579,Jack,Chen,Jack Chen,MALE,2023-09-14,N. Vancouver
17580,Noah,White,Noah White,MALE,2023-11-17,Los Angeles
17581,Jack,Henderson,Jack Henderson,MALE,2023-11-04,Redwood City
17582,Katherine,Wilson,Katherine Wilson,FEMALE,2023-11-17,Coronado
17583,Stephanie,Cook,Stephanie Cook,FEMALE,2023-02-14,Bremerton
17584,Lisa,Liu,Lisa Liu,FEMALE,2024-01-26,Burbank
17585,Seth,Griffin,Seth Griffin,MALE,2023-03-11,Westminster
17586,Cassidy,Patterson,Cassidy Patterson,FEMALE,2023-10-05,Langford
17587,Curtis,Liang,Curtis Liang,MALE,2023-11-04,Bremerton
17588,Gavin,Bennett,Gavin Bennett,MALE,2023-11-11,Everett
17589,Melanie,Brooks,Melanie Brooks,FEMALE,2024-01-22,Issaquah
17590,Garrett,Cox,Garrett Cox,MALE,2023-03-03,Milwaukie
17591,Spencer,Hughes,Spencer Hughes,MALE,2023-11-27,Berkeley
17592,Bryan,Sanders,Bryan Sanders,MALE,2023-11-23,Chula Vista
17593,Richard,Butler,Richard Butler,MALE,2023-11-04,Daly City
17594,Michelle,Cook,Michelle Cook,FEMALE,2023-11-27,Lakewood
17595,Benjamin,Garcia,Benjamin Garcia,MALE,2023-11-15,Port Hammond
17596,Adrienne,Vazquez,Adrienne Vazquez,FEMALE,2023-08-13,Bremerton
17597,Sarah,Diaz,Sarah Diaz,FEMALE,2023-08-20,Yakima
17598,Cameron,Harris,Cameron Harris,MALE,2023-08-05,El Cajon
17599,Sebastian,Cooper,Sebastian Cooper,MALE,2023-08-05,Tacoma
17600,Timothy,Brooks,Timothy Brooks,MALE,2023-08-10,Lynnwood
17601,Jose,Hall,Jose Hall,MALE,2023-02-09,Shawnee
17602,Dalton,Williams,Dalton Williams,MALE,2023-08-08,Burbank
17603,Anna,Patterson,Anna Patterson,FEMALE,2023-09-22,Beaverton
17604,Noah,Robinson,Noah Robinson,MALE,2023-10-30,Kirkland
17605,Jon,Ma,Jon Ma,MALE,2023-04-18,Bellflower
17606,Jacqueline,Peterson,Jacqueline Peterson,FEMALE,2023-09-16,Berkeley
17607,Frederick,Gonzalez,Frederick Gonzalez,MALE,2023-08-30,Burlingame
17608,Carlos,Cooper,Carlos Cooper,MALE,2023-08-06,Renton
17609,Charles,Davis,Charles Davis,MALE,2023-08-01,Beverly Hills
17610,Anna,White,Anna White,FEMALE,2023-06-10,San Diego
17611,Luis,Butler,Luis Butler,MALE,2023-05-18,Lebanon
17612,Courtney,Parker,Courtney Parker,FEMALE,2023-11-24,Renton
17613,Dakota,Bryant,Dakota Bryant,MALE,2023-09-25,Langford
17614,Mason,Cook,Mason Cook,MALE,2023-08-09,San Carlos
17615,Brittany,Long,Brittany Long,FEMALE,2023-08-06,Burien
17616,Daniel,Weisman,Daniel Weisman,MALE,2023-04-25,Sedro Woolley
17617,Abigail,Simmons,Abigail Simmons,FEMALE,2023-08-07,Downey
17618,Ramon,Liu,Ramon Liu,MALE,2023-08-17,Bellingham
17619,Chloe,Smith,Chloe Smith,FEMALE,2023-06-20,Metchosin
17620,Miranda,Coleman,Miranda Coleman,FEMALE,2023-08-03,Milwaukie
17621,Brianna,Price,Brianna Price,FEMALE,2023-08-19,Long Beach
17622,Courtney,Young,Courtney Young,FEMALE,2023-09-16,Langley
17623,Austin,Robinson,Austin Robinson,MALE,2023-11-05,Santa Cruz
17624,Samantha,Alexander,Samantha Alexander,FEMALE,2023-11-04,Grossmont
17625,Mason,Allen,Mason Allen,MALE,2023-09-27,Victoria
17626,Alfredo,Blanco,Alfredo Blanco,MALE,2022-06-28,London
17627,Dennis,Chen,Dennis Chen,MALE,2022-05-30,Maidenhead
17628,Roberto,Munoz,Roberto Munoz,MALE,2023-02-07,London
17629,Tabitha,Torres,Tabitha Torres,FEMALE,2022-09-26,München
17630,Gilbert,Zhang,Gilbert Zhang,MALE,2023-02-07,Frankfurt am Main
17631,Cara,He,Cara He,FEMALE,2023-03-18,Hamburg
17632,Jimmy,Serrano,Jimmy Serrano,MALE,2022-07-12,Berkshire
17633,Gary,Dominguez,Gary Dominguez,MALE,2022-05-15,Paris
17634,Kaitlin,Rana,Kaitlin Rana,FEMALE,2022-05-20,Les Ulis
17635,Terry,Deng,Terry Deng,MALE,2022-09-16,Salzgitter
17636,Ross,Srini,Ross Srini,MALE,2023-10-04,Leipzig
17637,Arturo,Tang,Arturo Tang,MALE,2023-02-12,Bonn
17638,Clarence,Zheng,Clarence Zheng,MALE,2023-12-07,Paris
17639,Heather,Ma,Heather Ma,FEMALE,2022-07-21,London
17640,Haley,Allen,Haley Allen,FEMALE,2023-02-20,Kassel
17641,Lorrin,Smith-Bates,Lorrin Smith-Bates,MALE,2022-05-26,Pantin
17642,Gregory,Luo,Gregory Luo,MALE,2023-03-30,London
17643,Wesley,Cai,Wesley Cai,MALE,2023-11-07,Paris
17644,Rebecca,Adams,Rebecca Adams,FEMALE,2022-07-18,Watford
17645,Albert,Alonso,Albert Alonso,MALE,2023-10-01,London
17646,Leah,Xu,Leah Xu,FEMALE,2022-06-16,Colombes
17647,Molly,Lopez,Molly Lopez,FEMALE,2022-06-04,Dunkerque
17648,Gilbert,Sharma,Gilbert Sharma,MALE,2022-06-25,Les Ulis
17649,Ronald,Mehta,Ronald Mehta,MALE,2023-02-14,Berkshire
17650,Jessica,Sanders,Jessica Sanders,FEMALE,2023-11-09,Bury
17651,Ethan,Butler,Ethan Butler,MALE,2022-06-03,Saint Germain en Laye
17652,Javier,Vazquez,Javier Vazquez,MALE,2023-04-23,Frankfurt
17653,Linda,Vazquez,Linda Vazquez,FEMALE,2023-05-10,Les Ulis
17654,Caroline,Alexander,Caroline Alexander,FEMALE,2023-11-16,Westminster
17655,Angela,Sánchez,Angela Sánchez,FEMALE,2023-11-24,N. Vancouver
17656,Carol,Martinez,Carol Martinez,FEMALE,2023-11-20,Shawnee
17657,Noah,Martin,Noah Martin,MALE,2023-02-17,Metchosin
17658,Jade,Howard,Jade Howard,FEMALE,2023-08-26,Santa Cruz
17659,Jodi,Tang,Jodi Tang,FEMALE,2023-08-04,Burien
17660,Seth,Young,Seth Young,MALE,2023-08-07,Berkeley
17661,Natalie,Smith,Natalie Smith,FEMALE,2023-08-06,Los Angeles
17662,Jose,Washington,Jose Washington,MALE,2023-08-04,Santa Monica
17663,Elizabeth,Hayes,Elizabeth Hayes,FEMALE,2023-03-23,Burlingame
17664,Devin,Robinson,Devin Robinson,MALE,2023-06-04,Grossmont
17665,Zachary,Jenkins,Zachary Jenkins,MALE,2023-11-03,Oregon City
17666,Steven,Torres,Steven Torres,MALE,2023-08-27,Lincoln Acres
17667,Jaime,Rai,Jaime Rai,MALE,2023-08-15,Burbank
17668,Eduardo,Peterson,Eduardo Peterson,MALE,2023-06-24,Santa Monica
17669,Olivia,Rivera,Olivia Rivera,FEMALE,2023-06-22,Sedro Woolley
17670,Gabrielle,Alexander,Gabrielle Alexander,FEMALE,2023-06-05,Lemon Grove
17671,Emma,Stewart,Emma Stewart,FEMALE,2023-06-13,San Diego
17672,Thomas,Coleman,Thomas Coleman,MALE,2023-06-13,Renton
17673,Amber,Scott,Amber Scott,FEMALE,2024-01-12,Mill Valley
17674,Kevin,Wang,Kevin Wang,MALE,2023-09-18,Beverly Hills
17675,Rosa,Li,Rosa Li,FEMALE,2023-10-27,Bellingham
17676,Eugene,Yang,Eugene Yang,MALE,2023-06-01,Bellflower
17677,Lawrence,Hernandez,Lawrence Hernandez,MALE,2023-07-31,Beaverton
17678,Julio,Blanco,Julio Blanco,MALE,2023-09-01,Bellflower
17679,Joe,Mehta,Joe Mehta,MALE,2023-10-19,Bellingham
17680,Mackenzie,Gray,Mackenzie Gray,FEMALE,2023-08-19,Royal Oak
17681,Robert,Carter,Robert Carter,MALE,2023-09-16,Berkeley
17682,Anna,Ramirez,Anna Ramirez,FEMALE,2023-07-08,Bellingham
17683,Jenna,Evans,Jenna Evans,FEMALE,2023-03-08,Lincoln Acres
17684,Leslie,Gomez,Leslie Gomez,FEMALE,2023-11-17,Bellflower
17685,Diana,Torres,Diana Torres,FEMALE,2023-02-01,Beaverton
17686,Jack,Griffin,Jack Griffin,MALE,2023-05-08,N. Vancouver
17687,Miguel,Turner,Miguel Turner,MALE,2023-12-05,Redmond
17688,Pedro,Subram,Pedro Subram,MALE,2023-08-24,Bellingham
17689,Mary,Young,Mary Young,FEMALE,2023-07-14,Renton
17690,Jenna,Gonzalez,Jenna Gonzalez,FEMALE,2023-09-02,Chula Vista
17691,Alexandria,Bradley,Alexandria Bradley,FEMALE,2023-11-09,Royal Oak
17692,Emily,Smith,Emily Smith,FEMALE,2023-09-04,Bellingham
17693,Justin,Jenkins,Justin Jenkins,MALE,2023-03-30,Redmond
17694,Joan,Carter,Joan Carter,FEMALE,2023-04-19,Lincoln Acres
17695,Hunter,Washington,Hunter Washington,MALE,2023-05-02,San Carlos
17696,Madison,Simmons,Madison Simmons,FEMALE,2023-07-09,San Gabriel
17697,Nathaniel,Gray,Nathaniel Gray,MALE,2024-01-23,Downey
17698,Xavier,Butler,Xavier Butler,MALE,2023-05-04,Spring Valley
17699,Jesse,Bell,Jesse Bell,MALE,2023-07-02,Lake Oswego
17700,Hector,Torres,Hector Torres,MALE,2022-07-02,Maidenhead
17701,Cassidy,Washington,Cassidy Washington,FEMALE,2023-02-04,Warrington
17702,Jack,King,Jack King,MALE,2023-04-03,York
17703,Pamela,Fernandez,Pamela Fernandez,FEMALE,2023-05-31,Dunkerque
17704,Nelson,Moreno,Nelson Moreno,MALE,2023-04-04,Essen
17705,Kelvin,Guo,Kelvin Guo,MALE,2023-02-19,Warrington
17706,Gabriel,Coleman,Gabriel Coleman,MALE,2023-06-02,Runcorn
17707,Mindy,Deng,Mindy Deng,FEMALE,2023-07-23,Hannover
17708,Timothy,Sneath,Timothy Sneath,MALE,2023-11-13,Gloucestershire
17709,Martin,Raman,Martin Raman,MALE,2023-03-23,Esher-Molesey
17710,Natalie,Stewart,Natalie Stewart,FEMALE,2023-05-07,Peterborough
17711,Kristin,Luo,Kristin Luo,FEMALE,2023-07-05,Paris
17712,Gary,Blanco,Gary Blanco,MALE,2023-07-13,Versailles
17713,David,Johnson,David Johnson,MALE,2023-04-19,Saint-Denis
17714,Tanya,Gutierrez,Tanya Gutierrez,FEMALE,2022-07-12,Lille
17715,Rafael,Pal,Rafael Pal,MALE,2022-07-10,Gloucestershire
17716,Cesar,Gonzalez,Cesar Gonzalez,MALE,2022-07-06,Paris
17717,Jeremiah,Miller,Jeremiah Miller,MALE,2022-07-22,Watford
17718,Lindsay,Jai,Lindsay Jai,FEMALE,2023-07-19,Frankfurt
17719,Vincent,Gao,Vincent Gao,MALE,2024-01-19,Lieusaint
17720,Deanna,Diaz,Deanna Diaz,FEMALE,2022-07-17,York
17721,Cheryl,Alan,Cheryl Alan,FEMALE,2023-03-29,Croix
17722,Jerome,Serrano,Jerome Serrano,MALE,2022-09-15,Frankfurt am Main
17723,Johnathan,Malhotra,Johnathan Malhotra,MALE,2023-03-09,Gloucestershire
17724,Sheila,Blanco,Sheila Blanco,FEMALE,2023-08-11,Port Macquarie
17725,Daniel,Martinez,Daniel Martinez,MALE,2021-04-19,Melbourne
17726,Caroline,Griffin,Caroline Griffin,FEMALE,2021-04-29,Melton
17727,Monique,Gill,Monique Gill,FEMALE,2023-04-05,Melbourne
17728,Maria,Perry,Maria Perry,FEMALE,2021-04-01,Coffs Harbour
17729,Edgar,Garcia,Edgar Garcia,MALE,2023-04-02,Darlinghurst
17730,Bridget,Tang,Bridget Tang,FEMALE,2021-04-11,Geelong
17731,Tracy,Sharma,Tracy Sharma,FEMALE,2023-12-05,Newcastle
17732,Allen,Rodriguez,Allen Rodriguez,MALE,2021-04-07,Newcastle
17733,Alberto,Gill,Alberto Gill,MALE,2021-04-12,Malabar
17734,Leah,Sun,Leah Sun,FEMALE,2021-04-28,Bendigo
17735,Connor,Yang,Connor Yang,MALE,2021-04-28,Townsville
17736,Kristine,Vazquez,Kristine Vazquez,FEMALE,2021-04-09,Melton
17737,Nicole,Gonzales,Nicole Gonzales,FEMALE,2023-06-02,Versailles
17738,Nicolas,Deng,Nicolas Deng,MALE,2023-02-21,Berlin
17739,Colin,Cai,Colin Cai,MALE,2022-07-22,Bobigny
17740,Colleen,Liang,Colleen Liang,FEMALE,2023-03-26,Les Ulis
17741,Alvin,Xu,Alvin Xu,MALE,2022-09-13,Eilenburg
17742,Randall,Romero,Randall Romero,MALE,2022-09-08,Sulzbach Taunus
17743,Gerald,Gomez,Gerald Gomez,MALE,2022-07-03,London
17744,Chad,Nath,Chad Nath,MALE,2022-07-28,Peterborough
17745,Tanya,Suarez,Tanya Suarez,FEMALE,2023-06-10,Hamburg
17746,Cedric,Nath,Cedric Nath,MALE,2023-04-01,Hannover
17747,Franklin,Xie,Franklin Xie,MALE,2022-07-28,Wokingham
17748,Geoffrey,Kapoor,Geoffrey Kapoor,MALE,2023-08-16,Lieusaint
17749,Leah,Wu,Leah Wu,FEMALE,2023-08-06,Morangis
17750,Shawna,Jai,Shawna Jai,FEMALE,2022-07-04,Birmingham
17751,Isaiah,Bailey,Isaiah Bailey,MALE,2023-05-17,Dunkerque
17752,Deanna,Hernandez,Deanna Hernandez,FEMALE,2022-08-20,Paris
17753,Kendra,Sanz,Kendra Sanz,FEMALE,2022-07-06,Esher-Molesey
17754,Stephanie,King,Stephanie King,FEMALE,2022-08-16,Metz
17755,Zoe,Cox,Zoe Cox,FEMALE,2022-07-11,Esher-Molesey
17756,Jill,Ashe,Jill Ashe,FEMALE,2022-08-17,Colombes
17757,Seth,Hayes,Seth Hayes,MALE,2023-10-01,Kirkby
17758,Linda,Gill,Linda Gill,FEMALE,2023-07-26,Dresden
17759,Kristopher,Sanchez,Kristopher Sanchez,MALE,2023-06-11,Paris
17760,Diana,Romero,Diana Romero,FEMALE,2023-10-16,Esher-Molesey
17761,Kristopher,Sai,Kristopher Sai,MALE,2022-08-31,Duesseldorf
17762,Rachel,Rodriguez,Rachel Rodriguez,FEMALE,2022-08-31,Hamburg
17763,Jacquelyn,Martin,Jacquelyn Martin,FEMALE,2023-05-15,Reading
17764,Terrance,Garcia,Terrance Garcia,MALE,2022-10-21,Essen
17765,Valerie,Zhang,Valerie Zhang,FEMALE,2022-10-25,Frankfurt am Main
17766,Jake,Xu,Jake Xu,MALE,2022-08-07,Paris
17767,Tommy,Raje,Tommy Raje,MALE,2022-08-07,Orleans
17768,Luis,Parker,Luis Parker,MALE,2022-10-24,Saarlouis
17769,Nathan,Martin,Nathan Martin,MALE,2022-10-27,Werne
17770,Grant,Xie,Grant Xie,MALE,2022-09-14,Lille
17771,Holly,Chandra,Holly Chandra,FEMALE,2023-02-06,Chatou
17772,Leonard,Andersen,Leonard Andersen,MALE,2022-07-12,London
17773,Crystal,Lin,Crystal Lin,FEMALE,2022-10-26,Drancy
17774,Brandi,Gutierrez,Brandi Gutierrez,FEMALE,2024-01-16,Dresden
17775,Ricky,Moreno,Ricky Moreno,MALE,2022-10-01,Courbevoie
17776,Diana,Jimenez,Diana Jimenez,FEMALE,2023-05-19,London
17777,Armando,Alvarez,Armando Alvarez,MALE,2022-10-27,Berlin
17778,Kari,Prasad,Kari Prasad,FEMALE,2022-10-17,Boulogne-Billancourt
17779,Madison,Patterson,Madison Patterson,FEMALE,2022-11-08,Drancy
17780,Alisha,Huang,Alisha Huang,FEMALE,2022-11-16,Tremblay-en-France
17781,Jake,She,Jake She,MALE,2022-10-08,Dresden
17782,Casey,Shan,Casey Shan,FEMALE,2022-07-28,London
17783,Tracy,Jai,Tracy Jai,FEMALE,2023-03-21,Hamburg
17784,Mayra,Patel,Mayra Patel,FEMALE,2022-10-12,Paderborn
17785,Pedro,Chapman,Pedro Chapman,MALE,2023-02-26,Maidenhead
17786,Kathleen,Gutierrez,Kathleen Gutierrez,FEMALE,2023-02-10,Newcastle upon Tyne
17787,Alejandro,Zhao,Alejandro Zhao,MALE,2022-11-01,Paris
17788,Jeffery,Liu,Jeffery Liu,MALE,2023-04-01,Berlin
17789,Kari,Dominguez,Kari Dominguez,FEMALE,2022-09-28,Frankfurt
17790,Darryl,Ye,Darryl Ye,MALE,2022-08-16,Wokingham
17791,Sydney,Davis,Sydney Davis,FEMALE,2023-06-12,Neunkirchen
17792,Bridget,Andersen,Bridget Andersen,FEMALE,2022-08-05,Newcastle upon Tyne
17793,Kathleen,Alvarez,Kathleen Alvarez,FEMALE,2022-08-07,York
17794,Theodore,Rowe,Theodore Rowe,MALE,2022-08-23,London
17795,Jaime,Diaz,Jaime Diaz,FEMALE,2022-08-03,Gateshead
17796,Eduardo,Taylor,Eduardo Taylor,MALE,2022-09-30,Werne
17797,Ebony,Martinez,Ebony Martinez,FEMALE,2023-08-02,Stuttgart
17798,Robin,Ortega,Robin Ortega,FEMALE,2022-08-24,Peterborough
17799,Alejandro,Guo,Alejandro Guo,MALE,2022-10-08,Ingolstadt
17800,Robyn,Alonso,Robyn Alonso,FEMALE,2023-07-17,Chatou
17801,Shannon,He,Shannon He,FEMALE,2023-11-23,Orly
17802,Erick,Arun,Erick Arun,MALE,2023-06-16,Hof
17803,Renee,Hernandez,Renee Hernandez,FEMALE,2022-08-21,Peterborough
17804,Melody,Torres,Melody Torres,FEMALE,2023-06-27,Erlangen
17805,Carlos,Young,Carlos Young,MALE,2023-05-30,Metz
17806,Omar,Kumar,Omar Kumar,MALE,2023-02-17,Darmstadt
17807,Philip,Sanz,Philip Sanz,MALE,2023-09-30,Milton Keynes
17808,Raquel,Alvarez,Raquel Alvarez,FEMALE,2023-02-23,York
17809,Josue,Blanco,Josue Blanco,MALE,2023-07-05,Orleans
17810,Frederick,Prasad,Frederick Prasad,MALE,2023-02-23,Warrington
17811,Stacy,Hernandez,Stacy Hernandez,FEMALE,2022-10-14,Stuttgart
17812,Casey,Nara,Casey Nara,FEMALE,2022-08-16,Kirkby
17813,Jay,Nicholls,Jay Nicholls,MALE,2022-08-23,Woolston
17814,Michele,Pal,Michele Pal,FEMALE,2023-02-25,London
17815,Ronnie,Ma,Ronnie Ma,MALE,2022-08-11,Bury
17816,Kathryn,Raje,Kathryn Raje,FEMALE,2023-07-01,Paris
17817,Felicia,Gutierrez,Felicia Gutierrez,FEMALE,2023-11-21,München
17818,Dale,Yuan,Dale Yuan,MALE,2023-09-16,Salzgitter
17819,Arthur,Rana,Arthur Rana,MALE,2024-01-12,Cheltenham
17820,Emma,Morris,Emma Morris,FEMALE,2023-04-18,Peterborough
17821,Marvin,Gill,Marvin Gill,MALE,2023-04-18,London
17822,Michelle,Cooper,Michelle Cooper,FEMALE,2023-09-02,Bobigny
17823,Ramon,Gao,Ramon Gao,MALE,2023-08-02,Suresnes
17824,Mario,Pal,Mario Pal,MALE,2022-09-28,Berlin
17825,Clayton,Li,Clayton Li,MALE,2022-10-21,Ingolstadt
17826,Paige,Morgan,Paige Morgan,FEMALE,2023-11-28,Lille
17827,Maria,Coleman,Maria Coleman,FEMALE,2022-11-10,Versailles
17828,Valerie,Zhou,Valerie Zhou,FEMALE,2022-08-08,London
17829,Audrey,Gutierrez,Audrey Gutierrez,FEMALE,2022-08-03,Watford
17830,Carlos,Scott,Carlos Scott,MALE,2022-11-01,Dunkerque
17831,Noah,Long,Noah Long,MALE,2022-11-01,Roubaix
17832,Cameron,Sharma,Cameron Sharma,MALE,2023-08-13,Neunkirchen
17833,Monique,Suarez,Monique Suarez,FEMALE,2022-10-10,Frankfurt am Main
17834,Michele,Gill,Michele Gill,FEMALE,2022-11-21,Paris
17835,Francisco,Perez,Francisco Perez,MALE,2023-08-25,London
17836,Jacquelyn,Ramos,Jacquelyn Ramos,FEMALE,2023-08-19,Cergy
17837,Mayra,Garcia,Mayra Garcia,FEMALE,2023-07-26,Kassel
17838,Jill,Blanco,Jill Blanco,FEMALE,2023-05-15,High Wycombe
17839,Christine,Chander,Christine Chander,FEMALE,2023-04-04,Oxon
17840,Larry,Hernandez,Larry Hernandez,MALE,2023-04-01,Watford
17841,Walter,Navarro,Walter Navarro,MALE,2022-08-26,London
17842,Isaiah,Ward,Isaiah Ward,MALE,2023-03-19,Dunkerque
17843,Kelli,Shan,Kelli Shan,FEMALE,2023-04-28,Morangis
17844,Martha,Zeng,Martha Zeng,FEMALE,2023-03-03,London
17845,Ebony,Diaz,Ebony Diaz,FEMALE,2023-03-05,München
17846,Alejandro,Chavez,Alejandro Chavez,MALE,2023-07-30,Boulogne-sur-Mer
17847,Logan,Lee,Logan Lee,MALE,2022-10-05,Bottrop
17848,Jaime,Yuan,Jaime Yuan,MALE,2022-10-09,Dresden
17849,Wesley,He,Wesley He,MALE,2022-08-10,London
17850,Alvin,Shen,Alvin Shen,MALE,2023-02-16,Colomiers
17851,Warren,Tang,Warren Tang,MALE,2024-01-26,Hof
17852,Lindsey,Shan,Lindsey Shan,FEMALE,2023-04-08,Berlin
17853,Ernest,Chen,Ernest Chen,MALE,2023-07-27,Frankfurt am Main
17854,Shannon,Gomez,Shannon Gomez,MALE,2023-12-03,Hamburg
17855,Ronald,Lopez,Ronald Lopez,MALE,2023-05-25,Bracknell
17856,Roger,Rai,Roger Rai,MALE,2023-09-14,Bonn
17857,Albert,Cabello,Albert Cabello,FEMALE,2023-06-29,Eilenburg
17858,Dalton,Barnes,Dalton Barnes,MALE,2023-11-19,Oak Bay
17859,Wyatt,Gonzalez,Wyatt Gonzalez,MALE,2023-09-14,Lincoln Acres
17860,Noah,Diaz,Noah Diaz,MALE,2023-09-06,Imperial Beach
17861,Melanie,Blue,Melanie Blue,FEMALE,2023-11-23,Cliffside
17862,Aaron,Baker,Aaron Baker,MALE,2023-09-09,Renton
17863,Bailey,Cooper,Bailey Cooper,FEMALE,2023-09-01,Lemon Grove
17864,Emily,Martinez,Emily Martinez,FEMALE,2023-09-07,Port Orchard
17865,Blake,Barnes,Blake Barnes,MALE,2023-11-28,Langford
17866,Jack,Baker,Jack Baker,MALE,2023-09-11,El Cajon
17867,Stephanie,Sanchez,Stephanie Sanchez,FEMALE,2023-09-11,Sooke
17868,Richard,Blue,Richard Blue,MALE,2023-09-17,Bellflower
17869,Henry,Mehta,Henry Mehta,MALE,2023-09-06,Beverly Hills
17870,Melissa,Price,Melissa Price,FEMALE,2023-09-02,Long Beach
17871,Sydney,Patterson,Sydney Patterson,FEMALE,2023-09-28,Woodburn
17872,Robert,Miller,Robert Miller,MALE,2023-10-21,Issaquah
17873,Alejandro,She,Alejandro She,MALE,2022-09-28,Bottrop
17874,Natasha,Alvarez,Natasha Alvarez,FEMALE,2023-11-20,Paris
17875,Tommy,Anand,Tommy Anand,MALE,2023-05-17,Paderborn
17876,Fernando,Harris,Fernando Harris,MALE,2023-05-15,Paderborn
17877,Danny,Blanco,Danny Blanco,MALE,2023-05-17,Saarlouis
17878,Gabrielle,Sanders,Gabrielle Sanders,FEMALE,2023-11-07,Metz
17879,Seth,Rivera,Seth Rivera,MALE,2023-04-14,Kirkby
17880,Sydney,Hall,Sydney Hall,FEMALE,2023-03-03,Bury
17881,Tamara,Wang,Tamara Wang,FEMALE,2023-04-28,London
17882,Drew,Deng,Drew Deng,MALE,2023-01-30,Oxford
17883,Lori,Rubio,Lori Rubio,FEMALE,2023-08-26,Orleans
17884,Mayra,Schmidt,Mayra Schmidt,FEMALE,2023-08-03,Newcastle upon Tyne
17885,Julio,Carlson,Julio Carlson,MALE,2022-12-13,Paris
17886,Bianca,Harrison,Bianca Harrison,FEMALE,2023-04-27,Bracknell
17887,Joel,Madan,Joel Madan,MALE,2023-09-20,London
17888,Mandy,Liu,Mandy Liu,FEMALE,2023-09-09,Bracknell
17889,Blake,Taylor,Blake Taylor,MALE,2022-08-03,Leeds
17890,Derrick,Jiménez,Derrick Jiménez,MALE,2022-08-01,Oxon
17891,Sharon,Lal,Sharon Lal,FEMALE,2022-12-21,Les Ulis
17892,Ronnie,Xu,Ronnie Xu,MALE,2022-09-27,Woolston
17893,Omar,Rai,Omar Rai,MALE,2022-10-21,Werne
17894,Hailey,Simmons,Hailey Simmons,FEMALE,2022-12-11,Chatou
17895,Allen,Subram,Allen Subram,MALE,2023-04-14,Gateshead
17896,Renee,Gutierrez,Renee Gutierrez,FEMALE,2022-09-09,West Sussex
17897,Darrell,Kumar,Darrell Kumar,MALE,2022-12-14,Morangis
17898,Janet,Sanz,Janet Sanz,FEMALE,2022-11-22,Darmstadt
17899,Theresa,Moreno,Theresa Moreno,FEMALE,2023-05-22,Paris
17900,Victoria,Snowden,Victoria Snowden,FEMALE,2022-12-01,Paris
17901,Keith,Tang,Keith Tang,MALE,2023-11-01,Hannover
17902,Ruth,Lopez,Ruth Lopez,FEMALE,2022-11-26,Stuttgart
17903,Bethany,Shen,Bethany Shen,FEMALE,2023-10-24,Birmingham
17904,Gina,Torres,Gina Torres,FEMALE,2021-04-02,Sunbury
17905,Calvin,Yuan,Calvin Yuan,MALE,2023-11-09,North Ryde
17906,Jonathon,Vazquez,Jonathon Vazquez,MALE,2023-12-04,Hawthorne
17907,Priscilla,Luo,Priscilla Luo,FEMALE,2023-10-07,Wollongong
17908,Warren,Yang,Warren Yang,MALE,2023-03-11,East Brisbane
17909,Joanna,Ortega,Joanna Ortega,FEMALE,2021-04-21,Newcastle
17910,Dustin,Nara,Dustin Nara,MALE,2021-04-11,Milsons Point
17911,Pedro,Rodriguez,Pedro Rodriguez,MALE,2021-04-06,Coffs Harbour
17912,Louis,Zhou,Louis Zhou,MALE,2021-04-08,Lane Cove
17913,Lacey,Xu,Lacey Xu,FEMALE,2021-04-29,Sunbury
17914,Phillip,Suri,Phillip Suri,MALE,2021-04-25,Findon
17915,Aimee,Li,Aimee Li,FEMALE,2021-04-10,Darlinghurst
17916,Tracy,Xu,Tracy Xu,FEMALE,2021-04-18,Lavender Bay
17917,Cristina,Raje,Cristina Raje,FEMALE,2021-04-17,Brisbane
17918,Suzanne,Zeng,Suzanne Zeng,FEMALE,2021-04-27,Springwood
17919,Bruce,Hernandez,Bruce Hernandez,MALE,2021-04-17,Seaford
17920,Bradley,Yuan,Bradley Yuan,MALE,2021-04-05,North Ryde
17921,Karen,Li,Karen Li,FEMALE,2021-04-02,Warrnambool
17922,Shane,Schmidt,Shane Schmidt,MALE,2021-04-29,Lane Cove
17923,Cory,Malhotra,Cory Malhotra,MALE,2021-04-26,Gold Coast
17924,Shawna,Lal,Shawna Lal,FEMALE,2021-04-11,Sunbury
17925,Bradley,Raji,Bradley Raji,MALE,2021-04-11,Darlinghurst
17926,Carolyn,Ramos,Carolyn Ramos,FEMALE,2021-04-26,Springwood
17927,Douglas,Patel,Douglas Patel,MALE,2021-04-19,Wollongong
17928,Terrence,She,Terrence She,MALE,2022-11-23,Essen
17929,Alfredo,Rubio,Alfredo Rubio,MALE,2022-11-07,Mühlheim
17930,Chelsea,Srini,Chelsea Srini,FEMALE,2023-09-18,Paris
17931,Jeffery,Zhao,Jeffery Zhao,MALE,2023-08-27,Saint Ouen
17932,Barry,Srini,Barry Srini,MALE,2022-12-16,Verrieres Le Buisson
17933,Virginia,Prasad,Virginia Prasad,FEMALE,2022-09-14,Maidenhead
17934,Nelson,Gill,Nelson Gill,MALE,2022-11-16,Eilenburg
17935,Misty,Jai,Misty Jai,FEMALE,2023-06-22,Erlangen
17936,Tonya,Deng,Tonya Deng,FEMALE,2023-04-18,Bury
17937,Heidi,Kapoor,Heidi Kapoor,FEMALE,2022-09-01,Runcorn
17938,Ruben,Gill,Ruben Gill,MALE,2024-01-04,Lieusaint
17939,Kelli,Wang,Kelli Wang,FEMALE,2024-01-03,Suresnes
17940,Tommy,Yuan,Tommy Yuan,MALE,2022-11-06,Frankfurt
17941,David,Jenkins,David Jenkins,MALE,2022-10-31,Ingolstadt
17942,Steven,Watson,Steven Watson,MALE,2022-11-02,Ingolstadt
17943,Joe,Romero,Joe Romero,MALE,2022-09-07,Warrington
17944,Riley,Rivera,Riley Rivera,FEMALE,2022-12-03,Drancy
17945,Julio,Rubio,Julio Rubio,MALE,2022-11-20,Frankfurt
17946,Jocelyn,Washington,Jocelyn Washington,FEMALE,2022-10-29,Kassel
17947,Erick,Srini,Erick Srini,MALE,2022-12-11,München
17948,Cheryl,Vazquez,Cheryl Vazquez,FEMALE,2022-09-21,West Sussex
17949,Sophia,Mitchell,Sophia Mitchell,FEMALE,2022-12-06,Lille
17950,Alberto,Ortega,Alberto Ortega,MALE,2022-12-13,Colomiers
17951,Frederick,Malhotra,Frederick Malhotra,MALE,2023-07-05,Esher-Molesey
17952,Brendan,Beck,Brendan Beck,MALE,2022-12-24,Sulzbach Taunus
17953,Latoya,Raje,Latoya Raje,FEMALE,2023-08-19,Paris
17954,Shelby,Torres,Shelby Torres,FEMALE,2023-05-20,Saint Germain en Laye
17955,Ronnie,Zhao,Ronnie Zhao,MALE,2023-11-14,Saarlouis
17956,Jaime,Gomez,Jaime Gomez,MALE,2021-01-20,Metz
17957,Misty,Yuan,Misty Yuan,FEMALE,2021-01-28,Sèvres
17958,Ricardo,Lal,Ricardo Lal,MALE,2022-09-24,London
17959,Ebony,Srini,Ebony Srini,FEMALE,2022-09-12,London
17960,Marie,Rodriguez,Marie Rodriguez,FEMALE,2022-09-13,Oxford
17961,Meghan,Blanco,Meghan Blanco,FEMALE,2023-11-04,Maidenhead
17962,Colin,Zhou,Colin Zhou,MALE,2022-09-14,London
17963,Natalie,Collins,Natalie Collins,FEMALE,2022-11-28,Darmstadt
17964,Darren,Suri,Darren Suri,MALE,2022-12-01,Solingen
17965,Warren,Chander,Warren Chander,MALE,2022-09-20,W. York
17966,Kellie,Gutierrez,Kellie Gutierrez,FEMALE,2022-09-19,Watford
17967,Cassandra,Gonzalez,Cassandra Gonzalez,FEMALE,2023-12-28,York
17968,Nina,Black,Nina Black,FEMALE,2022-09-13,Warrington
17969,Jeffery,Li,Jeffery Li,MALE,2022-09-11,Kirkby
17970,Erick,Martinez,Erick Martinez,MALE,2023-04-01,Berlin
17971,Mayra,Perez,Mayra Perez,FEMALE,2021-02-22,Colombes
17972,Alisha,Ma,Alisha Ma,FEMALE,2022-10-15,Runcorn
17973,Johnathan,Rodriguez,Johnathan Rodriguez,MALE,2021-03-21,Paris
17974,Kate,Raje,Kate Raje,FEMALE,2022-10-20,Berkshire
17975,Candace,Sai,Candace Sai,FEMALE,2021-03-31,Cergy
17976,Daisy,Carlson,Daisy Carlson,FEMALE,2022-12-20,München
17977,Valerie,Zeng,Valerie Zeng,FEMALE,2022-10-25,Birmingham
17978,Armando,Diaz,Armando Diaz,MALE,2022-10-18,Bury
17979,Lisa,Lin,Lisa Lin,FEMALE,2022-10-10,Runcorn
17980,Paige,Hughes,Paige Hughes,FEMALE,2022-12-02,Kassel
17981,Fernando,Mitchell,Fernando Mitchell,MALE,2022-09-29,Warrington
17982,Francisco,Mehta,Francisco Mehta,MALE,2021-05-19,Saint Ouen
17983,Carol,Saunders,Carol Saunders,FEMALE,2022-12-14,Hamburg
17984,Barbara,Andersen,Barbara Andersen,FEMALE,2022-12-19,Hof
17985,Cedric,Sun,Cedric Sun,MALE,2022-12-24,Kiel
17986,Monica,Malhotra,Monica Malhotra,FEMALE,2022-12-16,München
17987,Cara,Sun,Cara Sun,FEMALE,2021-05-05,Paris
17988,Alfredo,Diaz,Alfredo Diaz,MALE,2023-10-23,Paris
17989,Tiffany,Sun,Tiffany Sun,FEMALE,2022-12-03,Ingolstadt
17990,Kristina,Patel,Kristina Patel,FEMALE,2022-10-22,Milton Keynes
17991,Richard,Kelly,Richard Kelly,MALE,2023-07-24,Kirkby
17992,Sandra,Ma,Sandra Ma,FEMALE,2023-02-27,Solingen
17993,Richard,Williams,Richard Williams,MALE,2023-02-03,Hamburg
17994,Bradley,Xu,Bradley Xu,MALE,2023-02-16,Berlin
17995,Sabrina,Jimenez,Sabrina Jimenez,FEMALE,2023-09-03,Stuttgart
17996,Cedric,Raji,Cedric Raji,MALE,2021-06-07,Les Ulis
17997,April,Sharma,April Sharma,FEMALE,2023-04-18,Villeneuve-d'Ascq
17998,Tammy,Weber,Tammy Weber,FEMALE,2022-12-25,Neunkirchen
17999,Byron,Romero,Byron Romero,MALE,2021-06-24,Dunkerque
18000,Ramon,She,Ramon She,MALE,2022-10-12,Billericay
18001,Ross,Suri,Ross Suri,MALE,2023-11-11,Berlin
18002,Gina,Navarro,Gina Navarro,FEMALE,2023-09-21,Berlin
18003,Edwin,Chande,Edwin Chande,MALE,2024-01-24,Werne
18004,Tonya,Shen,Tonya Shen,FEMALE,2021-06-10,Paris
18005,Renee,Ramos,Renee Ramos,FEMALE,2022-12-20,Hamburg
18006,Franklin,Chander,Franklin Chander,MALE,2023-05-01,Paderborn
18007,Michele,Suri,Michele Suri,FEMALE,2023-07-27,Bracknell
18008,Deanna,Sai,Deanna Sai,FEMALE,2021-07-17,Drancy
18009,Deanna,Prasad,Deanna Prasad,FEMALE,2021-07-27,Lieusaint
18010,Clarence,Jai,Clarence Jai,MALE,2021-08-06,Orleans
18011,Frank,Gomez,Frank Gomez,MALE,2021-08-04,Paris
18012,Karen,Zhu,Karen Zhu,FEMALE,2023-11-02,Gloucestershire
18013,Kathleen,Munoz,Kathleen Munoz,FEMALE,2024-01-14,London
18014,Wayne,Xu,Wayne Xu,MALE,2023-04-06,Croix
18015,Haley,Edwards,Haley Edwards,FEMALE,2023-11-14,Dunkerque
18016,Tiffany,Liu,Tiffany Liu,FEMALE,2023-11-14,Saint-Denis
18017,Kurt,Shan,Kurt Shan,MALE,2023-02-17,Berlin
18018,Peter,Xie,Peter Xie,MALE,2023-09-08,Verrieres Le Buisson
18019,Yolanda,Raji,Yolanda Raji,FEMALE,2022-12-03,München
18020,Armando,Ruiz,Armando Ruiz,MALE,2023-08-23,Solingen
18021,Trisha,She,Trisha She,FEMALE,2022-10-03,Milton Keynes
18022,Victor,Alvarez,Victor Alvarez,MALE,2023-02-27,Berlin
18023,Terrence,Raji,Terrence Raji,MALE,2023-10-01,Bonn
18024,Nancy,Kapoor,Nancy Kapoor,FEMALE,2023-04-01,Woolston
18025,Benjamin,Flores,Benjamin Flores,MALE,2023-08-20,Lille
18026,Alisha,He,Alisha He,FEMALE,2022-10-29,Oxon
18027,Alexia,Griffin,Alexia Griffin,FEMALE,2022-12-12,Saarlouis
18028,Jessie,Zheng,Jessie Zheng,MALE,2022-11-11,Oxford
18029,Carmen,Malhotra,Carmen Malhotra,FEMALE,2023-08-26,Bottrop
18030,Victor,Torres,Victor Torres,MALE,2023-03-06,Liverpool
18031,Shawna,Tang,Shawna Tang,FEMALE,2023-05-16,Offenbach
18032,Cassie,Raji,Cassie Raji,FEMALE,2023-05-05,Paris
18033,Evelyn,Patel,Evelyn Patel,FEMALE,2023-09-01,Solingen
18034,Ethan,Robinson,Ethan Robinson,MALE,2023-05-21,Paderborn
18035,Karen,Zhang,Karen Zhang,FEMALE,2023-12-26,Werne
18036,Bruce,Sanchez,Bruce Sanchez,MALE,2023-03-28,Duesseldorf
18037,Bruce,Garcia,Bruce Garcia,MALE,2023-09-09,Gloucestershire
18038,Kelli,Kumar,Kelli Kumar,FEMALE,2021-08-11,Chatou
18039,Logan,Clark,Logan Clark,MALE,2021-09-04,Dunkerque
18040,Curtis,Liu,Curtis Liu,MALE,2023-06-29,Suresnes
18041,Sheena,Xie,Sheena Xie,FEMALE,2023-07-17,Leeds
18042,Stanley,Srini,Stanley Srini,MALE,2023-04-01,York
18043,Katie,Chande,Katie Chande,FEMALE,2023-05-20,Dunkerque
18044,Kendra,Carlson,Kendra Carlson,FEMALE,2023-09-07,London
18045,Toni,Arun,Toni Arun,FEMALE,2022-12-08,München
18046,Terry,Jai,Terry Jai,MALE,2021-09-23,Verrieres Le Buisson
18047,Latasha,Alvarez,Latasha Alvarez,FEMALE,2021-12-29,Bonn
18048,Alisha,Sun,Alisha Sun,FEMALE,2023-11-18,Berks
18049,Patrick,Watson,Patrick Watson,MALE,2023-09-13,Lynnwood
18050,Sara,Cooper,Sara Cooper,FEMALE,2023-09-09,Oakland
18051,Caroline,Price,Caroline Price,FEMALE,2023-12-02,Shawnee
18052,Maria,Young,Maria Young,FEMALE,2023-09-17,San Francisco
18053,Stefanie,Smith,Stefanie Smith,FEMALE,2023-02-11,Charlotte
18054,Jake,Zeng,Jake Zeng,MALE,2023-04-23,Cliffside
18055,Trevor,Harrison,Trevor Harrison,MALE,2023-02-12,Langford
18056,Haley,Price,Haley Price,FEMALE,2023-09-06,El Cajon
18057,Logan,Washington,Logan Washington,MALE,2023-09-02,Lakewood
18058,Riley,Patterson,Riley Patterson,FEMALE,2023-09-03,Berkeley
18059,Bailey,Gonzalez,Bailey Gonzalez,FEMALE,2023-09-07,Walla Walla
18060,Sara,Carter,Sara Carter,FEMALE,2023-09-01,Redmond
18061,Jesse,Bailey,Jesse Bailey,MALE,2023-07-14,Daly City
18062,Dylan,Anderson,Dylan Anderson,MALE,2023-09-22,San Gabriel
18063,Alexandria,Ward,Alexandria Ward,FEMALE,2023-03-26,San Carlos
18064,Catherine,Rivera,Catherine Rivera,FEMALE,2023-03-22,Lakewood
18065,Julia,Brown,Julia Brown,FEMALE,2023-09-04,Haney
18066,Steve,He,Steve He,MALE,2023-11-12,Beverly Hills
18067,Jackson,King,Jackson King,MALE,2023-11-17,Portland
18068,Ethan,Walker,Ethan Walker,MALE,2023-10-31,Woodland Hills
18069,Elijah,Hill,Elijah Hill,MALE,2023-08-01,El Cajon
18070,Alyssa,Martinez,Alyssa Martinez,FEMALE,2024-01-23,Santa Monica
18071,Katelyn,Campbell,Katelyn Campbell,FEMALE,2023-04-25,Grossmont
18072,Maria,Perez,Maria Perez,FEMALE,2023-09-07,W. Linn
18073,Robert,Chen,Robert Chen,MALE,2024-01-20,San Gabriel
18074,Julia,Hall,Julia Hall,FEMALE,2023-07-19,Lynnwood
18075,Courtney,Adams,Courtney Adams,FEMALE,2023-11-05,Torrance
18076,Andre,Mehta,Andre Mehta,MALE,2023-10-29,Chula Vista
18077,Philip,Ruiz,Philip Ruiz,MALE,2023-05-30,Cliffside
18078,Ruben,Srini,Ruben Srini,MALE,2023-03-27,Cliffside
18079,Victoria,Martin,Victoria Martin,FEMALE,2023-09-16,La Jolla
18080,Paige,Richardson,Paige Richardson,FEMALE,2023-09-04,Novato
18081,Amanda,Parker,Amanda Parker,FEMALE,2023-07-12,Port Hammond
18082,Steven,Sanchez,Steven Sanchez,MALE,2023-11-08,Edmonds
18083,Osarumwense,Agbonile,Osarumwense Agbonile,MALE,2023-06-30,Issaquah
18084,Jessica,Diaz,Jessica Diaz,FEMALE,2023-09-19,Redmond
18085,Christy,Nath,Christy Nath,FEMALE,2023-09-27,Colma
18086,Jaclyn,Zeng,Jaclyn Zeng,FEMALE,2023-09-11,Concord
18087,Marcus,Long,Marcus Long,MALE,2023-08-29,Grossmont
18088,Seth,Stewart,Seth Stewart,MALE,2023-09-12,Lincoln Acres
18089,Melanie,Gonzales,Melanie Gonzales,FEMALE,2023-11-29,Langford
18090,Lucas,Smith,Lucas Smith,MALE,2023-04-21,Langley
18091,Chase,Bell,Chase Bell,MALE,2023-12-05,Metchosin
18092,Eduardo,Baker,Eduardo Baker,MALE,2023-12-02,N. Vancouver
18093,Grace,Johnson,Grace Johnson,FEMALE,2023-06-16,Salem
18094,Roy,Alonso,Roy Alonso,MALE,2023-02-19,Bellflower
18095,Thomas,Campbell,Thomas Campbell,MALE,2023-02-05,Beverly Hills
18096,Ariana,Kelly,Ariana Kelly,FEMALE,2023-09-06,Beverly Hills
18097,Sydney,Stewart,Sydney Stewart,FEMALE,2023-03-22,Renton
18098,Edward,Lee,Edward Lee,MALE,2023-09-06,W. Linn
18099,Marcus,Edwards,Marcus Edwards,MALE,2023-06-10,Glendale
18100,Kyle,Li,Kyle Li,MALE,2023-07-17,Newport Beach
18101,Bailey,Turner,Bailey Turner,FEMALE,2023-11-18,Novato
18102,Nicholas,Lewis,Nicholas Lewis,MALE,2023-02-04,Spring Valley
18103,Chelsea,Gonzalez,Chelsea Gonzalez,FEMALE,2023-12-10,Cliffside
18104,Taylor,Coleman,Taylor Coleman,FEMALE,2023-04-02,Tacoma
18105,Destiny,Brooks,Destiny Brooks,FEMALE,2023-03-26,W. Linn
18106,Carson,Alexander,Carson Alexander,MALE,2023-04-21,Bellflower
18107,Laura,Liang,Laura Liang,FEMALE,2024-01-03,Burlingame
18108,Colin,Gao,Colin Gao,MALE,2023-09-01,Colma
18109,Samuel,Campbell,Samuel Campbell,MALE,2023-02-23,La Jolla
18110,Austin,Li,Austin Li,MALE,2023-02-03,Long Beach
18111,Timothy,Morris,Timothy Morris,MALE,2023-02-15,Mill Valley
18112,Sophia,Gonzalez,Sophia Gonzalez,FEMALE,2023-06-10,San Francisco
18113,Abigail,Simmons,Abigail Simmons,FEMALE,2023-11-07,Torrance
18114,Alexandria,Foster,Alexandria Foster,FEMALE,2024-01-14,West Covina
18115,Richard,Young,Richard Young,MALE,2023-11-23,Seattle
18116,Thomas,Li,Thomas Li,MALE,2023-10-12,N. Vancouver
18117,Fernando,Washington,Fernando Washington,MALE,2023-12-23,Redmond
18118,Megan,Reed,Megan Reed,FEMALE,2023-11-29,Newton
18119,Shawn,Nath,Shawn Nath,MALE,2023-10-19,Colma
18120,Isabella,Martin,Isabella Martin,FEMALE,2023-09-06,Berkeley
18121,Madeline,Young,Madeline Young,FEMALE,2023-09-16,Spokane
18122,Justin,Hughes,Justin Hughes,MALE,2023-10-25,Langley
18123,Emily,Hughes,Emily Hughes,FEMALE,2023-03-03,Downey
18124,Calvin,Chander,Calvin Chander,MALE,2023-09-16,Neunkirchen
18125,Leah,Cai,Leah Cai,FEMALE,2021-12-30,Sulzbach Taunus
18126,Larry,Ortega,Larry Ortega,MALE,2022-11-21,Leeds
18127,Franklin,He,Franklin He,MALE,2022-11-03,London
18128,Roberto,Suarez,Roberto Suarez,MALE,2023-04-15,Bobigny
18129,Elizabeth,Rodriguez,Elizabeth Rodriguez,FEMALE,2023-06-05,Chatou
18130,Kaitlyn,Mitchell,Kaitlyn Mitchell,FEMALE,2022-01-08,Neunkirchen
18131,Ann,Malhotra,Ann Malhotra,FEMALE,2021-09-16,Roissy en Brie
18132,Adrienne,Blanco,Adrienne Blanco,FEMALE,2021-09-14,Sèvres
18133,Karen,Smith,Karen Smith,FEMALE,2022-02-07,Frankfurt
18134,Melody,Romero,Melody Romero,FEMALE,2022-02-12,Hof
18135,Blake,Diaz,Blake Diaz,MALE,2022-11-04,Gateshead
18136,Carl,Xie,Carl Xie,MALE,2022-11-16,London
18137,Gabriel,Kumar,Gabriel Kumar,MALE,2021-09-03,Saint Germain en Laye
18138,Walter,Alonso,Walter Alonso,MALE,2023-12-06,Paris
18139,Jennifer,Washington,Jennifer Washington,FEMALE,2022-02-23,Hamburg
18140,Anthony,White,Anthony White,MALE,2022-02-21,Neunkirchen
18141,Deanna,Chandra,Deanna Chandra,FEMALE,2022-11-04,Berkshire
18142,Riley,Bradley,Riley Bradley,FEMALE,2023-10-28,Roubaix
18143,Chad,Shen,Chad Shen,MALE,2021-10-05,Paris
18144,Katie,Chapman,Katie Chapman,FEMALE,2023-11-30,Paris
18145,David,So,David So,MALE,2023-02-10,Bonn
18146,Eugene,Wang,Eugene Wang,MALE,2023-10-23,Hamburg
18147,Katrina,Luo,Katrina Luo,FEMALE,2022-11-27,York
18148,Jaclyn,Huang,Jaclyn Huang,FEMALE,2021-10-16,Colombes
18149,Rebekah,Blanco,Rebekah Blanco,FEMALE,2023-04-04,Berkshire
18150,Mitchell,Deng,Mitchell Deng,MALE,2023-02-21,Colombes
18151,Brendan,She,Brendan She,MALE,2023-03-23,Saint Germain en Laye
18152,Bryant,Suri,Bryant Suri,MALE,2023-02-26,Pantin
18153,Karen,Gao,Karen Gao,FEMALE,2024-01-02,Berlin
18154,Calvin,She,Calvin She,MALE,2023-05-27,Berlin
18155,Arianna,Morgan,Arianna Morgan,FEMALE,2023-06-30,Billericay
18156,Trisha,Zhang,Trisha Zhang,FEMALE,2023-09-01,High Wycombe
18157,Isabella,Hall,Isabella Hall,FEMALE,2022-04-19,Frankfurt
18158,Jeremiah,Griffin,Jeremiah Griffin,MALE,2022-10-28,Oxford
18159,Jaime,Serrano,Jaime Serrano,FEMALE,2024-01-23,Saint Ouen
18160,Bryan,Rivera,Bryan Rivera,MALE,2022-11-17,Gateshead
18161,Tanya,Sanz,Tanya Sanz,FEMALE,2023-05-24,Cergy
18162,Misty,Pal,Misty Pal,FEMALE,2023-10-10,Colombes
18163,Gabriel,Zhang,Gabriel Zhang,MALE,2021-11-12,Metz
18164,Alisha,Wang,Alisha Wang,FEMALE,2022-05-18,Salzgitter
18165,Randall,Gill,Randall Gill,MALE,2023-04-11,Birmingham
18166,Julian,Wood,Julian Wood,MALE,2022-11-09,Oxford
18167,Raul,Chander,Raul Chander,MALE,2022-06-05,Frankfurt am Main
18168,Pedro,Sanz,Pedro Sanz,MALE,2022-11-19,Esher-Molesey
18169,Alisha,Liang,Alisha Liang,FEMALE,2023-03-26,Berlin
18170,Adam,Perez,Adam Perez,MALE,2023-03-08,Ingolstadt
18171,Alejandro,Zeng,Alejandro Zeng,MALE,2022-06-26,Stuttgart
18172,Willie,Black,Willie Black,MALE,2023-10-20,Birmingham
18173,Brent,Zhang,Brent Zhang,MALE,2022-11-03,London
18174,Jill,Munoz,Jill Munoz,FEMALE,2023-01-30,Orly
18175,Carrie,Hernandez,Carrie Hernandez,FEMALE,2021-11-22,Paris
18176,Bradley,Kumar,Bradley Kumar,MALE,2022-06-10,Leipzig
18177,Reginald,Suarez,Reginald Suarez,MALE,2022-11-04,London
18178,Tracy,Goel,Tracy Goel,FEMALE,2023-06-08,Reading
18179,Chelsea,McDonald,Chelsea McDonald,FEMALE,2023-04-17,Paris
18180,Juan,Howard,Juan Howard,MALE,2023-05-10,Kassel
18181,Neil,Diaz,Neil Diaz,MALE,2023-05-26,London
18182,Kristi,Prasad,Kristi Prasad,FEMALE,2023-04-09,Berlin
18183,Meagan,Schmidt,Meagan Schmidt,FEMALE,2022-06-22,Paderborn
18184,Leonard,Chande,Leonard Chande,MALE,2023-10-16,Paris
18185,Laura,Huang,Laura Huang,FEMALE,2022-06-17,Leipzig
18186,Lori,Hernandez,Lori Hernandez,FEMALE,2023-04-13,Newcastle upon Tyne
18187,Dennis,Gao,Dennis Gao,MALE,2023-06-03,West Sussex
18188,Jeffery,Wang,Jeffery Wang,MALE,2021-04-04,Warrnambool
18189,Nancy,Mehta,Nancy Mehta,FEMALE,2021-04-04,Silverwater
18190,Danny,Diaz,Danny Diaz,MALE,2023-03-20,Findon
18191,Julie,Sharma,Julie Sharma,FEMALE,2023-01-30,North Sydney
18192,Max,Hernandez,Max Hernandez,MALE,2023-04-06,North Sydney
18193,Louis,Yuan,Louis Yuan,MALE,2021-04-09,Lavender Bay
18194,Yolanda,Kumar,Yolanda Kumar,FEMALE,2023-05-22,Perth
18195,Walter,Sanz,Walter Sanz,MALE,2023-04-21,Lane Cove
18196,Ivan,Rana,Ivan Rana,MALE,2021-05-11,Coffs Harbour
18197,Jenny,Zimmerman,Jenny Zimmerman,FEMALE,2023-02-19,Darlinghurst
18198,Cedric,Xu,Cedric Xu,MALE,2021-05-17,Darlinghurst
18199,Brandy,Lopez,Brandy Lopez,FEMALE,2023-05-30,Malabar
18200,Alfredo,Gomez,Alfredo Gomez,MALE,2021-05-07,Port Macquarie
18201,Karla,Xie,Karla Xie,FEMALE,2021-05-14,Port Macquarie
18202,Erika,Gill,Erika Gill,FEMALE,2021-05-30,Townsville
18203,Louis,Kumar,Louis Kumar,MALE,2021-05-11,Milsons Point
18204,Tiffany,Cai,Tiffany Cai,FEMALE,2021-05-09,Rockhampton
18205,Lindsey,Raji,Lindsey Raji,FEMALE,2021-05-08,Port Macquarie
18206,Bruce,Madan,Bruce Madan,MALE,2023-04-22,Coffs Harbour
18207,Phillip,Gonzalez,Phillip Gonzalez,MALE,2021-05-16,Silverwater
18208,Latoya,Nara,Latoya Nara,FEMALE,2021-05-14,Lavender Bay
18209,Ann,Chandra,Ann Chandra,FEMALE,2021-05-10,Goulburn
18210,Katie,Lal,Katie Lal,FEMALE,2021-05-03,Silverwater
18211,Jaclyn,Sun,Jaclyn Sun,FEMALE,2023-03-01,Caloundra
18212,Marc,Ramos,Marc Ramos,MALE,2021-05-15,St. Leonards
18213,Sheena,Raji,Sheena Raji,FEMALE,2021-05-11,Cloverdale
18214,Ronald,Suri,Ronald Suri,MALE,2021-05-29,Melbourne
18215,Ashley,Taylor,Ashley Taylor,FEMALE,2023-10-31,Rockhampton
18216,Susan,Zhang,Susan Zhang,FEMALE,2023-02-23,Townsville
18217,Danny,Alonso,Danny Alonso,MALE,2021-05-09,Hawthorne
18218,Thomas,Powell,Thomas Powell,MALE,2021-05-11,Wollongong
18219,Felicia,Gomez,Felicia Gomez,FEMALE,2021-05-22,Wollongong
18220,Brent,Huang,Brent Huang,MALE,2021-05-07,Brisbane
18221,Marc,Alvarez,Marc Alvarez,MALE,2023-08-09,Hawthorne
18222,Carolyn,Suarez,Carolyn Suarez,FEMALE,2021-05-15,St. Leonards
18223,Noah,Clark,Noah Clark,MALE,2023-02-25,Corvallis
18224,Vanessa,Perry,Vanessa Perry,FEMALE,2023-11-05,Marysville
18225,Paige,Jenkins,Paige Jenkins,FEMALE,2023-11-05,Marysville
18226,Joseph,Walker,Joseph Walker,MALE,2023-10-20,Seattle
18227,Miranda,Diaz,Miranda Diaz,FEMALE,2023-09-29,Lynnwood
18228,Adam,Parker,Adam Parker,MALE,2023-10-04,Santa Cruz
18229,Gabriella,Ward,Gabriella Ward,FEMALE,2023-10-26,Burlingame
18230,Brianna,Perry,Brianna Perry,FEMALE,2023-11-22,Bellflower
18231,Janet,Gutierrez,Janet Gutierrez,FEMALE,2023-11-27,Berkeley
18232,Sophia,Edwards,Sophia Edwards,FEMALE,2023-11-08,Novato
18233,Mackenzie,Bailey,Mackenzie Bailey,FEMALE,2023-09-29,Olympia
18234,Alexandria,Russell,Alexandria Russell,FEMALE,2023-10-07,Sedro Woolley
18235,Vincent,Guo,Vincent Guo,MALE,2023-08-31,Beverly Hills
18236,Andrew,Wilson,Andrew Wilson,MALE,2023-10-18,Shawnee
18237,Nicole,Russell,Nicole Russell,FEMALE,2023-09-30,Cliffside
18238,Eduardo,Harris,Eduardo Harris,MALE,2021-05-05,Caloundra
18239,Alisha,Zhu,Alisha Zhu,FEMALE,2021-05-26,Malabar
18240,Arthur,Smith,Arthur Smith,MALE,2021-05-24,Melton
18241,Tony,Sharma,Tony Sharma,MALE,2021-05-07,Springwood
18242,Christine,Pal,Christine Pal,FEMALE,2021-05-30,Newcastle
18243,Cesar,Sai,Cesar Sai,MALE,2021-05-06,Milsons Point
18244,Lindsay,Chande,Lindsay Chande,FEMALE,2021-05-20,East Brisbane
18245,Misty,Goel,Misty Goel,FEMALE,2021-05-16,Brisbane
18246,Terrence,Raje,Terrence Raje,MALE,2021-05-12,Springwood
18247,Donna,Beck,Donna Beck,FEMALE,2023-07-15,Melbourne
18248,Pedro,Moreno,Pedro Moreno,MALE,2021-05-25,Caloundra
18249,Alison,Chander,Alison Chander,FEMALE,2021-05-19,Perth
18250,Jeremiah,Hall,Jeremiah Hall,MALE,2021-05-05,Geelong
18251,Ricky,Sanz,Ricky Sanz,MALE,2021-05-29,Geelong
18252,Alvin,Sun,Alvin Sun,MALE,2021-05-30,Bendigo
18253,Trisha,Guo,Trisha Guo,FEMALE,2023-05-11,Melbourne
18254,Larry,Martin,Larry Martin,MALE,2021-05-21,Lane Cove
18255,Rachel,Griffin,Rachel Griffin,FEMALE,2021-05-12,Geelong
18256,Gilbert,Cai,Gilbert Cai,MALE,2023-02-27,Brisbane
18257,Krista,Jimenez,Krista Jimenez,FEMALE,2023-03-16,Cranbourne
18258,Cassie,Chander,Cassie Chander,FEMALE,2023-06-18,Matraville
18259,Bailey,Torres,Bailey Torres,FEMALE,2023-02-20,Melbourne
18260,Jodi,Sharma,Jodi Sharma,FEMALE,2021-05-23,Warrnambool
18261,Stacy,Ramos,Stacy Ramos,FEMALE,2023-08-30,Perth
18262,Evelyn,Rana,Evelyn Rana,FEMALE,2023-10-20,Sydney
18263,Karla,Jai,Karla Jai,FEMALE,2023-02-24,Coffs Harbour
18264,Jeffery,Ma,Jeffery Ma,MALE,2023-09-21,Darlinghurst
18265,Trisha,Cai,Trisha Cai,FEMALE,2023-09-17,North Sydney
18266,Mandy,Huang,Mandy Huang,FEMALE,2023-08-04,Melton
18267,Brad,Jai,Brad Jai,MALE,2023-02-17,Goulburn
18268,Preston,Chapman,Preston Chapman,MALE,2021-05-16,South Melbourne
18269,Wendy,Torres,Wendy Torres,FEMALE,2021-05-20,Hawthorne
18270,Rachael,Rana,Rachael Rana,FEMALE,2023-07-02,Wollongong
18271,Darrell,Yuan,Darrell Yuan,MALE,2023-04-08,North Sydney
18272,Autumn,Lin,Autumn Lin,FEMALE,2021-05-10,Lavender Bay
18273,Natalie,Moore,Natalie Moore,FEMALE,2021-05-28,Melbourne
18274,Carla,Sanchez,Carla Sanchez,FEMALE,2023-10-25,Newcastle
18275,Heather,Yang,Heather Yang,FEMALE,2021-05-14,Gold Coast
18276,Alexa,Murphy,Alexa Murphy,FEMALE,2021-06-17,Cranbourne
18277,Terry,Lal,Terry Lal,MALE,2021-06-15,Hawthorne
18278,Lucas,Powell,Lucas Powell,MALE,2023-04-09,Sunbury
18279,Rachael,Suri,Rachael Suri,FEMALE,2023-12-06,Wollongong
18280,Jimmy,Alonso,Jimmy Alonso,MALE,2023-11-22,Hobart
18281,Jaclyn,Li,Jaclyn Li,FEMALE,2021-06-01,Milsons Point
18282,Candace,Kapoor,Candace Kapoor,FEMALE,2023-02-13,Gold Coast
18283,Mallory,Vazquez,Mallory Vazquez,FEMALE,2023-08-02,Hobart
18284,Carl,Deng,Carl Deng,MALE,2021-06-13,Hobart
18285,Roberto,Romero,Roberto Romero,MALE,2023-04-01,Newcastle
18286,Holly,Suri,Holly Suri,FEMALE,2023-02-19,Caloundra
18287,Heather,Zeng,Heather Zeng,FEMALE,2023-02-26,Lavender Bay
18288,Daisy,Suarez,Daisy Suarez,FEMALE,2021-06-07,Goulburn
18289,Jaclyn,Raji,Jaclyn Raji,FEMALE,2023-10-15,Milsons Point
18290,Audrey,Hernandez,Audrey Hernandez,FEMALE,2023-02-08,Darlinghurst
18291,Jennifer,Hill,Jennifer Hill,FEMALE,2023-06-20,Melton
18292,Louis,Tang,Louis Tang,MALE,2023-08-02,South Melbourne
18293,Austin,Butler,Austin Butler,MALE,2023-01-28,Rockhampton
18294,Denise,Prasad,Denise Prasad,FEMALE,2023-05-12,Sunbury
18295,Ajay,Solanki,Ajay Solanki,FEMALE,2023-04-21,Brisbane
18296,Trisha,Li,Trisha Li,FEMALE,2021-06-10,Coffs Harbour
18297,Gloria,Alvarez,Gloria Alvarez,FEMALE,2021-06-25,Milsons Point
18298,Geoffrey,Malhotra,Geoffrey Malhotra,MALE,2023-07-19,North Ryde
18299,Colin,Deng,Colin Deng,MALE,2023-07-25,Townsville
18300,Diane,Ramos,Diane Ramos,FEMALE,2023-04-15,Cloverdale
18301,Julie,Xu,Julie Xu,FEMALE,2021-06-08,Sunbury
18302,Wayne,Xie,Wayne Xie,MALE,2021-06-25,Cranbourne
18303,Shannon,Serrano,Shannon Serrano,MALE,2021-06-17,North Sydney
18304,Yolanda,She,Yolanda She,FEMALE,2023-04-21,Silverwater
18305,Kelvin,Xu,Kelvin Xu,MALE,2023-07-09,Warrnambool
18306,Margaret,Lin,Margaret Lin,FEMALE,2023-06-15,Melbourne
18307,Amy,Zhang,Amy Zhang,FEMALE,2021-06-12,Goulburn
18308,Erica,Chen,Erica Chen,FEMALE,2021-06-10,South Melbourne
18309,Mandy,Wu,Mandy Wu,FEMALE,2021-06-02,Port Macquarie
18310,Lance,Romero,Lance Romero,MALE,2023-06-12,Rhodes
18311,Jennifer,Mitchell,Jennifer Mitchell,FEMALE,2023-12-15,El Cajon
18312,Miguel,Moore,Miguel Moore,MALE,2023-04-02,Daly City
18313,Arianna,Foster,Arianna Foster,FEMALE,2023-11-30,Burlingame
18314,Eric,Perry,Eric Perry,MALE,2023-03-21,Langley
18315,Melody,Dominguez,Melody Dominguez,FEMALE,2023-06-27,Carol Stream
18316,Justin,Kumar,Justin Kumar,MALE,2023-10-25,Olympia
18317,Samantha,Jones,Samantha Jones,FEMALE,2023-11-21,Shawnee
18318,Benjamin,Hughes,Benjamin Hughes,MALE,2023-10-01,Lynnwood
18319,Aimee,Sun,Aimee Sun,FEMALE,2023-04-24,Rhodes
18320,Luis,Jai,Luis Jai,MALE,2023-09-10,Vancouver
18321,Sebastian,Cook,Sebastian Cook,MALE,2023-03-27,Woodburn
18322,Antonio,Ross,Antonio Ross,MALE,2023-04-05,Port Hammond
18323,Jeremy,Clark,Jeremy Clark,MALE,2023-07-19,Edmonds
18324,Jackson,Butler,Jackson Butler,MALE,2023-12-18,Langford
18325,Colleen,Xu,Colleen Xu,FEMALE,2023-03-01,Hobart
18326,Jay,Srini,Jay Srini,MALE,2023-09-25,Matraville
18327,Jon,Sharma,Jon Sharma,MALE,2023-03-28,Berkeley
18328,Alvin,Rai,Alvin Rai,MALE,2023-10-09,Concord
18329,Marcus,Bailey,Marcus Bailey,MALE,2023-01-30,N. Vancouver
18330,Kellie,Diaz,Kellie Diaz,FEMALE,2023-03-14,Sunbury
18331,Jerry,Chande,Jerry Chande,MALE,2021-06-29,Cranbourne
18332,Emmanuel,Malhotra,Emmanuel Malhotra,MALE,2021-06-28,Cranbourne
18333,Meredith,Patel,Meredith Patel,FEMALE,2023-12-24,Caloundra
18334,Edwin,Ye,Edwin Ye,MALE,2021-06-06,Cloverdale
18335,Ricky,Diaz,Ricky Diaz,MALE,2021-06-05,Gold Coast
18336,Carla,Gonzalez,Carla Gonzalez,FEMALE,2021-06-15,Malabar
18337,Audrey,Serrano,Audrey Serrano,FEMALE,2021-06-03,Townsville
18338,Nina,Andersen,Nina Andersen,FEMALE,2021-06-04,Warrnambool
18339,Donna,Nath,Donna Nath,FEMALE,2023-10-13,Bellflower
18340,Arianna,Cooper,Arianna Cooper,FEMALE,2023-11-08,Berkeley
18341,Russell,Goel,Russell Goel,MALE,2024-01-12,Coronado
18342,Victoria,James,Victoria James,FEMALE,2023-05-26,National City
18343,Dalton,Green,Dalton Green,MALE,2023-08-16,Oakland
18344,Caleb,Turner,Caleb Turner,MALE,2023-10-19,Woodland Hills
18345,Samantha,Bryant,Samantha Bryant,FEMALE,2023-10-27,Metchosin
18346,Anna,Flores,Anna Flores,FEMALE,2023-02-20,Imperial Beach
18347,Alyssa,Clark,Alyssa Clark,FEMALE,2023-07-18,Palo Alto
18348,Katelyn,Roberts,Katelyn Roberts,FEMALE,2023-02-25,San Gabriel
18349,Jacob,Robinson,Jacob Robinson,MALE,2023-03-25,Spring Valley
18350,Emma,Ross,Emma Ross,FEMALE,2023-10-20,West Covina
18351,Alexander,Smith,Alexander Smith,MALE,2023-11-23,Burlingame
18352,Noah,Thomas,Noah Thomas,MALE,2023-11-09,Chula Vista
18353,Robert,Anderson,Robert Anderson,MALE,2023-11-07,Renton
18354,Alvin,Nara,Alvin Nara,MALE,2023-04-23,Burlingame
18355,Edward,Foster,Edward Foster,MALE,2023-08-09,Haney
18356,Alexander,Lee,Alexander Lee,MALE,2023-11-14,Sooke
18357,Trinity,Reed,Trinity Reed,FEMALE,2023-10-31,Issaquah
18358,Oscar,Coleman,Oscar Coleman,MALE,2023-04-10,Downey
18359,Alexandria,Bryant,Alexandria Bryant,FEMALE,2024-01-11,Newport Beach
18360,Eric,Li,Eric Li,MALE,2023-09-29,Santa Cruz
18361,Marcus,Simmons,Marcus Simmons,MALE,2023-10-07,West Covina
18362,Erin,Howard,Erin Howard,FEMALE,2023-11-30,Cliffside
18363,Lucas,Ward,Lucas Ward,MALE,2023-12-20,Cliffside
18364,Eduardo,Gray,Eduardo Gray,MALE,2023-03-10,Edmonds
18365,Daniel,Lewis,Daniel Lewis,MALE,2023-06-03,Renton
18366,Alexandria,Richardson,Alexandria Richardson,FEMALE,2023-10-15,La Jolla
18367,Edwin,Wu,Edwin Wu,MALE,2024-01-16,Rhodes
18368,Austin,Hughes,Austin Hughes,MALE,2023-12-19,Cliffside
18369,Mandy,He,Mandy He,FEMALE,2023-10-12,Chula Vista
18370,Tristan,Flores,Tristan Flores,MALE,2023-10-14,Santa Cruz
18371,Jessica,Morgan,Jessica Morgan,FEMALE,2023-10-10,Lynnwood
18372,Jeremiah,Thomas,Jeremiah Thomas,MALE,2023-12-12,Westminster
18373,Stephanie,Roberts,Stephanie Roberts,FEMALE,2023-10-13,Beaverton
18374,Logan,King,Logan King,MALE,2023-03-17,Puyallup
18375,Michelle,Morris,Michelle Morris,FEMALE,2023-12-20,Redwood City
18376,Abigail,Diaz,Abigail Diaz,FEMALE,2023-12-16,Novato
18377,Madison,Robinson,Madison Robinson,FEMALE,2023-10-06,Metchosin
18378,Dalton,Foster,Dalton Foster,MALE,2023-12-01,Santa Monica
18379,Abigail,Robinson,Abigail Robinson,FEMALE,2023-10-25,Port Hammond
18380,Kaitlyn,Kelly,Kaitlyn Kelly,FEMALE,2023-07-05,Milwaukie
18381,Katherine,Ward,Katherine Ward,FEMALE,2023-12-09,Chula Vista
18382,Isabella,Garcia,Isabella Garcia,FEMALE,2023-08-07,Langley
18383,Natalie,Torres,Natalie Torres,FEMALE,2023-08-02,Marysville
18384,Nicole,Williams,Nicole Williams,FEMALE,2023-02-09,Port Orchard
18385,Miguel,Gonzalez,Miguel Gonzalez,MALE,2024-01-14,Burbank
18386,Kevin,Shan,Kevin Shan,MALE,2023-12-10,El Cajon
18387,Carlos,Green,Carlos Green,MALE,2023-04-03,National City
18388,Julia,Russell,Julia Russell,FEMALE,2023-12-19,Spring Valley
18389,Marcus,Gray,Marcus Gray,MALE,2023-10-10,Cliffside
18390,Blake,Thompson,Blake Thompson,MALE,2023-06-06,Cliffside
18391,Jacqueline,Russell,Jacqueline Russell,FEMALE,2023-03-19,N. Vancouver
18392,Jasmine,Gonzales,Jasmine Gonzales,FEMALE,2023-10-19,Royal Oak
18393,Angela,Ross,Angela Ross,FEMALE,2023-12-02,Lake Oswego
18394,Sean,Wright,Sean Wright,MALE,2023-12-16,Renton
18395,Xavier,Howard,Xavier Howard,MALE,2023-12-06,Woodburn
18396,Luke,Parker,Luke Parker,MALE,2023-09-13,Yakima
18397,Louis,Anand,Louis Anand,MALE,2023-11-07,Byron
18398,Geoffrey,Sanchez,Geoffrey Sanchez,MALE,2023-12-10,Colma
18399,Sara,Torres,Sara Torres,FEMALE,2023-12-03,Concord
18400,Jeremiah,Jackson,Jeremiah Jackson,MALE,2023-12-28,Grossmont
18401,Joshua,Jones,Joshua Jones,MALE,2023-10-27,Metchosin
18402,Kimberly,Kelly,Kimberly Kelly,FEMALE,2023-08-29,Ballard
18403,Madeline,Phillips,Madeline Phillips,FEMALE,2023-12-26,Ballard
18404,Alicia,Raji,Alicia Raji,FEMALE,2023-09-13,Chehalis
18405,Sheila,Gutierrez,Sheila Gutierrez,FEMALE,2023-07-22,Berkeley
18406,Zachary,Ross,Zachary Ross,MALE,2023-12-24,Imperial Beach
18407,Maria,Griffin,Maria Griffin,FEMALE,2023-04-06,Westminster
18408,Cody,West,Cody West,MALE,2023-11-06,Burien
18409,Olivia,Washington,Olivia Washington,FEMALE,2023-09-29,Bellflower
18410,Joshua,Davis,Joshua Davis,MALE,2023-09-30,Imperial Beach
18411,Jack,Powell,Jack Powell,MALE,2023-06-19,Westminster
18412,Mary,Parker,Mary Parker,FEMALE,2023-12-20,El Cajon
18413,Samuel,Jackson,Samuel Jackson,MALE,2023-12-24,Imperial Beach
18414,Gabrielle,Griffin,Gabrielle Griffin,FEMALE,2023-10-07,Beaverton
18415,Summer,Mehta,Summer Mehta,FEMALE,2023-12-23,Burlingame
18416,Emma,Peterson,Emma Peterson,FEMALE,2023-12-04,Portland
18417,Jonathan,Roberts,Jonathan Roberts,MALE,2023-08-03,Beverly Hills
18418,Dawn,Sun,Dawn Sun,FEMALE,2023-12-28,Concord
18419,Rachel,Johnson,Rachel Johnson,FEMALE,2024-01-16,El Cajon
18420,Riley,Stewart,Riley Stewart,FEMALE,2023-12-07,San Carlos
18421,Megan,Morgan,Megan Morgan,FEMALE,2023-10-26,San Diego
18422,Taylor,Jones,Taylor Jones,FEMALE,2023-12-08,Torrance
18423,Christian,Jones,Christian Jones,MALE,2023-03-25,San Carlos
18424,Samuel,Williams,Samuel Williams,MALE,2023-03-08,Fremont
18425,Garrett,Brooks,Garrett Brooks,MALE,2023-09-11,El Cajon
18426,Luke,Gonzales,Luke Gonzales,MALE,2023-12-25,Fremont
18427,Justin,Diaz,Justin Diaz,MALE,2023-12-11,Lebanon
18428,Alexis,Henderson,Alexis Henderson,FEMALE,2023-12-08,Portland
18429,Faith,Gonzales,Faith Gonzales,FEMALE,2023-12-09,Tacoma
18430,Victoria,Morgan,Victoria Morgan,FEMALE,2023-10-22,W. Linn
18431,Cameron,Hayes,Cameron Hayes,MALE,2023-10-20,Lemon Grove
18432,Jordan,Lopez,Jordan Lopez,FEMALE,2023-12-07,Burlingame
18433,Seth,Ross,Seth Ross,MALE,2023-10-12,Oak Bay
18434,Clayton,Stone,Clayton Stone,MALE,2023-12-27,Burlingame
18435,Maria,Phillips,Maria Phillips,FEMALE,2023-12-07,Walla Walla
18436,Richard,Johnson,Richard Johnson,MALE,2023-12-13,Santa Monica
18437,Isabella,Butler,Isabella Butler,FEMALE,2023-12-03,Long Beach
18438,Sheila,Sanz,Sheila Sanz,FEMALE,2023-10-23,Colma
18439,Angela,Coleman,Angela Coleman,FEMALE,2023-10-02,Marysville
18440,Joe,Ashe,Joe Ashe,MALE,2023-10-14,Colma
18441,Tabitha,Munoz,Tabitha Munoz,FEMALE,2023-12-12,Beverly Hills
18442,Mason,Hill,Mason Hill,MALE,2023-12-15,Marysville
18443,Ross,Lopez,Ross Lopez,MALE,2023-12-17,East Brisbane
18444,Shannon,Chow,Shannon Chow,FEMALE,2023-12-29,Hervey Bay
18445,Colin,Li,Colin Li,MALE,2023-06-11,Malabar
18446,Larry,Ramos,Larry Ramos,MALE,2023-09-22,Malabar
18447,Renee,Ortega,Renee Ortega,FEMALE,2023-05-17,Lane Cove
18448,Jennifer,Bailey,Jennifer Bailey,FEMALE,2023-10-13,Long Beach
18449,Derrick,Ramos,Derrick Ramos,MALE,2023-02-18,Cliffside
18450,Willie,Shen,Willie Shen,MALE,2023-10-29,Newcastle
18451,Dale,Pal,Dale Pal,MALE,2023-11-21,South Melbourne
18452,Bruce,Martinez,Bruce Martinez,MALE,2021-05-31,Bendigo
18453,Caroline,Patterson,Caroline Patterson,FEMALE,2023-11-04,Corvallis
18454,George,Perez,George Perez,MALE,2023-01-29,Burbank
18455,Alejandro,Wu,Alejandro Wu,MALE,2023-11-16,Coronado
18456,Timothy,Bailey,Timothy Bailey,MALE,2023-11-04,Grossmont
18457,Olivia,White,Olivia White,FEMALE,2021-06-07,Wollongong
18458,Gregory,She,Gregory She,MALE,2021-06-20,Melbourne
18459,Toni,Sai,Toni Sai,FEMALE,2023-06-01,Concord
18460,Faith,Butler,Faith Butler,FEMALE,2023-12-05,Santa Cruz
18461,Tina,Martinez,Tina Martinez,FEMALE,2021-06-14,Springwood
18462,Clarence,Zhu,Clarence Zhu,MALE,2021-06-22,Sunbury
18463,Adriana,Suri,Adriana Suri,FEMALE,2021-06-14,Lane Cove
18464,Toni,Suri,Toni Suri,FEMALE,2021-06-24,Newcastle
18465,Jamie,Yang,Jamie Yang,FEMALE,2021-06-04,Sunbury
18466,Joy,Gutierrez,Joy Gutierrez,FEMALE,2023-11-11,Perth
18467,Darren,Townsend,Darren Townsend,MALE,2021-06-07,Gold Coast
18468,Joel,Sanchez,Joel Sanchez,MALE,2021-06-14,Goulburn
18469,Robyn,Rubio,Robyn Rubio,FEMALE,2021-06-22,Melbourne
18470,Jennifer,Taylor,Jennifer Taylor,FEMALE,2021-06-10,Melton
18471,Paige,Stewart,Paige Stewart,FEMALE,2023-07-18,Burien
18472,Hannah,Ross,Hannah Ross,FEMALE,2024-01-04,Puyallup
18473,Nathaniel,Rogers,Nathaniel Rogers,MALE,2023-08-06,La Jolla
18474,James,Smith,James Smith,MALE,2023-10-02,Long Beach
18475,Natalie,Brown,Natalie Brown,FEMALE,2023-07-04,Yakima
18476,Brooke,Rogers,Brooke Rogers,FEMALE,2023-07-04,Berkeley
18477,Angelica,Hughes,Angelica Hughes,FEMALE,2023-02-23,Lincoln Acres
18478,Eduardo,Roberts,Eduardo Roberts,MALE,2023-12-07,Bellflower
18479,Stacey,Chen,Stacey Chen,FEMALE,2023-12-18,Burien
18480,Heidi,Suri,Heidi Suri,FEMALE,2023-12-18,Burlingame
18481,Tanya,Romero,Tanya Romero,FEMALE,2023-12-04,Colma
18482,Sharon,Nara,Sharon Nara,FEMALE,2021-06-21,Coffs Harbour
18483,Byron,Gill,Byron Gill,MALE,2021-06-27,Perth
18484,Dustin,Sharma,Dustin Sharma,MALE,2021-06-07,Darlinghurst
18485,Devin,Gonzalez,Devin Gonzalez,MALE,2021-06-25,Melbourne
18486,Kari,Torres,Kari Torres,FEMALE,2021-06-02,St. Leonards
18487,Tasha,Nath,Tasha Nath,FEMALE,2021-06-07,Sunbury
18488,Clayton,Xu,Clayton Xu,MALE,2021-06-02,Townsville
18489,Johnny,Nara,Johnny Nara,MALE,2021-06-15,Silverwater
18490,Brad,Rai,Brad Rai,MALE,2021-06-18,Hervey Bay
18491,Michele,Gonzalez,Michele Gonzalez,FEMALE,2021-06-14,Darlinghurst
18492,Tamara,Johnston,Tamara Johnston,FEMALE,2023-07-01,St. Leonards
18493,Kaitlin,McDonald,Kaitlin McDonald,FEMALE,2021-06-16,Malabar
18494,Marcus,Young,Marcus Young,MALE,2021-06-28,Goulburn
18495,Jeremy,Phillips,Jeremy Phillips,MALE,2021-06-07,Melbourne
18496,Vincent,Zheng,Vincent Zheng,MALE,2021-06-10,Hervey Bay
18497,Fernando,Evans,Fernando Evans,MALE,2023-12-10,Woodburn
18498,Zachary,Russell,Zachary Russell,MALE,2023-09-08,Redwood City
18499,Darren,Rodriguez,Darren Rodriguez,MALE,2024-01-18,Burien
18500,Jose,Brown,Jose Brown,MALE,2023-12-11,Corvallis
18501,Alexandra,Powell,Alexandra Powell,FEMALE,2023-10-02,Walla Walla
18502,Pamela,Madan,Pamela Madan,FEMALE,2023-10-04,Chula Vista
18503,Timothy,Peterson,Timothy Peterson,MALE,2024-01-25,Santa Cruz
18504,Angel,Adams,Angel Adams,MALE,2023-07-09,Burlingame
18505,Carol,Scott,Carol Scott,FEMALE,2024-01-21,San Francisco
18506,Evan,Bradley,Evan Bradley,MALE,2023-06-24,Langley
18507,Edward,Baker,Edward Baker,MALE,2024-01-03,San Francisco
18508,Michele,Chander,Michele Chander,FEMALE,2023-12-13,Berkeley
18509,Xavier,Foster,Xavier Foster,MALE,2023-05-21,Palo Alto
18510,Samuel,Washington,Samuel Washington,MALE,2023-05-01,West Covina
18511,Mya,Jenkins,Mya Jenkins,FEMALE,2023-12-15,National City
18512,Alex,Torres,Alex Torres,MALE,2023-12-06,Lincoln Acres
18513,Edwin,Xu,Edwin Xu,MALE,2023-12-05,Burlingame
18514,Anne,Romero,Anne Romero,FEMALE,2023-12-07,Bellflower
18515,Gabrielle,Patterson,Gabrielle Patterson,FEMALE,2023-12-15,Milwaukie
18516,Juan,Brooks,Juan Brooks,MALE,2023-12-26,Renton
18517,Tristan,Diaz,Tristan Diaz,MALE,2023-09-16,Issaquah
18518,Stephanie,Scott,Stephanie Scott,FEMALE,2023-12-22,Lynnwood
18519,Alex,Cook,Alex Cook,MALE,2023-12-07,Bellflower
18520,Rafael,Huang,Rafael Huang,MALE,2023-04-16,Chula Vista
18521,Meghan,Rowe,Meghan Rowe,FEMALE,2023-03-18,Chula Vista
18522,Jeremiah,Smith,Jeremiah Smith,MALE,2023-03-24,Long Beach
18523,Samuel,Foster,Samuel Foster,MALE,2023-03-17,Metchosin
18524,Edward,Alexander,Edward Alexander,MALE,2023-08-19,Port Hammond
18525,Jack,Lal,Jack Lal,MALE,2023-12-06,Metchosin
18526,Kevin,Hernandez,Kevin Hernandez,MALE,2023-12-24,San Francisco
18527,Jonathan,Baker,Jonathan Baker,MALE,2023-11-29,Tacoma
18528,John,Rodriguez,John Rodriguez,MALE,2023-12-05,Lakewood
18529,Albert,Castro,Albert Castro,MALE,2024-01-28,Chantilly
18530,Wyatt,Evans,Wyatt Evans,MALE,2023-02-18,Sedro Woolley
18531,Thomas,Simmons,Thomas Simmons,MALE,2023-09-09,Imperial Beach
18532,Marcus,Russell,Marcus Russell,MALE,2023-12-16,Issaquah
18533,Lucas,Martinez,Lucas Martinez,MALE,2023-12-23,West Covina
18534,Hunter,Collins,Hunter Collins,MALE,2023-03-03,Seattle
18535,Donald,Kapoor,Donald Kapoor,MALE,2024-01-02,Cliffside
18536,Hailey,Coleman,Hailey Coleman,FEMALE,2023-11-08,National City
18537,Kathryn,Carson,Kathryn Carson,FEMALE,2023-12-06,Beverly Hills
18538,Ian,Mitchell,Ian Mitchell,MALE,2023-12-23,Issaquah
18539,Riley,Russell,Riley Russell,FEMALE,2023-12-26,Grossmont
18540,Victoria,Perry,Victoria Perry,FEMALE,2023-12-25,Fremont
18541,Kayla,Jones,Kayla Jones,FEMALE,2023-04-02,Westminster
18542,Dustin,She,Dustin She,MALE,2023-07-08,Burien
18543,Dalton,Wilson,Dalton Wilson,MALE,2023-10-09,Grossmont
18544,Riley,Washington,Riley Washington,FEMALE,2023-01-01,Victoria
18545,Ian,Clark,Ian Clark,MALE,2023-10-05,Kirkland
18546,Pieter,Wycoff,Pieter Wycoff,FEMALE,2023-04-13,Clarkston
18547,Ethan,Johnson,Ethan Johnson,MALE,2023-12-24,San Carlos
18548,Jordan,Powell,Jordan Powell,MALE,2023-10-06,National City
18549,Sierra,Collins,Sierra Collins,FEMALE,2023-02-20,Victoria
18550,Julia,Griffin,Julia Griffin,FEMALE,2023-12-06,Spring Valley
18551,Chloe,Hall,Chloe Hall,FEMALE,2023-09-29,Everett
18552,Kelsey,Goel,Kelsey Goel,FEMALE,2023-03-17,Concord
18553,Alex,Roberts,Alex Roberts,MALE,2023-10-05,Lake Oswego
18554,Isabelle,Ross,Isabelle Ross,FEMALE,2023-03-17,Port Hammond
18555,Muniraju,Pulipalyam,Muniraju Pulipalyam,FEMALE,2024-01-08,Torrance
18556,Ruben,Perez,Ruben Perez,MALE,2023-10-28,Concord
18557,Bailey,Lopez,Bailey Lopez,FEMALE,2023-02-11,Cliffside
18558,Alexandra,Price,Alexandra Price,FEMALE,2023-10-17,Renton
18559,Lucas,Adams,Lucas Adams,MALE,2023-10-20,Sedro Woolley
18560,Anna,Miller,Anna Miller,FEMALE,2023-12-05,Burbank
18561,Carol,Torres,Carol Torres,FEMALE,2023-12-27,Colma
18562,Mary,Wright,Mary Wright,FEMALE,2023-10-10,Novato
18563,Evan,Sanchez,Evan Sanchez,MALE,2023-11-25,Palo Alto
18564,John,Moore,John Moore,MALE,2023-10-29,Grossmont
18565,Dalton,Bryant,Dalton Bryant,MALE,2023-11-22,Lebanon
18566,Bryce,Peterson,Bryce Peterson,MALE,2023-12-15,Daly City
18567,Madison,Barnes,Madison Barnes,FEMALE,2023-11-16,San Gabriel
18568,Mya,Bennett,Mya Bennett,FEMALE,2023-11-16,El Cajon
18569,Emma,Bryant,Emma Bryant,FEMALE,2023-02-06,Salem
18570,Mason,Peterson,Mason Peterson,MALE,2023-03-09,Langford
18571,Cameron,Kumar,Cameron Kumar,MALE,2023-03-19,Vancouver
18572,Danielle,Watson,Danielle Watson,FEMALE,2023-05-12,Berkeley
18573,Andrea,Phillips,Andrea Phillips,FEMALE,2023-05-26,Sooke
18574,Kaitlyn,Taylor,Kaitlyn Taylor,FEMALE,2023-03-29,Los Angeles
18575,Erin,Stewart,Erin Stewart,FEMALE,2023-10-15,Downey
18576,Emily,Coleman,Emily Coleman,FEMALE,2023-11-16,Woodland Hills
18577,Isabelle,Winston,Isabelle Winston,FEMALE,2023-03-05,San Carlos
18578,Patrick,Rogers,Patrick Rogers,MALE,2023-12-10,Novato
18579,William,Brown,William Brown,MALE,2023-10-28,Beaverton
18580,Emma,Anderson,Emma Anderson,FEMALE,2023-04-13,Langley
18581,Melinda,Dominguez,Melinda Dominguez,FEMALE,2023-12-12,Clackamas
18582,Bryan,Morgan,Bryan Morgan,MALE,2023-12-17,Marysville
18583,Luis,Kumar,Luis Kumar,MALE,2023-02-08,Redmond
18584,Haley,Evans,Haley Evans,FEMALE,2023-03-08,Seattle
18585,Katherine,Blue,Katherine Blue,FEMALE,2023-10-27,Bellflower
18586,Benjamin,Patterson,Benjamin Patterson,MALE,2023-12-26,Grossmont
18587,Monica,Arun,Monica Arun,FEMALE,2023-10-17,Burien
18588,Isabella,Rogers,Isabella Rogers,FEMALE,2023-10-03,Seattle
18589,Anna,Stewart,Anna Stewart,FEMALE,2023-11-15,Bremerton
18590,Valerie,Sun,Valerie Sun,FEMALE,2023-05-22,Burbank
18591,Eduardo,Nelson,Eduardo Nelson,MALE,2023-03-06,Long Beach
18592,Mackenzie,Evans,Mackenzie Evans,FEMALE,2023-11-29,Milwaukie
18593,Sydney,Martinez,Sydney Martinez,FEMALE,2023-03-04,Renton
18594,Kristi,Garcia,Kristi Garcia,FEMALE,2023-12-16,Burbank
18595,Marcus,Hernandez,Marcus Hernandez,MALE,2023-10-26,Oak Bay
18596,Gabriella,Cooper,Gabriella Cooper,FEMALE,2023-11-17,Colma
18597,Isabel,Perry,Isabel Perry,FEMALE,2023-11-16,Torrance
18598,Norimichi,Yonekura,Norimichi Yonekura,MALE,2023-11-16,San Carlos
18599,Kyle,Simmons,Kyle Simmons,MALE,2023-05-10,Issaquah
18600,Ashley,Gonzales,Ashley Gonzales,FEMALE,2023-05-31,Langford
18601,Cynthia,Garcia,Cynthia Garcia,FEMALE,2023-03-18,Coronado
18602,Patrick,Ramirez,Patrick Ramirez,MALE,2023-04-10,Imperial Beach
18603,Gabrielle,Henderson,Gabrielle Henderson,FEMALE,2023-04-04,Metchosin
18604,Paige,Alexander,Paige Alexander,FEMALE,2023-02-08,Langley
18605,David,Wright,David Wright,MALE,2023-11-03,Burien
18606,Wyatt,Green,Wyatt Green,MALE,2023-11-11,Port Orchard
18607,Katherine,Taylor,Katherine Taylor,FEMALE,2023-11-26,Oregon City
18608,Ian,Phillips,Ian Phillips,MALE,2023-11-25,Woodland Hills
18609,Alyssa,Cook,Alyssa Cook,FEMALE,2023-11-15,Portland
18610,Bailey,Rivera,Bailey Rivera,FEMALE,2023-12-26,Concord
18611,Taylor,Foster,Taylor Foster,FEMALE,2023-12-05,Salem
18612,Alyssa,Flores,Alyssa Flores,FEMALE,2023-08-20,Downey
18613,Cody,Murphy,Cody Murphy,MALE,2023-12-16,Downey
18614,Seth,Wright,Seth Wright,MALE,2023-12-20,Newport Beach
18615,Charles,Peterson,Charles Peterson,MALE,2023-12-13,West Covina
18616,Spencer,Butler,Spencer Butler,MALE,2023-11-26,Oakland
18617,Carlos,Lopez,Carlos Lopez,MALE,2023-04-12,Shawnee
18618,Mitchell,Rai,Mitchell Rai,MALE,2024-01-21,Paris
18619,Dominic,Mehta,Dominic Mehta,MALE,2023-07-13,Salzgitter
18620,Randall,Navarro,Randall Navarro,MALE,2022-11-26,Reading
18621,Cassandra,Prasad,Cassandra Prasad,FEMALE,2022-11-15,Wokingham
18622,Byron,Rubio,Byron Rubio,MALE,2023-11-24,Berks
18623,Anne,Torres,Anne Torres,FEMALE,2023-08-10,Metz
18624,Jay,Perez,Jay Perez,MALE,2023-03-01,Tremblay-en-France
18625,Derrick,Moreno,Derrick Moreno,MALE,2022-11-13,London
18626,Tony,Pal,Tony Pal,MALE,2022-06-23,Frankfurt
18627,Kristine,Gomez,Kristine Gomez,FEMALE,2022-11-26,London
18628,Suzanne,Yang,Suzanne Yang,FEMALE,2023-06-02,Colomiers
18629,Martin,Srini,Martin Srini,MALE,2023-08-20,Newcastle upon Tyne
18630,Priscilla,She,Priscilla She,FEMALE,2023-12-16,Paris
18631,Carly,Shan,Carly Shan,FEMALE,2023-12-04,York
18632,Russell,Tang,Russell Tang,MALE,2023-02-20,High Wycombe
18633,Adam,Jenkins,Adam Jenkins,MALE,2022-11-20,Watford
18634,Veronica,Arun,Veronica Arun,FEMALE,2021-11-10,Chatou
18635,Toni,Martinez,Toni Martinez,FEMALE,2023-02-14,Bonn
18636,Edgar,Chapman,Edgar Chapman,MALE,2023-08-28,Braunschweig
18637,Thomas,Sharma,Thomas Sharma,MALE,2023-03-30,Metchosin
18638,Alyssa,Thompson,Alyssa Thompson,FEMALE,2023-11-22,Kirkland
18639,Maria,Scott,Maria Scott,FEMALE,2023-11-26,Portland
18640,Isaac,James,Isaac James,MALE,2023-03-08,Issaquah
18641,Cameron,Garcia,Cameron Garcia,MALE,2023-04-06,Cliffside
18642,Brianna,Thompson,Brianna Thompson,FEMALE,2023-05-29,Royal Oak
18643,Joshua,Thomas,Joshua Thomas,MALE,2023-12-11,Santa Monica
18644,Carrie,Ruiz,Carrie Ruiz,FEMALE,2023-02-14,Cliffside
18645,Jordan,Bryant,Jordan Bryant,MALE,2023-11-07,Olympia
18646,Blake,Adams,Blake Adams,MALE,2023-11-16,Beverly Hills
18647,Christy,Huang,Christy Huang,FEMALE,2023-07-06,Chula Vista
18648,Hailey,Torres,Hailey Torres,FEMALE,2023-08-17,Burlingame
18649,Jackson,Patterson,Jackson Patterson,MALE,2023-08-19,Woodland Hills
18650,Kyle,Flores,Kyle Flores,MALE,2023-08-25,Downey
18651,Isaiah,Mitchell,Isaiah Mitchell,MALE,2023-08-11,Lynnwood
18652,Meredith,Diaz,Meredith Diaz,FEMALE,2023-06-29,Burien
18653,Emmanuel,Madan,Emmanuel Madan,MALE,2023-09-05,Bremerton
18654,Thomas,Lopez,Thomas Lopez,MALE,2023-11-11,Mill Valley
18655,Eric,Diaz,Eric Diaz,MALE,2023-11-28,Kirkland
18656,Charles,Clark,Charles Clark,MALE,2023-09-04,Beverly Hills
18657,Alex,Morgan,Alex Morgan,MALE,2023-04-10,Lakewood
18658,Dalton,Turner,Dalton Turner,MALE,2023-07-26,Spokane
18659,Jasmine,Thompson,Jasmine Thompson,FEMALE,2023-05-11,Los Angeles
18660,Cristina,Anand,Cristina Anand,FEMALE,2023-11-16,Coronado
18661,Daniel,Walker,Daniel Walker,MALE,2023-10-07,Sedro Woolley
18662,Kyle,Sharma,Kyle Sharma,MALE,2023-11-09,Daly City
18663,Jason,Flores,Jason Flores,MALE,2023-07-24,Mill Valley
18664,Robert,Long,Robert Long,MALE,2023-02-02,Renton
18665,Olivia,Brooks,Olivia Brooks,FEMALE,2023-08-01,Burien
18666,Jordyn,Henderson,Jordyn Henderson,FEMALE,2023-06-27,Lynnwood
18667,Kelli,Ma,Kelli Ma,FEMALE,2023-10-02,Berkeley
18668,Brian,Sanders,Brian Sanders,MALE,2024-01-24,Lake Oswego
18669,Adam,Griffin,Adam Griffin,MALE,2023-08-08,Palo Alto
18670,Melanie,Bryant,Melanie Bryant,FEMALE,2023-11-10,Beverly Hills
18671,Melanie,Kelly,Melanie Kelly,FEMALE,2023-03-08,San Carlos
18672,Anthony,Lewis,Anthony Lewis,MALE,2023-08-22,Torrance
18673,James,Green,James Green,MALE,2023-07-10,Beverly Hills
18674,Isabelle,Bennett,Isabelle Bennett,FEMALE,2023-05-27,Westminster
18675,Abigail,Martin,Abigail Martin,FEMALE,2023-04-14,Grossmont
18676,Jesse,Young,Jesse Young,MALE,2023-05-05,Lynnwood
18677,Logan,Shan,Logan Shan,MALE,2023-02-03,Cliffside
18678,Sean,Watson,Sean Watson,MALE,2023-06-15,Spring Valley
18679,Seth,Wood,Seth Wood,MALE,2023-11-20,Renton
18680,David,Shan,David Shan,MALE,2023-11-03,Bellflower
18681,Jacqueline,Griffin,Jacqueline Griffin,FEMALE,2023-03-24,Lemon Grove
18682,Emily,Bennett,Emily Bennett,FEMALE,2023-09-26,Lincoln Acres
18683,Robert,Walker,Robert Walker,MALE,2023-06-07,Santa Cruz
18684,Makayla,Watson,Makayla Watson,FEMALE,2023-11-13,Spring Valley
18685,Sean,Rogers,Sean Rogers,MALE,2023-07-20,Newton
18686,Logan,Coleman,Logan Coleman,MALE,2023-03-28,Port Hammond
18687,Olivia,Smith,Olivia Smith,FEMALE,2023-02-09,Burlingame
18688,Antonio,Barnes,Antonio Barnes,MALE,2023-08-16,Port Orchard
18689,Miguel,Miller,Miguel Miller,MALE,2023-06-08,Everett
18690,Carlos,Rivera,Carlos Rivera,MALE,2023-10-17,Bremerton
18691,Claudia,Zheng,Claudia Zheng,FEMALE,2021-06-28,Lane Cove
18692,Preston,Mehta,Preston Mehta,MALE,2021-06-23,Lavender Bay
18693,Ann,Subram,Ann Subram,FEMALE,2021-06-07,Caloundra
18694,Derrick,Gomez,Derrick Gomez,MALE,2021-06-02,Newcastle
18695,Aaron,Diaz,Aaron Diaz,MALE,2021-06-01,Melton
18696,Mindy,Black,Mindy Black,FEMALE,2021-06-12,Hervey Bay
18697,Tara,Lal,Tara Lal,FEMALE,2021-06-18,Lane Cove
18698,Jaclyn,Chande,Jaclyn Chande,FEMALE,2021-06-24,Newcastle
18699,Blake,Griffin,Blake Griffin,MALE,2021-06-22,Gold Coast
18700,Ernest,Zhao,Ernest Zhao,MALE,2021-06-08,Seaford
18701,Kenneth,Lal,Kenneth Lal,MALE,2021-06-18,Sunbury
18702,Adriana,Smith,Adriana Smith,FEMALE,2021-06-29,Coffs Harbour
18703,Vincent,Huang,Vincent Huang,MALE,2021-06-10,Hawthorne
18704,Lacey,Goel,Lacey Goel,FEMALE,2023-03-19,Springwood
18705,Karl,Goel,Karl Goel,MALE,2023-05-24,East Brisbane
18706,Darryl,Zheng,Darryl Zheng,MALE,2021-07-16,Goulburn
18707,Marshall,She,Marshall She,MALE,2023-02-20,Hobart
18708,Micah,Zhao,Micah Zhao,MALE,2021-07-09,Milsons Point
18709,Darren,Hernandez,Darren Hernandez,MALE,2021-07-29,South Melbourne
18710,Ricardo,Xie,Ricardo Xie,MALE,2021-07-07,St. Leonards
18711,Emma,Diaz,Emma Diaz,FEMALE,2023-09-17,Geelong
18712,Glenn,Guo,Glenn Guo,MALE,2023-03-29,Rockhampton
18713,Rosa,Yang,Rosa Yang,FEMALE,2023-10-27,Newcastle
18714,Francisco,Lopez,Francisco Lopez,MALE,2023-03-11,Springwood
18715,Rafael,Rai,Rafael Rai,MALE,2023-07-09,Hervey Bay
18716,Seth,Campbell,Seth Campbell,MALE,2021-07-12,Hervey Bay
18717,Cassandra,Suri,Cassandra Suri,FEMALE,2023-08-17,South Melbourne
18718,Susan,Liu,Susan Liu,FEMALE,2021-07-30,Hawthorne
18719,Alberto,Suarez,Alberto Suarez,MALE,2023-04-06,Rhodes
18720,Taylor,Miller,Taylor Miller,FEMALE,2023-10-10,Hobart
18721,Andy,Gomez,Andy Gomez,MALE,2021-07-15,Malabar
18722,Jonathon,Navarro,Jonathon Navarro,MALE,2021-07-08,St. Leonards
18723,Lacey,Ma,Lacey Ma,FEMALE,2021-07-24,Port Macquarie
18724,Denise,Fernandez,Denise Fernandez,FEMALE,2021-07-22,Bendigo
18725,Denise,Kapoor,Denise Kapoor,FEMALE,2021-07-09,Hobart
18726,Katrina,Anand,Katrina Anand,FEMALE,2021-07-10,Matraville
18727,Hailey,Hernandez,Hailey Hernandez,FEMALE,2023-07-13,Melbourne
18728,Roger,Luo,Roger Luo,MALE,2023-08-21,Lavender Bay
18729,Evan,Parker,Evan Parker,MALE,2021-07-22,Melton
18730,Johnathan,Arthur,Johnathan Arthur,MALE,2023-10-03,Malabar
18731,Brett,Malhotra,Brett Malhotra,MALE,2021-07-27,Darlinghurst
18732,Zachary,Jai,Zachary Jai,MALE,2024-01-27,Warrnambool
18733,Rafael,Gao,Rafael Gao,MALE,2023-03-01,Gold Coast
18734,Barbara,Ashe,Barbara Ashe,FEMALE,2023-05-04,Brisbane
18735,Latasha,Moreno,Latasha Moreno,FEMALE,2021-07-11,Cloverdale
18736,Ashley,Patterson,Ashley Patterson,FEMALE,2021-07-26,Melbourne
18737,Ricky,Gomez,Ricky Gomez,MALE,2021-07-27,Bendigo
18738,Tamara,Luo,Tamara Luo,FEMALE,2021-07-16,Rhodes
18739,Christy,Pal,Christy Pal,FEMALE,2021-07-20,Geelong
18740,Adam,Hill,Adam Hill,MALE,2021-07-08,Hobart
18741,Edgar,Martinez,Edgar Martinez,MALE,2023-11-17,Melbourne
18742,Don,Guo,Don Guo,MALE,2023-06-27,East Brisbane
18743,Glenn,Xu,Glenn Xu,MALE,2023-04-03,Gold Coast
18744,April,Raje,April Raje,FEMALE,2023-06-04,Rhodes
18745,Brooke,James,Brooke James,FEMALE,2023-08-19,Rockhampton
18746,Reginald,Alvarez,Reginald Alvarez,MALE,2021-07-02,Melton
18747,Jacquelyn,Diaz,Jacquelyn Diaz,FEMALE,2021-07-02,Townsville
18748,Gabrielle,Stewart,Gabrielle Stewart,FEMALE,2024-01-14,Caloundra
18749,Olivia,Stewart,Olivia Stewart,FEMALE,2023-11-10,Newton
18750,Alexandra,Perry,Alexandra Perry,FEMALE,2023-09-29,La Jolla
18751,Kari,Schmidt,Kari Schmidt,FEMALE,2023-02-15,Berkeley
18752,Samantha,Walker,Samantha Walker,FEMALE,2023-03-22,Newport Beach
18753,James,Moore,James Moore,MALE,2023-07-09,Portland
18754,Isabella,Mitchell,Isabella Mitchell,FEMALE,2023-03-11,Beverly Hills
18755,Christopher,Lewis,Christopher Lewis,MALE,2023-03-26,Haney
18756,Isabella,Thompson,Isabella Thompson,FEMALE,2023-07-31,Westminster
18757,Frederick,Srini,Frederick Srini,MALE,2023-02-08,Bellingham
18758,Devin,Price,Devin Price,MALE,2023-02-20,Cliffside
18759,Devin,Phillips,Devin Phillips,MALE,2023-05-19,Sooke
18760,Morgan,Wood,Morgan Wood,FEMALE,2023-02-27,Downey
18761,Luis,Wright,Luis Wright,MALE,2023-08-23,Glendale
18762,Arthur,Wilson,Arthur Wilson,FEMALE,2023-11-17,Newport Beach
18763,Julie,Chander,Julie Chander,FEMALE,2023-05-15,Malabar
18764,Natalie,Scott,Natalie Scott,FEMALE,2023-07-20,Redwood City
18765,Noah,Shan,Noah Shan,MALE,2023-10-02,Yakima
18766,Francisco,Sai,Francisco Sai,MALE,2021-07-16,Darlinghurst
18767,Gary,Alonso,Gary Alonso,MALE,2021-07-14,Hervey Bay
18768,Dalton,Garcia,Dalton Garcia,MALE,2021-07-25,Gold Coast
18769,Theresa,Dominguez,Theresa Dominguez,FEMALE,2021-07-18,Lane Cove
18770,Aaron,Hernandez,Aaron Hernandez,MALE,2023-08-22,Burbank
18771,Robert,Green,Robert Green,MALE,2023-10-22,Glendale
18772,Julia,Hill,Julia Hill,FEMALE,2023-06-21,Lincoln Acres
18773,Cassidy,Price,Cassidy Price,FEMALE,2023-05-19,Lincoln Acres
18774,Justin,Flores,Justin Flores,MALE,2024-01-26,Woodland Hills
18775,Andrea,Bell,Andrea Bell,FEMALE,2023-02-02,Oregon City
18776,Connor,Allen,Connor Allen,MALE,2023-05-31,Lincoln Acres
18777,Richard,Clark,Richard Clark,MALE,2023-03-14,Downey
18778,Miguel,Washington,Miguel Washington,MALE,2023-09-22,National City
18779,Jose,Hill,Jose Hill,MALE,2023-11-03,Novato
18780,Evan,Carter,Evan Carter,MALE,2023-11-04,Novato
18781,Hunter,Lewis,Hunter Lewis,MALE,2023-12-26,Spring Valley
18782,Patrick,Reed,Patrick Reed,MALE,2023-12-18,Grossmont
18783,Michael,Martin,Michael Martin,MALE,2023-12-26,W. Linn
18784,Trinity,Brooks,Trinity Brooks,FEMALE,2023-10-15,Santa Monica
18785,Sara,Rivera,Sara Rivera,FEMALE,2023-11-28,Port Hammond
18786,Dustin,Chande,Dustin Chande,MALE,2023-04-03,Bellflower
18787,Mya,Wood,Mya Wood,FEMALE,2023-09-17,Issaquah
18788,Madison,Thompson,Madison Thompson,FEMALE,2023-11-21,N. Vancouver
18789,Seth,Robinson,Seth Robinson,MALE,2023-12-21,Yakima
18790,Julia,Martin,Julia Martin,FEMALE,2023-11-18,Renton
18791,Megan,Blue,Megan Blue,FEMALE,2023-12-21,Sedro Woolley
18792,Gabriella,Peterson,Gabriella Peterson,FEMALE,2023-11-24,W. Linn
18793,Angel,Cox,Angel Cox,MALE,2023-11-24,Warrnambool
18794,Andrew,Davis,Andrew Davis,MALE,2023-11-02,Long Beach
18795,Nathan,Alexander,Nathan Alexander,MALE,2023-05-08,Royal Oak
18796,Marvin,Ruiz,Marvin Ruiz,MALE,2023-10-09,Sydney
18797,Evan,Murphy,Evan Murphy,MALE,2024-01-21,Redmond
18798,Andrea,Allen,Andrea Allen,FEMALE,2023-10-31,Glendale
18799,Jacob,Lewis,Jacob Lewis,MALE,2023-04-04,La Jolla
18800,Jennifer,Phillips,Jennifer Phillips,FEMALE,2023-11-06,Lake Oswego
18801,Dawn,Yuan,Dawn Yuan,FEMALE,2023-10-30,Berkeley
18802,Mario,Shen,Mario Shen,MALE,2023-11-26,Bremerton
18803,Cedric,Zheng,Cedric Zheng,MALE,2023-12-06,Bremerton
18804,Aaron,Gonzales,Aaron Gonzales,MALE,2023-12-16,Novato
18805,Tracy,Simpson,Tracy Simpson,FEMALE,2024-01-27,Beaverton
18806,Kaitlyn,Torres,Kaitlyn Torres,FEMALE,2023-11-30,Corvallis
18807,Spencer,Bennett,Spencer Bennett,MALE,2023-03-27,Chula Vista
18808,Gabrielle,Perez,Gabrielle Perez,FEMALE,2023-12-17,Colma
18809,Jason,King,Jason King,MALE,2023-04-01,Beaverton
18810,Casey,Dominguez,Casey Dominguez,MALE,2023-11-09,Burien
18811,Samuel,Perry,Samuel Perry,MALE,2023-02-22,Oak Bay
18812,Kyle,Adams,Kyle Adams,MALE,2023-03-01,Victoria
18813,Kristy,Hernandez,Kristy Hernandez,FEMALE,2024-01-20,Ballard
18814,Evan,Adams,Evan Adams,MALE,2023-07-10,Everett
18815,Abigail,Rogers,Abigail Rogers,FEMALE,2023-09-20,Lynnwood
18816,Taylor,Smith,Taylor Smith,FEMALE,2023-02-28,Oregon City
18817,Brittany,Russell,Brittany Russell,FEMALE,2023-12-24,Puyallup
18818,Lucas,Torres,Lucas Torres,MALE,2023-12-20,National City
18819,Miranda,Bennett,Miranda Bennett,FEMALE,2023-12-05,Santa Cruz
18820,Alexandria,Cook,Alexandria Cook,FEMALE,2023-07-08,West Covina
18821,Juan,Morgan,Juan Morgan,MALE,2023-06-14,Newton
18822,Gregory,Ferrier,Gregory Ferrier,MALE,2023-08-10,Beaverton
18823,Russell,Xu,Russell Xu,MALE,2023-06-06,Bellflower
18824,Elijah,Collins,Elijah Collins,MALE,2023-11-29,La Jolla
18825,Brandon,Smith,Brandon Smith,MALE,2023-09-09,San Carlos
18826,Allison,Stewart,Allison Stewart,FEMALE,2023-03-13,Royal Oak
18827,Carmen,Raman,Carmen Raman,FEMALE,2023-12-27,Beaverton
18828,Morgan,Wright,Morgan Wright,FEMALE,2023-09-15,Everett
18829,Jackson,Simmons,Jackson Simmons,MALE,2023-12-03,Issaquah
18830,Kristine,Ortega,Kristine Ortega,FEMALE,2023-11-17,Bellflower
18831,Andy,Hernandez,Andy Hernandez,MALE,2023-12-26,Bellflower
18832,Dylan,Jackson,Dylan Jackson,MALE,2023-12-12,Redwood City
18833,Morgan,Baker,Morgan Baker,FEMALE,2023-12-09,Lakewood
18834,Ana,Foster,Ana Foster,FEMALE,2023-12-28,Edmonds
18835,Isabelle,Coleman,Isabelle Coleman,FEMALE,2023-01-29,El Cajon
18836,Nicole,Cooper,Nicole Cooper,FEMALE,2023-03-27,Puyallup
18837,Amanda,Hernandez,Amanda Hernandez,FEMALE,2023-06-05,Spring Valley
18838,Natalie,Morris,Natalie Morris,FEMALE,2023-12-17,Spring Valley
18839,Don,Lee,Don Lee,MALE,2023-11-10,Port Hammond
18840,Alexandria,Barnes,Alexandria Barnes,FEMALE,2023-11-29,Puyallup
18841,Gabriella,Campbell,Gabriella Campbell,FEMALE,2023-05-02,Shawnee
18842,James,Gonzalez,James Gonzalez,MALE,2023-05-10,Victoria
18843,Luis,Perez,Luis Perez,MALE,2023-11-20,Beaverton
18844,Dalton,Hernandez,Dalton Hernandez,MALE,2023-06-21,Renton
18845,Katherine,Hughes,Katherine Hughes,FEMALE,2023-04-22,Tacoma
18846,Deb,Hughes,Deb Hughes,MALE,2024-01-03,Walla Walla
18847,Ariana,Richardson,Ariana Richardson,FEMALE,2023-08-19,Woodburn
18848,Christian,Harris,Christian Harris,MALE,2023-12-13,Berkeley
18849,Faith,Flores,Faith Flores,FEMALE,2023-12-03,Port Orchard
18850,Ethan,Hughes,Ethan Hughes,MALE,2023-12-05,Mill Valley
18851,Dalton,Cook,Dalton Cook,MALE,2023-12-12,Long Beach
18852,Allison,Sanders,Allison Sanders,FEMALE,2023-08-08,Port Hammond
18853,Jacqueline,Gray,Jacqueline Gray,FEMALE,2023-04-26,Corvallis
18854,Hunter,Turner,Hunter Turner,MALE,2023-12-19,Kirkland
18855,Robert,Zhang,Robert Zhang,MALE,2023-05-19,N. Vancouver
18856,Thomas,Green,Thomas Green,MALE,2023-12-23,Palo Alto
18857,Sebastian,Sanders,Sebastian Sanders,MALE,2023-12-20,Edmonds
18858,Miguel,Parker,Miguel Parker,MALE,2023-12-19,Lincoln Acres
18859,Olivia,Henderson,Olivia Henderson,FEMALE,2023-06-18,Royal Oak
18860,Sydney,Foster,Sydney Foster,FEMALE,2023-12-06,Renton
18861,Ashley,Wood,Ashley Wood,FEMALE,2023-10-10,Ballard
18862,Luke,Zhang,Luke Zhang,MALE,2023-12-04,Beverly Hills
18863,Charles,Scott,Charles Scott,MALE,2023-12-20,West Covina
18864,Elijah,Long,Elijah Long,MALE,2023-12-05,San Gabriel
18865,Ashley,Hayes,Ashley Hayes,FEMALE,2023-12-12,Kirkland
18866,Miguel,Scott,Miguel Scott,MALE,2023-12-12,Concord
18867,Thomas,Perry,Thomas Perry,MALE,2023-12-03,Milwaukie
18868,Adam,Long,Adam Long,MALE,2023-11-29,Long Beach
18869,Ashley,Flores,Ashley Flores,FEMALE,2023-11-30,National City
18870,Ana,Barnes,Ana Barnes,FEMALE,2024-01-21,Beaverton
18871,Ruben,Rubio,Ruben Rubio,MALE,2023-02-04,Burnaby
18872,Miguel,Severino,Miguel Severino,MALE,2023-10-20,Bremerton
18873,Austin,Rodriguez,Austin Rodriguez,MALE,2023-08-11,W. Linn
18874,Julia,Green,Julia Green,FEMALE,2023-08-03,Sedro Woolley
18875,Devin,Watson,Devin Watson,MALE,2023-09-03,Westminster
18876,Luke,Chen,Luke Chen,MALE,2023-12-15,Beverly Hills
18877,Evan,Hall,Evan Hall,MALE,2023-05-08,Berkeley
18878,Mallory,Ramos,Mallory Ramos,FEMALE,2023-12-01,Colma
18879,Garrett,Morgan,Garrett Morgan,MALE,2023-11-05,Colma
18880,Jarrod,Sanchez,Jarrod Sanchez,MALE,2023-10-14,Beaverton
18881,Kimberly,James,Kimberly James,FEMALE,2023-12-23,Oregon City
18882,Dalton,Hayes,Dalton Hayes,MALE,2023-11-26,Shawnee
18883,Jonathan,Garcia,Jonathan Garcia,MALE,2023-03-12,Langford
18884,Bryan,Reed,Bryan Reed,MALE,2023-08-16,Port Hammond
18885,Cara,Ma,Cara Ma,FEMALE,2023-02-09,Newcastle
18886,Donald,McDonald,Donald McDonald,MALE,2023-09-26,Ballard
18887,Kari,Hernandez,Kari Hernandez,FEMALE,2023-12-27,Ballard
18888,Devin,Powell,Devin Powell,MALE,2023-04-24,Kirkland
18889,Katelyn,Murphy,Katelyn Murphy,FEMALE,2023-02-01,Marysville
18890,Lauren,Blue,Lauren Blue,FEMALE,2023-07-17,Redmond
18891,Megan,James,Megan James,FEMALE,2023-12-31,Bellflower
18892,Chase,Howard,Chase Howard,MALE,2023-11-15,Colma
18893,Devin,White,Devin White,MALE,2023-03-16,Imperial Beach
18894,Eric,Allen,Eric Allen,MALE,2023-12-14,Newport Beach
18895,Marco,Madan,Marco Madan,MALE,2023-02-26,Cloverdale
18896,Jonathan,Russell,Jonathan Russell,MALE,2023-04-19,Hobart
18897,Russell,Black,Russell Black,MALE,2023-09-01,Silverwater
18898,Monica,Chandra,Monica Chandra,FEMALE,2023-03-08,Silverwater
18899,Glenn,Liu,Glenn Liu,MALE,2021-07-03,Findon
18900,Mathew,Torres,Mathew Torres,MALE,2021-07-14,North Sydney
18901,Connor,Shan,Connor Shan,MALE,2023-06-15,Wollongong
18902,Steve,Chen,Steve Chen,MALE,2021-07-20,Melbourne
18903,Louis,Zeng,Louis Zeng,MALE,2021-07-17,Sydney
18904,Emma,Thomas,Emma Thomas,FEMALE,2023-09-17,San Carlos
18905,Samuel,Adams,Samuel Adams,MALE,2023-12-20,Marysville
18906,Adrienne,Gutierrez,Adrienne Gutierrez,FEMALE,2021-07-03,Perth
18907,Priscilla,Nara,Priscilla Nara,FEMALE,2021-07-21,East Brisbane
18908,Krystal,Sun,Krystal Sun,FEMALE,2021-07-26,Hawthorne
18909,Jodi,Chavez,Jodi Chavez,FEMALE,2021-07-03,Cranbourne
18910,Marco,Perez,Marco Perez,MALE,2023-11-11,Beaverton
18911,Elijah,McDonald,Elijah McDonald,MALE,2023-11-22,Lynnwood
18912,Tyler,Williams,Tyler Williams,MALE,2023-06-07,Lynnwood
18913,Jesse,Stewart,Jesse Stewart,MALE,2023-10-05,Burbank
18914,Felicia,Ruiz,Felicia Ruiz,FEMALE,2023-12-12,Burbank
18915,Sydney,Gonzalez,Sydney Gonzalez,FEMALE,2023-08-02,El Cajon
18916,Christian,Moore,Christian Moore,MALE,2023-09-04,Palo Alto
18917,Jonathan,Nelson,Jonathan Nelson,MALE,2023-09-20,Spring Valley
18918,Jacqueline,Ross,Jacqueline Ross,FEMALE,2023-08-18,Spokane
18919,Eduardo,Hernandez,Eduardo Hernandez,MALE,2023-03-14,Oak Bay
18920,Jonathan,Young,Jonathan Young,MALE,2024-01-18,Redwood City
18921,Rachel,Bailey,Rachel Bailey,FEMALE,2023-07-29,Marysville
18922,Madeline,Gonzalez,Madeline Gonzalez,FEMALE,2023-11-28,Metchosin
18923,Cassandra,Kapoor,Cassandra Kapoor,FEMALE,2023-03-27,Bellingham
18924,Rachel,Williams,Rachel Williams,FEMALE,2023-06-05,Fremont
18925,Haley,Griffin,Haley Griffin,FEMALE,2023-05-17,Port Hammond
18926,Alexandre,Lobao,Alexandre Lobao,MALE,2023-02-11,Newton
18927,Arianna,Cox,Arianna Cox,FEMALE,2023-07-07,Langford
18928,Carmen,Prasad,Carmen Prasad,FEMALE,2021-07-29,Newcastle
18929,Donald,Garcia,Donald Garcia,MALE,2021-07-20,Perth
18930,Katelyn,Richardson,Katelyn Richardson,FEMALE,2021-07-24,Warrnambool
18931,Rosa,She,Rosa She,FEMALE,2021-07-19,Townsville
18932,Carl,Chande,Carl Chande,MALE,2023-03-24,Springwood
18933,Kelli,Huang,Kelli Huang,FEMALE,2023-08-09,Bellingham
18934,Jeremiah,Moore,Jeremiah Moore,MALE,2023-09-18,Tacoma
18935,Jasmine,Jenkins,Jasmine Jenkins,FEMALE,2023-02-01,La Jolla
18936,Morgan,Collins,Morgan Collins,FEMALE,2023-06-03,Woodland Hills
18937,Ian,Reed,Ian Reed,MALE,2023-12-01,Oakland
18938,Lucas,Lopez,Lucas Lopez,MALE,2023-10-18,Fremont
18939,Hunter,McDonald,Hunter McDonald,MALE,2024-01-22,Woodland Hills
18940,Seth,Bell,Seth Bell,MALE,2023-11-07,Portland
18941,Philip,Torres,Philip Torres,MALE,2023-12-25,Beaverton
18942,Billy,Ortega,Billy Ortega,MALE,2023-07-15,Bellflower
18943,Kaitlyn,Hall,Kaitlyn Hall,FEMALE,2023-08-27,Redmond
18944,Marcus,Taylor,Marcus Taylor,MALE,2023-07-05,N. Vancouver
18945,Marcus,Cox,Marcus Cox,MALE,2023-12-28,Lemon Grove
18946,Brandon,Simmons,Brandon Simmons,MALE,2023-08-12,Colma
18947,Devin,Bryant,Devin Bryant,MALE,2023-07-31,Lincoln Acres
18948,Sydney,Bailey,Sydney Bailey,FEMALE,2023-08-20,Concord
18949,Jackson,Hall,Jackson Hall,MALE,2023-08-19,Salem
18950,Lauren,Alexander,Lauren Alexander,FEMALE,2023-11-06,N. Vancouver
18951,Dalton,Jones,Dalton Jones,MALE,2023-11-27,Shawnee
18952,Chloe,Hernandez,Chloe Hernandez,FEMALE,2024-01-13,Milwaukie
18953,Mya,Patterson,Mya Patterson,FEMALE,2023-09-15,Bellflower
18954,Dalton,Young,Dalton Young,MALE,2023-11-21,Fremont
18955,Justin,Jones,Justin Jones,MALE,2023-11-29,Palo Alto
18956,Sara,Howard,Sara Howard,FEMALE,2023-12-21,San Carlos
18957,Mackenzie,Lopez,Mackenzie Lopez,FEMALE,2023-01-24,Burien
18958,Natalie,Sanchez,Natalie Sanchez,FEMALE,2023-01-05,Chula Vista
18959,Seth,Morris,Seth Morris,MALE,2023-11-03,Westminster
18960,Marcus,Johnson,Marcus Johnson,MALE,2023-01-31,Novato
18961,Jeremiah,Henderson,Jeremiah Henderson,MALE,2023-11-16,Shawnee
18962,Seth,Parker,Seth Parker,MALE,2023-02-03,Colma
18963,Amber,Collins,Amber Collins,FEMALE,2023-02-19,Renton
18964,Thomas,Gonzalez,Thomas Gonzalez,MALE,2023-04-20,National City
18965,Richard,Turner,Richard Turner,MALE,2024-01-19,Downey
18966,Carly,Rai,Carly Rai,FEMALE,2023-03-08,Berkeley
18967,Xavier,Clark,Xavier Clark,MALE,2023-02-09,Los Angeles
18968,Isaiah,Lopez,Isaiah Lopez,MALE,2023-10-27,N. Vancouver
18969,Anna,Cox,Anna Cox,FEMALE,2024-01-13,Lynnwood
18970,Jason,Roberts,Jason Roberts,MALE,2023-11-17,Los Angeles
18971,Wyatt,Moore,Wyatt Moore,MALE,2023-11-17,N. Vancouver
18972,Benjamin,Butler,Benjamin Butler,MALE,2023-11-02,Port Hammond
18973,Kate,Yuan,Kate Yuan,FEMALE,2023-02-22,Burlingame
18974,James,Rodriguez,James Rodriguez,MALE,2023-02-25,La Jolla
18975,Samuel,Bryant,Samuel Bryant,MALE,2023-06-06,Lakewood
18976,Garrett,Howard,Garrett Howard,MALE,2023-11-30,Corvallis
18977,Jackson,Wang,Jackson Wang,MALE,2023-12-06,Beaverton
18978,Isaiah,Morgan,Isaiah Morgan,MALE,2023-05-02,Langley
18979,Noah,Taylor,Noah Taylor,MALE,2023-12-09,Spring Valley
18980,Sophia,Hernandez,Sophia Hernandez,FEMALE,2023-12-06,Corvallis
18981,Savannah,Watson,Savannah Watson,FEMALE,2023-08-06,Palo Alto
18982,Kyle,Baker,Kyle Baker,MALE,2023-12-02,Kirkland
18983,Destiny,Price,Destiny Price,FEMALE,2023-06-17,San Gabriel
18984,Shelby,Rivera,Shelby Rivera,FEMALE,2023-03-23,Issaquah
18985,Paige,Bailey,Paige Bailey,FEMALE,2023-11-22,Burien
18986,Robert,Roberts,Robert Roberts,MALE,2023-02-10,Vancouver
18987,Hunter,Adams,Hunter Adams,MALE,2023-01-30,Portland
18988,Courtney,Baker,Courtney Baker,FEMALE,2023-11-01,Fremont
18989,Cindy,Suri,Cindy Suri,FEMALE,2023-08-30,Burlingame
18990,Amanda,Henderson,Amanda Henderson,FEMALE,2023-02-13,Bellingham
18991,Evan,Cook,Evan Cook,MALE,2023-12-01,Bremerton
18992,David,Perry,David Perry,MALE,2023-06-13,Los Angeles
18993,Kevin,Ross,Kevin Ross,MALE,2023-12-08,Berkeley
18994,Jackson,Allen,Jackson Allen,MALE,2023-11-06,Issaquah
18995,Melissa,Gray,Melissa Gray,FEMALE,2023-10-24,Bellflower
18996,Katherine,Turner,Katherine Turner,FEMALE,2023-12-27,West Covina
18997,Eric,King,Eric King,MALE,2023-08-31,Tacoma
18998,Aidan,Bennett,Aidan Bennett,MALE,2023-12-06,Oregon City
18999,Mackenzie,Watson,Mackenzie Watson,FEMALE,2023-12-12,Lebanon
19000,Makayla,Blue,Makayla Blue,FEMALE,2023-11-06,Westminster
19001,Fernando,Brown,Fernando Brown,MALE,2023-03-14,Westminster
19002,Alexis,Thompson,Alexis Thompson,FEMALE,2023-12-10,Seattle
19003,Jared,Stewart,Jared Stewart,MALE,2023-12-22,Novato
19004,Ian,Rogers,Ian Rogers,MALE,2023-12-27,San Diego
19005,Lauren,Peterson,Lauren Peterson,FEMALE,2023-02-22,Seattle
19006,Leslie,Martin,Leslie Martin,FEMALE,2023-12-19,Beaverton
19007,Mackenzie,Sanchez,Mackenzie Sanchez,FEMALE,2023-09-04,Milwaukie
19008,Hailey,Murphy,Hailey Murphy,FEMALE,2023-12-04,Tacoma
19009,Arianna,Watson,Arianna Watson,FEMALE,2024-01-12,Berkeley
19010,Naomi,Ortega,Naomi Ortega,FEMALE,2023-02-16,Concord
19011,Maria,Cook,Maria Cook,FEMALE,2023-07-13,Grossmont
19012,Oscar,Bryant,Oscar Bryant,MALE,2023-08-11,Spring Valley
19013,Amanda,Phillips,Amanda Phillips,FEMALE,2023-03-25,Woodland Hills
19014,Jonathan,Hernandez,Jonathan Hernandez,MALE,2023-05-17,Metchosin
19015,Thomas,Griffin,Thomas Griffin,MALE,2023-03-18,Oak Bay
19016,Sierra,Wright,Sierra Wright,FEMALE,2023-12-14,Colma
19017,Zoe,Brooks,Zoe Brooks,FEMALE,2023-11-05,Colma
19018,Nicole,Gray,Nicole Gray,FEMALE,2023-07-04,Daly City
19019,Jackson,Gonzales,Jackson Gonzales,MALE,2023-04-19,Palo Alto
19020,Jack,Flores,Jack Flores,MALE,2023-08-28,Downey
19021,Melissa,Russell,Melissa Russell,FEMALE,2023-03-18,Renton
19022,Samantha,Wood,Samantha Wood,FEMALE,2023-10-01,Grossmont
19023,Arianna,Powell,Arianna Powell,FEMALE,2023-03-08,Newport Beach
19024,Dalton,Russell,Dalton Russell,MALE,2023-03-25,Issaquah
19025,Aaron,Roberts,Aaron Roberts,MALE,2023-03-14,Milwaukie
19026,Logan,Hayes,Logan Hayes,MALE,2023-03-04,Cliffside
19027,Mayra,Madan,Mayra Madan,FEMALE,2021-12-28,Chatou
19028,Cedric,Wang,Cedric Wang,MALE,2021-12-17,Les Ulis
19029,Alicia,Andersen,Alicia Andersen,FEMALE,2022-06-12,Berlin
19030,Marco,Arun,Marco Arun,MALE,2022-07-21,Duesseldorf
19031,Regina,Perez,Regina Perez,FEMALE,2022-12-18,London
19032,Katrina,Andersen,Katrina Andersen,FEMALE,2022-12-05,London
19033,Omar,Lin,Omar Lin,MALE,2021-12-10,Paris
19034,Tabitha,Diaz,Tabitha Diaz,FEMALE,2022-07-12,Erlangen
19035,Stanley,Schmidt,Stanley Schmidt,MALE,2022-07-28,Solingen
19036,Allen,Rana,Allen Rana,MALE,2022-12-24,Lancaster
19037,Marshall,Chen,Marshall Chen,MALE,2022-12-15,Oxon
19038,Joe,Patel,Joe Patel,MALE,2022-08-12,Neunkirchen
19039,Melvin,Pal,Melvin Pal,MALE,2023-07-16,Verrieres Le Buisson
19040,Eugene,Sun,Eugene Sun,MALE,2022-08-02,Paderborn
19041,Autumn,Zheng,Autumn Zheng,FEMALE,2021-12-19,Paris
19042,Ronnie,Cai,Ronnie Cai,MALE,2023-08-22,Darmstadt
19043,Jessica,Jones,Jessica Jones,FEMALE,2024-01-20,Solingen
19044,Cesar,Rana,Cesar Rana,MALE,2023-11-10,London
19045,Ross,Rodriguez,Ross Rodriguez,MALE,2023-05-27,Metz
19046,Shawna,Raje,Shawna Raje,FEMALE,2022-09-16,Leipzig
19047,Sydney,Walker,Sydney Walker,FEMALE,2023-04-05,Gateshead
19048,Bryant,Raman,Bryant Raman,MALE,2022-12-09,London
19049,Craig,Gutierrez,Craig Gutierrez,MALE,2022-12-24,York
19050,Joel,Chapman,Joel Chapman,MALE,2023-10-05,Cheltenham
19051,Taylor,Henderson,Taylor Henderson,FEMALE,2021-12-16,Bobigny
19052,Kristi,Kapoor,Kristi Kapoor,FEMALE,2022-01-13,Dunkerque
19053,Gerald,Jordan,Gerald Jordan,MALE,2023-12-13,Kassel
19054,Arthur,Alonso,Arthur Alonso,MALE,2023-12-09,Milton Keynes
19055,Garrett,Bailey,Garrett Bailey,MALE,2023-12-10,Oxford
19056,Carla,Van,Carla Van,FEMALE,2023-02-18,Sèvres
19057,Joanna,Ramos,Joanna Ramos,FEMALE,2022-08-31,Salzgitter
19058,Shawn,Goel,Shawn Goel,MALE,2022-12-27,Leeds
19059,George,Rodriguez,George Rodriguez,MALE,2024-01-14,London
19060,Stephanie,Stone,Stephanie Stone,FEMALE,2023-03-13,Peterborough
19061,Heather,Gao,Heather Gao,FEMALE,2023-08-09,Paris
19062,Erica,Zhou,Erica Zhou,FEMALE,2023-07-26,Paris
19063,Gabrielle,Kelly,Gabrielle Kelly,FEMALE,2024-01-18,Tremblay-en-France
19064,Veronica,Madan,Veronica Madan,FEMALE,2023-03-25,Frankfurt
19065,Michele,Arun,Michele Arun,FEMALE,2022-09-03,Kiel
19066,Dylan,Sharma,Dylan Sharma,MALE,2023-10-01,Gateshead
19067,Misty,Luo,Misty Luo,FEMALE,2022-09-07,Paderborn
19068,Alma,Son,Alma Son,FEMALE,2023-08-05,Werne
19069,Thomas,Hall,Thomas Hall,MALE,2022-01-10,Bobigny
19070,Kristopher,Garcia,Kristopher Garcia,MALE,2022-12-15,London
19071,Joe,Jimenez,Joe Jimenez,MALE,2023-05-03,London
19072,Tamara,Lu,Tamara Lu,FEMALE,2024-01-28,Esher-Molesey
19073,Lolan,Song,Lolan Song,MALE,2022-12-18,Warrington
19074,Colleen,Shen,Colleen Shen,FEMALE,2023-09-23,Colomiers
19075,Brent,Wu,Brent Wu,MALE,2023-04-27,Paris
19076,Jaclyn,Pal,Jaclyn Pal,FEMALE,2022-02-21,Roubaix
19077,Pedro,Prasad,Pedro Prasad,MALE,2023-06-14,Cambridge
19078,Misty,She,Misty She,FEMALE,2023-03-22,Drancy
19079,Brett,Lopez,Brett Lopez,MALE,2023-08-09,Pantin
19080,Ross,Vance,Ross Vance,MALE,2023-02-07,Saint Ouen
19081,Leslie,Rubio,Leslie Rubio,FEMALE,2023-11-06,Frankfurt
19082,Alvin,Zhang,Alvin Zhang,MALE,2023-07-04,London
19083,Steven,Rivera,Steven Rivera,MALE,2021-07-16,Melton
19084,Colleen,Raje,Colleen Raje,FEMALE,2021-07-11,North Ryde
19085,Shawna,Kumar,Shawna Kumar,FEMALE,2023-06-27,Silverwater
19086,Tommy,Chander,Tommy Chander,MALE,2023-02-24,Matraville
19087,Erica,Gao,Erica Gao,FEMALE,2023-01-31,Cloverdale
19088,Rafael,Kumar,Rafael Kumar,MALE,2023-01-31,Cranbourne
19089,Regina,Arthur,Regina Arthur,FEMALE,2021-07-14,Seaford
19090,Marshall,Chander,Marshall Chander,MALE,2023-02-20,Milsons Point
19091,Warren,Yuan,Warren Yuan,MALE,2023-06-19,Cloverdale
19092,Eric,Gonzalez,Eric Gonzalez,MALE,2023-09-22,Goulburn
19093,Tara,Ashe,Tara Ashe,FEMALE,2021-07-12,Bendigo
19094,Todd,Yang,Todd Yang,MALE,2021-07-21,Melbourne
19095,Meredith,Martinez,Meredith Martinez,FEMALE,2021-08-22,Darlinghurst
19096,Douglas,Suri,Douglas Suri,MALE,2021-08-02,Cranbourne
19097,Mindy,Pal,Mindy Pal,FEMALE,2023-06-22,Lavender Bay
19098,Xavier,Evans,Xavier Evans,MALE,2023-07-11,Coffs Harbour
19099,Sheena,Deng,Sheena Deng,FEMALE,2021-08-23,St. Leonards
19100,Bradley,Rai,Bradley Rai,MALE,2023-07-22,Darlinghurst
19101,Susan,Cai,Susan Cai,FEMALE,2023-07-18,Coffs Harbour
19102,Claudia,Ye,Claudia Ye,FEMALE,2021-08-15,Springwood
19103,Johnathan,Raman,Johnathan Raman,MALE,2023-03-03,Caloundra
19104,Mariah,James,Mariah James,FEMALE,2023-07-24,Cranbourne
19105,Stacy,Dominguez,Stacy Dominguez,FEMALE,2021-08-15,Matraville
19106,Terrance,Sai,Terrance Sai,MALE,2023-03-06,Caloundra
19107,Franklin,Liu,Franklin Liu,MALE,2023-05-10,Beaverton
19108,Haley,Stewart,Haley Stewart,FEMALE,2023-12-08,Redmond
19109,Jade,Brooks,Jade Brooks,FEMALE,2023-12-15,Colma
19110,Jesse,Kelly,Jesse Kelly,MALE,2023-03-02,Newport Beach
19111,Mariah,Kelly,Mariah Kelly,FEMALE,2023-04-06,Torrance
19112,Victoria,Hughes,Victoria Hughes,FEMALE,2023-12-27,Novato
19113,Aaron,Patterson,Aaron Patterson,MALE,2023-06-22,Royal Oak
19114,Natalie,Richardson,Natalie Richardson,FEMALE,2023-12-24,Grossmont
19115,Bailey,Sanchez,Bailey Sanchez,FEMALE,2023-11-06,Beverly Hills
19116,Logan,Alexander,Logan Alexander,MALE,2023-06-02,Westminster
19117,Kaitlyn,Coleman,Kaitlyn Coleman,FEMALE,2023-12-18,Burbank
19118,Ian,Thomas,Ian Thomas,MALE,2023-06-05,Oak Bay
19119,Connor,Simmons,Connor Simmons,MALE,2023-12-14,Edmonds
19120,Caleb,Sharma,Caleb Sharma,MALE,2023-12-12,Woodburn
19121,Kaitlyn,Blue,Kaitlyn Blue,FEMALE,2023-04-03,Glendale
19122,Abigail,Hughes,Abigail Hughes,FEMALE,2023-04-03,Oakland
19123,Emma,Washington,Emma Washington,FEMALE,2023-06-29,Oak Bay
19124,Cody,Bailey,Cody Bailey,MALE,2023-12-24,Palo Alto
19125,Cameron,Russell,Cameron Russell,MALE,2023-12-01,Burien
19126,Kristopher,Kapoor,Kristopher Kapoor,MALE,2023-09-26,Ballard
19127,Alexa,Sanchez,Alexa Sanchez,FEMALE,2023-04-17,Woodburn
19128,Madison,Jackson,Madison Jackson,FEMALE,2023-04-13,Lakewood
19129,Carson,Simmons,Carson Simmons,MALE,2023-04-03,Los Angeles
19130,Madeline,Baker,Madeline Baker,FEMALE,2023-05-04,Woodland Hills
19131,Mason,Blue,Mason Blue,MALE,2023-12-12,Bellingham
19132,Benjamin,Washington,Benjamin Washington,MALE,2023-12-20,Portland
19133,Logan,Martinez,Logan Martinez,MALE,2023-12-11,Salem
19134,Sierra,Allen,Sierra Allen,FEMALE,2023-08-24,San Carlos
19135,Logan,Brown,Logan Brown,MALE,2023-04-06,Kirkland
19136,Richard,Cook,Richard Cook,MALE,2023-05-03,Everett
19137,Eric,Russell,Eric Russell,MALE,2023-12-12,Port Orchard
19138,Eric,Coleman,Eric Coleman,MALE,2023-11-30,Milwaukie
19139,Oscar,Simmons,Oscar Simmons,MALE,2023-05-21,Everett
19140,Melanie,Rogers,Melanie Rogers,FEMALE,2023-05-10,Santa Monica
19141,Samuel,Martinez,Samuel Martinez,MALE,2023-05-02,Sedro Woolley
19142,Dalton,Washington,Dalton Washington,MALE,2023-05-17,San Gabriel
19143,Lauren,Long,Lauren Long,FEMALE,2023-05-21,Edmonds
19144,Edwin,He,Edwin He,MALE,2023-05-21,Bellflower
19145,Adriana,Malhotra,Adriana Malhotra,FEMALE,2023-09-20,Concord
19146,Mariah,Morgan,Mariah Morgan,FEMALE,2023-12-25,Colma
19147,Edward,Thomas,Edward Thomas,MALE,2023-06-05,Royal Oak
19148,Cody,Ramirez,Cody Ramirez,MALE,2023-12-14,Beaverton
19149,Sean,Parker,Sean Parker,MALE,2023-07-08,Burien
19150,Maria,Bailey,Maria Bailey,FEMALE,2023-09-24,N. Vancouver
19151,Ian,Cooper,Ian Cooper,MALE,2023-09-28,Port Orchard
19152,Jonathan,Walker,Jonathan Walker,MALE,2023-04-07,Beaverton
19153,Dylan,Griffin,Dylan Griffin,MALE,2023-06-02,Torrance
19154,William,Sotelo,William Sotelo,FEMALE,2023-12-21,Bremerton
19155,Caroline,Flores,Caroline Flores,FEMALE,2023-05-05,Grossmont
19156,Julia,Jenkins,Julia Jenkins,FEMALE,2023-12-08,Corvallis
19157,Eduardo,Thompson,Eduardo Thompson,MALE,2023-12-26,Bremerton
19158,Destiny,Griffin,Destiny Griffin,FEMALE,2023-12-12,Redwood City
19159,Richard,Gonzalez,Richard Gonzalez,MALE,2023-01-13,Grossmont
19160,Sara,Perez,Sara Perez,FEMALE,2023-01-19,Newport Beach
19161,Jeremiah,Hughes,Jeremiah Hughes,MALE,2023-05-01,Colma
19162,Peter,Raji,Peter Raji,MALE,2023-04-30,Burbank
19163,Riley,Bailey,Riley Bailey,FEMALE,2023-05-24,Lincoln Acres
19164,Danielle,Morgan,Danielle Morgan,FEMALE,2023-05-17,Imperial Beach
19165,Miranda,Russell,Miranda Russell,FEMALE,2023-05-29,San Gabriel
19166,Olivia,Jenkins,Olivia Jenkins,FEMALE,2023-09-13,San Gabriel
19167,Caitlin,Morgan,Caitlin Morgan,FEMALE,2023-01-01,Torrance
19168,Nathan,Kumar,Nathan Kumar,MALE,2023-02-03,Beaverton
19169,Arianna,Bryant,Arianna Bryant,FEMALE,2023-01-25,Port Orchard
19170,Luis,Campbell,Luis Campbell,MALE,2023-01-16,Burien
19171,Melanie,Torres,Melanie Torres,FEMALE,2023-01-11,Santa Monica
19172,Calvin,Luo,Calvin Luo,MALE,2022-01-02,London
19173,Kelli,Lal,Kelli Lal,FEMALE,2022-01-24,Milton Keynes
19174,Katelyn,Howard,Katelyn Howard,FEMALE,2022-03-21,Roubaix
19175,Wayne,Sharma,Wayne Sharma,MALE,2023-07-17,Billericay
19176,Ebony,Vazquez,Ebony Vazquez,FEMALE,2023-11-27,Frankfurt
19177,Donna,Chander,Donna Chander,FEMALE,2023-02-20,Frankfurt
19178,Sarah,Miller,Sarah Miller,FEMALE,2023-04-20,Erlangen
19179,Gloria,Sanz,Gloria Sanz,FEMALE,2023-11-06,Sèvres
19180,Joan,Navarro,Joan Navarro,FEMALE,2023-10-05,Lieusaint
19181,Chad,Pal,Chad Pal,MALE,2022-03-06,Tremblay-en-France
19182,Lance,Dominguez,Lance Dominguez,MALE,2023-03-21,Roissy en Brie
19183,Edwin,Raje,Edwin Raje,MALE,2023-09-07,Paris
19184,Emily,Hayes,Emily Hayes,FEMALE,2023-04-08,Bury
19185,Jacqueline,Bradley,Jacqueline Bradley,FEMALE,2023-02-15,Roubaix
19186,Bob,Garcia,Bob Garcia,MALE,2022-01-21,London
19187,Karl,Pal,Karl Pal,MALE,2023-10-15,Berkshire
19188,Dalton,Anderson,Dalton Anderson,MALE,2022-09-18,Kassel
19189,Morgan,Price,Morgan Price,FEMALE,2023-05-25,Lille
19190,Carl,Shen,Carl Shen,MALE,2023-09-07,York
19191,Keith,Chande,Keith Chande,MALE,2023-06-08,Kiel
19192,Erika,Ruiz,Erika Ruiz,FEMALE,2022-02-23,London
19193,Omar,Lal,Omar Lal,MALE,2022-02-18,Gateshead
19194,Cesar,Garcia,Cesar Garcia,MALE,2022-03-18,Paris
19195,Darren,Romero,Darren Romero,MALE,2022-02-15,Birmingham
19196,April,She,April She,FEMALE,2022-09-15,Neunkirchen
19197,Briana,Sandoval,Briana Sandoval,FEMALE,2022-10-13,Frankfurt am Main
19198,Melissa,Brooks,Melissa Brooks,FEMALE,2023-01-16,Santa Cruz
19199,David,Williams,David Williams,MALE,2023-01-24,Spring Valley
19200,Luke,Henderson,Luke Henderson,MALE,2023-11-05,Langford
19201,Charles,Brooks,Charles Brooks,MALE,2023-01-27,Corvallis
19202,Brianna,Lee,Brianna Lee,FEMALE,2023-01-15,Marysville
19203,Darren,Navarro,Darren Navarro,MALE,2023-09-18,Beverly Hills
19204,Sydney,Evans,Sydney Evans,FEMALE,2023-10-15,Oregon City
19205,James,Perry,James Perry,MALE,2023-12-14,Vancouver
19206,Destiny,Cooper,Destiny Cooper,FEMALE,2023-10-09,Imperial Beach
19207,Jeremiah,Turner,Jeremiah Turner,MALE,2023-05-17,Metchosin
19208,Angelica,Diaz,Angelica Diaz,FEMALE,2023-07-09,Sedro Woolley
19209,Alexandra,Nelson,Alexandra Nelson,FEMALE,2023-10-24,Sedro Woolley
19210,Alexis,Price,Alexis Price,FEMALE,2023-12-17,Downey
19211,Anna,Lee,Anna Lee,FEMALE,2023-01-24,Lakewood
19212,Brianna,Clark,Brianna Clark,FEMALE,2023-01-12,Lebanon
19213,Amanda,Simmons,Amanda Simmons,FEMALE,2023-01-19,Burlingame
19214,Cassidy,Powell,Cassidy Powell,FEMALE,2023-03-08,Lincoln Acres
19215,Edward,Hall,Edward Hall,MALE,2023-10-26,Seattle
19216,Gabriel,Lopez,Gabriel Lopez,MALE,2023-04-29,Bellflower
19217,Jose,Nelson,Jose Nelson,MALE,2023-02-24,Oak Bay
19218,Nathaniel,Brooks,Nathaniel Brooks,MALE,2023-03-11,Chula Vista
19219,Mary,Peterson,Mary Peterson,FEMALE,2023-04-22,Burien
19220,Mariah,Sanchez,Mariah Sanchez,FEMALE,2023-02-25,Cliffside
19221,Kaitlyn,Williams,Kaitlyn Williams,FEMALE,2023-11-18,Novato
19222,Jordan,Hall,Jordan Hall,MALE,2023-12-12,Yakima
19223,Jacqueline,Cook,Jacqueline Cook,FEMALE,2023-03-18,Port Hammond
19224,Stephanie,Henderson,Stephanie Henderson,FEMALE,2023-05-23,Sooke
19225,Jeremy,Watson,Jeremy Watson,MALE,2022-12-31,La Jolla
19226,Neil,Carlson,Neil Carlson,MALE,2024-01-23,Berkeley
19227,Logan,Nelson,Logan Nelson,MALE,2023-03-13,Beaverton
19228,Morgan,Ramirez,Morgan Ramirez,FEMALE,2023-09-20,Burien
19229,David,Robinson,David Robinson,MALE,2023-10-27,Lemon Grove
19230,Joy,Moreno,Joy Moreno,FEMALE,2023-12-21,Concord
19231,Meghan,Gill,Meghan Gill,FEMALE,2023-06-28,Colma
19232,Candice,Chow,Candice Chow,FEMALE,2023-05-28,Burnaby
19233,Omar,Andersen,Omar Andersen,MALE,2023-04-09,Burlingame
19234,Micah,Zheng,Micah Zheng,MALE,2023-12-11,Beverly Hills
19235,Kayla,Bennett,Kayla Bennett,FEMALE,2023-10-14,Colma
19236,Chloe,Phillips,Chloe Phillips,FEMALE,2023-12-19,Bellingham
19237,Kristy,Gomez,Kristy Gomez,FEMALE,2023-12-01,Bremerton
19238,Isabella,West,Isabella West,FEMALE,2023-05-13,Puyallup
19239,Jeremy,Alexander,Jeremy Alexander,MALE,2023-12-20,Redmond
19240,Theresa,Jimenez,Theresa Jimenez,FEMALE,2023-01-21,Bellflower
19241,Diane,Dominguez,Diane Dominguez,FEMALE,2023-02-15,Beverly Hills
19242,Devin,Baker,Devin Baker,MALE,2023-04-28,Concord
19243,James,Thomas,James Thomas,MALE,2023-06-04,San Carlos
19244,Sebastian,Ward,Sebastian Ward,MALE,2023-05-02,San Francisco
19245,Isaiah,King,Isaiah King,MALE,2023-07-06,Newport Beach
19246,Carlos,Campbell,Carlos Campbell,MALE,2023-07-10,Issaquah
19247,Michele,Martinez,Michele Martinez,FEMALE,2023-02-13,Milton Keynes
19248,Sheena,Black,Sheena Black,FEMALE,2023-07-31,Frankfurt
19249,Chad,Andersen,Chad Andersen,MALE,2023-08-29,Grevenbroich
19250,Lacey,Wu,Lacey Wu,FEMALE,2023-08-03,Berlin
19251,Brett,Sai,Brett Sai,MALE,2023-08-06,Bonn
19252,Jasmine,Brooks,Jasmine Brooks,FEMALE,2023-03-30,Paris
19253,Gabrielle,Ross,Gabrielle Ross,FEMALE,2022-02-12,Warrington
19254,Anibal,Sousa,Anibal Sousa,MALE,2022-10-10,Bottrop
19255,Terrance,Sara,Terrance Sara,MALE,2022-02-28,Saint Ouen
19256,Abigail,Griffin,Abigail Griffin,FEMALE,2022-03-13,Paris
19257,Dana,Jiménez,Dana Jiménez,FEMALE,2022-10-27,Münster
19258,Douglas,Mehta,Douglas Mehta,MALE,2022-02-22,London
19259,Barbara,Lin,Barbara Lin,FEMALE,2023-04-23,Hamburg
19260,Latoya,Sharma,Latoya Sharma,FEMALE,2022-02-17,Billericay
19261,Heather,Wu,Heather Wu,FEMALE,2023-09-11,Warrington
19262,Kari,Sanchez,Kari Sanchez,FEMALE,2023-02-12,Bury
19263,Nina,Chande,Nina Chande,FEMALE,2022-03-10,London
19264,Kristopher,Gonzalez,Kristopher Gonzalez,MALE,2021-08-11,Sunbury
19265,Dale,Raji,Dale Raji,MALE,2023-11-25,Brisbane
19266,Grant,Xu,Grant Xu,MALE,2023-05-25,Warrnambool
19267,Marshall,Raje,Marshall Raje,MALE,2023-12-15,Caloundra
19268,Alyssa,Ward,Alyssa Ward,FEMALE,2024-01-15,Gold Coast
19269,Kathleen,Navarro,Kathleen Navarro,FEMALE,2021-08-04,Warrnambool
19270,Shawn,Shen,Shawn Shen,MALE,2021-08-04,Perth
19271,Kristopher,Fernandez,Kristopher Fernandez,MALE,2021-08-03,Port Macquarie
19272,Shaun,Andersen,Shaun Andersen,MALE,2023-06-29,Saint Ouen
19273,Natalie,Henderson,Natalie Henderson,FEMALE,2023-07-29,Saint-Denis
19274,Karen,Yang,Karen Yang,FEMALE,2022-10-02,Mühlheim
19275,Gregory,Rai,Gregory Rai,MALE,2023-03-26,Orleans
19276,Ruben,Sai,Ruben Sai,MALE,2022-04-21,Paris La Defense
19277,Billy,Jiménez,Billy Jiménez,MALE,2023-02-10,Chatou
19278,Willie,Sun,Willie Sun,MALE,2022-03-08,Gateshead
19279,Omar,Xu,Omar Xu,MALE,2023-09-04,London
19280,Darrell,Andersen,Darrell Andersen,MALE,2022-05-10,Paris
19281,Mallory,Carlson,Mallory Carlson,FEMALE,2023-08-31,Saint Ouen
19282,Hailey,Wood,Hailey Wood,FEMALE,2022-05-26,Villeneuve-d'Ascq
19283,Adrian,Sanders,Adrian Sanders,MALE,2022-10-23,Erlangen
19284,Briana,Romero,Briana Romero,FEMALE,2022-10-22,Leipzig
19285,Jacqueline,Howard,Jacqueline Howard,FEMALE,2022-11-04,Kassel
19286,Kaitlyn,Butler,Kaitlyn Butler,FEMALE,2022-11-13,Kassel
19287,Shane,Chandra,Shane Chandra,MALE,2022-05-26,Paris
19288,Candice,Wang,Candice Wang,FEMALE,2022-11-27,München
19289,Johnathan,Patel,Johnathan Patel,MALE,2022-11-26,Saarbrücken
19290,Sergio,Prasad,Sergio Prasad,MALE,2022-03-28,West Sussex
19291,Colleen,Wu,Colleen Wu,FEMALE,2023-03-10,West Sussex
19292,Micah,Lin,Micah Lin,MALE,2022-05-17,Paris
19293,Chloe,Watson,Chloe Watson,FEMALE,2022-06-23,Saint Germain en Laye
19294,Stanley,Garcia,Stanley Garcia,MALE,2022-11-09,Werne
19295,Katelyn,Green,Katelyn Green,FEMALE,2022-06-11,Metz
19296,Jake,Zheng,Jake Zheng,MALE,2022-06-14,Paris
19297,Cedric,Xie,Cedric Xie,MALE,2022-06-01,Les Ulis
19298,Priscilla,Andersen,Priscilla Andersen,FEMALE,2022-11-27,Hof
19299,Carrie,Browning,Carrie Browning,FEMALE,2022-03-08,Berkshire
19300,Clarence,Hu,Clarence Hu,MALE,2023-09-10,München
19301,Jamie,Liu,Jamie Liu,FEMALE,2022-03-02,Cambridge
19302,Brad,Xie,Brad Xie,MALE,2022-04-17,Birmingham
19303,Sylvia,Spencer,Sylvia Spencer,MALE,2024-01-11,Saint Germain en Laye
19304,Sara,Nelson,Sara Nelson,FEMALE,2024-01-14,Werne
19305,Gabriella,Young,Gabriella Young,FEMALE,2022-04-18,Billericay
19306,Candace,Perez,Candace Perez,FEMALE,2023-07-13,Pantin
19307,Micheal,Alonso,Micheal Alonso,MALE,2023-10-27,Oxford
19308,Casey,Rai,Casey Rai,FEMALE,2022-04-13,London
19309,Frank,Suarez,Frank Suarez,MALE,2022-06-03,Colombes
19310,Evelyn,Raman,Evelyn Raman,FEMALE,2022-05-31,Paris
19311,Dana,Rubio,Dana Rubio,FEMALE,2022-10-30,Berlin
19312,Valerie,Zheng,Valerie Zheng,FEMALE,2022-05-05,London
19313,Charles,Baker,Charles Baker,MALE,2022-06-27,Metz
19314,Alvin,Beck,Alvin Beck,MALE,2022-10-30,Werne
19315,Devon,Sharma,Devon Sharma,MALE,2022-06-12,Pantin
19316,Raymond,Srini,Raymond Srini,MALE,2022-12-19,Bottrop
19317,Sara,Scott,Sara Scott,FEMALE,2023-04-16,Tremblay-en-France
19318,Jamie,Dominguez,Jamie Dominguez,MALE,2022-07-01,Les Ulis
19319,Darryl,Guo,Darryl Guo,MALE,2022-07-29,Orleans
19320,Bethany,Deng,Bethany Deng,FEMALE,2022-07-09,Les Ulis
19321,Clifford,Weber,Clifford Weber,MALE,2022-11-28,Bottrop
19322,Gerald,Romero,Gerald Romero,MALE,2022-05-11,London
19323,Jeremy,Rogers,Jeremy Rogers,MALE,2022-08-07,Chatou
19324,Tanya,Blanco,Tanya Blanco,FEMALE,2022-08-11,Paris
19325,Kelli,Chen,Kelli Chen,FEMALE,2021-02-16,München
19326,Marcus,Robinson,Marcus Robinson,MALE,2022-08-21,Drancy
19327,Candace,Gonzalez,Candace Gonzalez,FEMALE,2023-02-09,Lille
19328,Shawn,Xu,Shawn Xu,MALE,2023-04-14,Lancaster
19329,Nancy,Srini,Nancy Srini,FEMALE,2021-02-26,Hamburg
19330,Johnny,Shen,Johnny Shen,MALE,2023-09-01,München
19331,Jessie,Hu,Jessie Hu,MALE,2023-12-28,Berlin
19332,Kelvin,Alan,Kelvin Alan,MALE,2023-03-13,Duesseldorf
19333,Candace,Malhotra,Candace Malhotra,FEMALE,2023-11-27,Kassel
19334,Katherine,Baker,Katherine Baker,FEMALE,2023-03-12,Stoke-on-Trent
19335,Cedric,Ye,Cedric Ye,MALE,2022-08-08,Lieusaint
19336,Ricardo,Andersen,Ricardo Andersen,MALE,2022-08-27,Paris
19337,Bonnie,Luo,Bonnie Luo,FEMALE,2022-06-10,Runcorn
19338,Paula,Dominguez,Paula Dominguez,FEMALE,2022-08-25,Drancy
19339,Lance,Gomez,Lance Gomez,MALE,2021-03-28,Braunschweig
19340,Renee,Dominguez,Renee Dominguez,FEMALE,2021-04-28,Münster
19341,Clarence,Huang,Clarence Huang,MALE,2022-06-23,Oxford
19342,Aimee,Zeng,Aimee Zeng,FEMALE,2023-05-06,London
19343,Louis,Ye,Louis Ye,MALE,2022-08-03,Chatou
19344,Mandy,Ma,Mandy Ma,FEMALE,2023-01-28,Stuttgart
19345,Kaitlin,Prasad,Kaitlin Prasad,FEMALE,2023-03-31,Braunschweig
19346,Donna,She,Donna She,FEMALE,2023-02-02,Berks
19347,Alvin,Zhao,Alvin Zhao,MALE,2024-01-11,London
19348,Ebony,Raman,Ebony Raman,FEMALE,2023-02-27,Liverpool
19349,Warren,Anand,Warren Anand,MALE,2023-09-08,Essen
19350,Bethany,Ashe,Bethany Ashe,FEMALE,2023-04-20,Leeds
19351,Edgar,Vance,Edgar Vance,MALE,2023-04-22,Colombes
19352,Arturo,Chen,Arturo Chen,MALE,2023-04-21,Saint Germain en Laye
19353,Desiree,Gill,Desiree Gill,FEMALE,2021-04-18,Erlangen
19354,Abby,Madan,Abby Madan,FEMALE,2023-11-30,Stuttgart
19355,Danny,Munoz,Danny Munoz,MALE,2023-08-25,Woolston
19356,Francis,Ortega,Francis Ortega,MALE,2023-12-27,Darmstadt
19357,Ryan,Flores,Ryan Flores,MALE,2021-05-10,Ingolstadt
19358,Jonathan,Bryant,Jonathan Bryant,MALE,2023-09-10,Saint Germain en Laye
19359,Roberto,Townsend,Roberto Townsend,MALE,2022-06-27,Bury
19360,Joanna,Hernandez,Joanna Hernandez,FEMALE,2022-06-18,Cheltenham
19361,Stacey,Sun,Stacey Sun,FEMALE,2022-06-01,Leeds
19362,Karl,Raje,Karl Raje,MALE,2022-06-08,London
19363,Regina,Raman,Regina Raman,FEMALE,2023-05-16,Croix
19364,Alejandro,Nara,Alejandro Nara,MALE,2021-05-07,Frankfurt am Main
19365,Wayne,Shan,Wayne Shan,MALE,2021-06-21,Solingen
19366,Christy,Beck,Christy Beck,FEMALE,2022-08-29,Roubaix
19367,Johnathan,Gonzalez,Johnathan Gonzalez,MALE,2023-12-22,Paris
19368,Lindsay,Anand,Lindsay Anand,FEMALE,2023-11-14,Mühlheim
19369,Clifford,Suri,Clifford Suri,MALE,2023-03-31,Newcastle upon Tyne
19370,Gilbert,Yang,Gilbert Yang,MALE,2023-08-23,Colombes
19371,Roy,Mehta,Roy Mehta,MALE,2023-10-31,Kiel
19372,Cassidy,Long,Cassidy Long,FEMALE,2023-08-25,Drancy
19373,Rebekah,Suri,Rebekah Suri,FEMALE,2023-07-05,Leipzig
19374,Paula,Ashe,Paula Ashe,FEMALE,2023-10-07,Les Ulis
19375,Omar,Anand,Omar Anand,MALE,2023-04-16,Münster
19376,Paige,Wood,Paige Wood,FEMALE,2023-11-22,Paris
19377,Dominic,Chandra,Dominic Chandra,MALE,2024-01-20,Ingolstadt
19378,Lucas,Davis,Lucas Davis,MALE,2023-12-23,Oxford
19379,Crystal,Guo,Crystal Guo,FEMALE,2023-10-17,W. York
19380,Marshall,Luo,Marshall Luo,MALE,2022-08-28,Orleans
19381,Brandi,Romero,Brandi Romero,FEMALE,2022-09-20,Pantin
19382,Jerry,Shan,Jerry Shan,MALE,2022-07-16,Newcastle upon Tyne
19383,Roger,Nath,Roger Nath,MALE,2023-03-06,Darmstadt
19384,Gilbert,Rai,Gilbert Rai,MALE,2023-12-21,Neunkirchen
19385,Alisha,Lin,Alisha Lin,FEMALE,2023-12-01,Hannover
19386,Allen,Martinez,Allen Martinez,MALE,2022-09-07,Orleans
19387,Ruth,Rana,Ruth Rana,FEMALE,2021-06-27,Kiel
19388,Alberto,Martin,Alberto Martin,MALE,2023-04-17,Mühlheim
19389,Terrence,Goel,Terrence Goel,MALE,2023-05-21,Lancaster
19390,Terrance,Perez,Terrance Perez,MALE,2023-08-02,Saint-Denis
19391,Sergio,Rana,Sergio Rana,MALE,2023-09-24,Darmstadt
19392,Sergio,Kapoor,Sergio Kapoor,MALE,2023-02-16,Oxford
19393,Miguel,Anderson,Miguel Anderson,MALE,2023-01-07,Imperial Beach
19394,Henry,Nelson,Henry Nelson,MALE,2023-06-12,Newton
19395,Austin,Zhang,Austin Zhang,MALE,2023-02-24,Glendale
19396,Tammy,Prasad,Tammy Prasad,FEMALE,2023-02-27,Beaverton
19397,Terry,Shen,Terry Shen,MALE,2023-09-07,Beverly Hills
19398,Dylan,Gonzales,Dylan Gonzales,MALE,2023-11-09,Redwood City
19399,Anthony,Brown,Anthony Brown,MALE,2023-05-02,Oak Bay
19400,Gavin,Hayes,Gavin Hayes,MALE,2023-06-16,Vancouver
19401,Kyle,Hernandez,Kyle Hernandez,MALE,2023-02-22,Chula Vista
19402,Jeremiah,Scott,Jeremiah Scott,MALE,2023-02-10,Downey
19403,Morgan,Cook,Morgan Cook,FEMALE,2023-01-30,Long Beach
19404,Nicole,Moore,Nicole Moore,FEMALE,2023-12-25,Berkeley
19405,Abigail,Smith,Abigail Smith,FEMALE,2023-02-09,Lake Oswego
19406,Brooke,Travers,Brooke Travers,FEMALE,2023-02-26,Salem
19407,Sarah,Perry,Sarah Perry,FEMALE,2023-02-22,Oregon City
19408,Taylor,Richardson,Taylor Richardson,FEMALE,2023-02-20,Imperial Beach
19409,Savannah,Allen,Savannah Allen,FEMALE,2023-02-08,Lincoln Acres
19410,Chloe,Adams,Chloe Adams,FEMALE,2023-02-25,Marysville
19411,Sarah,Alexander,Sarah Alexander,FEMALE,2023-11-23,Sooke
19412,Jaime,Chander,Jaime Chander,MALE,2023-05-19,Bellingham
19413,Xavier,Kelly,Xavier Kelly,MALE,2023-01-28,Burien
19414,Alexis,Ashe,Alexis Ashe,FEMALE,2023-06-01,Westminster
19415,Devin,Collins,Devin Collins,MALE,2021-06-14,Frankfurt
19416,Caitlin,Morris,Caitlin Morris,FEMALE,2022-07-01,Watford
19417,Alexis,Foster,Alexis Foster,FEMALE,2021-06-07,Frankfurt
19418,Nathan,Miller,Nathan Miller,MALE,2022-07-12,Esher-Molesey
19419,Allison,Adams,Allison Adams,FEMALE,2022-09-22,Roubaix
19420,Stanley,Raman,Stanley Raman,MALE,2021-07-28,Berlin
19421,Jay,Rana,Jay Rana,MALE,2022-10-11,Lille
19422,Paula,Gutierrez,Paula Gutierrez,FEMALE,2021-07-30,Ingolstadt
19423,Maria,Price,Maria Price,FEMALE,2022-10-17,Metz
19424,Terrance,Smith,Terrance Smith,MALE,2022-07-07,Stoke-on-Trent
19425,Arturo,Zhao,Arturo Zhao,MALE,2023-06-08,Billericay
19426,Brian,Stewart,Brian Stewart,MALE,2022-10-22,Bobigny
19427,Troy,Lopez,Troy Lopez,MALE,2022-09-28,Paris
19428,Eric,Turner,Eric Turner,MALE,2021-07-05,Darmstadt
19429,Jared,Kelly,Jared Kelly,MALE,2021-08-25,Kassel
19430,Sharon,Goel,Sharon Goel,FEMALE,2023-11-22,Liverpool
19431,Bonnie,She,Bonnie She,FEMALE,2023-09-22,Bobigny
19432,Armando,Dominguez,Armando Dominguez,MALE,2021-08-02,Solingen
19433,Bridget,Raje,Bridget Raje,FEMALE,2022-08-12,Peterborough
19434,Geoffrey,Ashe,Geoffrey Ashe,MALE,2022-10-16,Orleans
19435,Benjamin,Thompson,Benjamin Thompson,MALE,2022-08-02,Billericay
19436,Gregory,Pal,Gregory Pal,MALE,2022-10-17,Paris
19437,Kelsey,Rai,Kelsey Rai,FEMALE,2022-08-13,Milton Keynes
19438,Shannon,Hu,Shannon Hu,FEMALE,2021-09-12,Berlin
19439,Franklin,Xu,Franklin Xu,MALE,2021-10-17,Eilenburg
19440,Alicia,Sharma,Alicia Sharma,FEMALE,2022-08-28,Milton Keynes
19441,Dale,She,Dale She,MALE,2022-10-20,Saint Ouen
19442,Connor,Hill,Connor Hill,MALE,2022-10-01,Villeneuve-d'Ascq
19443,Dominic,Raman,Dominic Raman,MALE,2021-10-10,Stuttgart
19444,Kayla,Thomas,Kayla Thomas,FEMALE,2023-10-12,Bobigny
19445,Emma,Thompson,Emma Thompson,FEMALE,2023-10-27,Leeds
19446,Bridget,Nath,Bridget Nath,FEMALE,2022-10-16,Saint Ouen
19447,Yolanda,Simpson,Yolanda Simpson,FEMALE,2022-10-18,Dunkerque
19448,Meagan,Fernandez,Meagan Fernandez,FEMALE,2022-09-18,London
19449,Nuan,Yuan,Nuan Yuan,MALE,2023-06-27,Braunschweig
19450,Keith,Lal,Keith Lal,MALE,2021-10-12,Werne
19451,Pedro,Sara,Pedro Sara,MALE,2021-10-26,Frankfurt am Main
19452,Jacob,Anderson,Jacob Anderson,MALE,2022-11-17,Villeneuve-d'Ascq
19453,Veronica,Rana,Veronica Rana,FEMALE,2021-10-28,Berlin
19454,Roger,Sharma,Roger Sharma,MALE,2021-10-22,Neunkirchen
19455,Jack,Perez,Jack Perez,MALE,2022-09-08,Kirkby
19456,Jesse,Perez,Jesse Perez,MALE,2023-12-20,Bottrop
19457,Jennifer,Williams,Jennifer Williams,FEMALE,2023-12-13,Newcastle upon Tyne
19458,Tyrone,Blanco,Tyrone Blanco,MALE,2022-11-23,Roncq
19459,Katie,Yuan,Katie Yuan,FEMALE,2022-10-23,Warrington
19460,Arthur,Diaz,Arthur Diaz,MALE,2023-03-08,Morangis
19461,Nichole,Shan,Nichole Shan,FEMALE,2023-09-08,Cambridge
19462,Paige,Travers,Paige Travers,FEMALE,2023-03-10,Villeneuve-d'Ascq
19463,Cassandra,Chandra,Cassandra Chandra,FEMALE,2023-03-09,Sèvres
19464,Tyrone,Alonso,Tyrone Alonso,MALE,2023-10-17,Paris
19465,Sierra,Baker,Sierra Baker,FEMALE,2023-05-19,Roubaix
19466,Morgan,Lopez,Morgan Lopez,FEMALE,2023-05-20,Kirkby
19467,Krista,Alvarez,Krista Alvarez,FEMALE,2022-10-25,Maidenhead
19468,Ramon,Lin,Ramon Lin,MALE,2023-11-23,Courbevoie
19469,Valerie,Cai,Valerie Cai,FEMALE,2024-01-08,Paris
19470,Kelli,Ye,Kelli Ye,FEMALE,2023-09-01,West Sussex
19471,Bryant,Martinez,Bryant Martinez,MALE,2022-10-03,Oxon
19472,Heidi,Sara,Heidi Sara,FEMALE,2021-10-23,Paderborn
19473,Roger,Chande,Roger Chande,MALE,2022-11-01,Paris
19474,Jenny,Luo,Jenny Luo,FEMALE,2022-11-25,Colomiers
19475,Mandy,Ye,Mandy Ye,FEMALE,2022-11-12,Paris
19476,Sarah,Anderson,Sarah Anderson,FEMALE,2021-11-03,Werne
19477,Lance,Rubio,Lance Rubio,MALE,2022-09-30,London
19478,Tasha,Goel,Tasha Goel,FEMALE,2023-10-01,W. York
19479,Jessica,Gray,Jessica Gray,FEMALE,2022-10-14,Watford
19480,Lisa,Zeng,Lisa Zeng,FEMALE,2022-11-08,Courbevoie
19481,Darren,Suarez,Darren Suarez,MALE,2023-09-04,Suresnes
19482,Andy,Ortega,Andy Ortega,MALE,2021-11-21,Paderborn
19483,Michele,Serrano,Michele Serrano,FEMALE,2023-08-26,Liverpool
19484,Willie,Liang,Willie Liang,MALE,2023-11-17,Paris
19485,Raul,Shan,Raul Shan,MALE,2023-12-09,Paris
19486,Melanie,Price,Melanie Price,FEMALE,2024-01-16,Kirkby
19487,Dwayne,Gutierrez,Dwayne Gutierrez,MALE,2023-09-04,Boulogne-Billancourt
19488,Jamie,Lin,Jamie Lin,FEMALE,2023-10-17,Les Ulis
19489,Alexandra,Patterson,Alexandra Patterson,FEMALE,2023-08-29,Metz
19490,Kristina,Smith,Kristina Smith,FEMALE,2023-04-04,Paris
19491,Stanley,Prasad,Stanley Prasad,MALE,2024-01-19,Roncq
19492,Andres,Andersen,Andres Andersen,MALE,2023-08-03,Tremblay-en-France
19493,Karla,Shan,Karla Shan,FEMALE,2022-11-08,W. York
19494,Sergio,Martinez,Sergio Martinez,MALE,2023-10-14,Paris
19495,Francis,Gill,Francis Gill,MALE,2023-06-22,Paris
19496,Edgar,Subram,Edgar Subram,MALE,2021-11-21,Frankfurt am Main
19497,Raul,She,Raul She,MALE,2023-08-17,London
19498,Christy,Wang,Christy Wang,FEMALE,2023-06-28,Warrington
19499,Shawn,Black,Shawn Black,MALE,2022-11-09,London
19500,Russell,Shan,Russell Shan,MALE,2022-11-19,Stoke-on-Trent
19501,Allison,Edwards,Allison Edwards,FEMALE,2021-11-02,Solingen
19502,Felicia,Carlson,Felicia Carlson,FEMALE,2022-11-07,Milton Keynes
19503,Bridget,Luo,Bridget Luo,FEMALE,2022-12-05,Verrieres Le Buisson
19504,Dominic,Garcia,Dominic Garcia,MALE,2022-12-19,Saint Ouen
19505,Gilbert,She,Gilbert She,MALE,2023-06-17,Berks
19506,Candice,Lin,Candice Lin,FEMALE,2022-11-18,London
19507,Raul,Shen,Raul Shen,MALE,2023-07-12,Paris
19508,Troy,Rana,Troy Rana,MALE,2023-09-07,Paris
19509,Nancy,Suri,Nancy Suri,FEMALE,2023-11-02,Frankfurt
19510,Renee,Torres,Renee Torres,FEMALE,2022-10-30,London
19511,Marcus,Ward,Marcus Ward,MALE,2022-11-26,Oxford
19512,Marco,Kapoor,Marco Kapoor,MALE,2023-04-10,W. York
19513,Jessie,Liang,Jessie Liang,MALE,2023-08-17,London
19514,Kari,Rodriguez,Kari Rodriguez,FEMALE,2023-07-23,Offenbach
19515,Nancy,Garcia,Nancy Garcia,FEMALE,2023-03-28,Chatou
19516,Kaitlyn,Griffin,Kaitlyn Griffin,FEMALE,2023-03-24,Chatou
19517,Max,Gomez,Max Gomez,MALE,2022-12-14,Pantin
19518,Clifford,Arun,Clifford Arun,MALE,2021-12-16,München
19519,Bianca,Zhu,Bianca Zhu,FEMALE,2023-06-02,Paris
19520,Kari,Muñoz,Kari Muñoz,FEMALE,2023-03-13,Peterborough
19521,Jaime,Dominguez,Jaime Dominguez,FEMALE,2023-02-14,Pantin
19522,Christian,Powell,Christian Powell,MALE,2023-05-16,York
19523,Brittney,Holt,Brittney Holt,FEMALE,2023-05-17,London
19524,Denise,Malhotra,Denise Malhotra,FEMALE,2023-06-25,Tremblay-en-France
19525,Hannah,Flores,Hannah Flores,FEMALE,2023-09-10,Vancouver
19526,Angela,Cooper,Angela Cooper,FEMALE,2023-06-03,Shawnee
19527,Gabriel,Adams,Gabriel Adams,MALE,2023-06-28,Victoria
19528,Bailey,Hall,Bailey Hall,FEMALE,2023-08-09,Beaverton
19529,Bailey,Parker,Bailey Parker,FEMALE,2023-02-10,Spokane
19530,Lisa,Liang,Lisa Liang,FEMALE,2023-02-25,Burlingame
19531,John,Robinson,John Robinson,MALE,2023-02-08,Colma
19532,Victoria,Brown,Victoria Brown,FEMALE,2023-01-31,Daly City
19533,Vanessa,Long,Vanessa Long,FEMALE,2023-02-17,La Jolla
19534,Adrian,Torres,Adrian Torres,MALE,2023-02-07,La Jolla
19535,Alex,Mitchell,Alex Mitchell,MALE,2023-02-15,National City
19536,Brooke,Cooper,Brooke Cooper,FEMALE,2023-06-18,Victoria
19537,Michelle,Brooks,Michelle Brooks,FEMALE,2023-03-20,Milwaukie
19538,Connor,Hall,Connor Hall,MALE,2023-03-08,Olympia
19539,Latoya,Raji,Latoya Raji,FEMALE,2023-03-12,Colma
19540,Jade,Richardson,Jade Richardson,FEMALE,2023-11-01,Kirkland
19541,Alexandra,Cooper,Alexandra Cooper,FEMALE,2023-08-06,Westminster
19542,Robert,Allen,Robert Allen,MALE,2023-06-10,Salem
19543,Evan,Torres,Evan Torres,MALE,2023-05-01,Corvallis
19544,Katherine,Price,Katherine Price,FEMALE,2023-02-14,Spring Valley
19545,Garrett,Watson,Garrett Watson,MALE,2023-03-09,National City
19546,Angel,Campbell,Angel Campbell,MALE,2023-06-14,Vancouver
19547,Lauren,Patterson,Lauren Patterson,FEMALE,2023-03-19,Imperial Beach
19548,Kaitlyn,Howard,Kaitlyn Howard,FEMALE,2023-03-12,Berkeley
19549,Kevin,Sharma,Kevin Sharma,MALE,2023-03-18,Marysville
19550,Lucas,Perez,Lucas Perez,MALE,2023-03-10,El Cajon
19551,Samuel,Alexander,Samuel Alexander,MALE,2023-09-27,Redmond
19552,Margaret,Zhu,Margaret Zhu,FEMALE,2023-03-12,Burien
19553,Karen,Wang,Karen Wang,FEMALE,2023-06-14,Cliffside
19554,Emmanuel,Raman,Emmanuel Raman,MALE,2023-09-24,Cliffside
19555,Alejandro,Liu,Alejandro Liu,MALE,2021-08-11,Geelong
19556,Shawna,Andersen,Shawna Andersen,FEMALE,2021-08-24,Bendigo
19557,Bridget,She,Bridget She,FEMALE,2021-08-28,St. Leonards
19558,Gloria,Ortega,Gloria Ortega,FEMALE,2021-08-16,Bendigo
19559,Cedric,Cai,Cedric Cai,MALE,2021-08-17,Milsons Point
19560,Randall,Martin,Randall Martin,MALE,2021-08-07,Newcastle
19561,Orlando,Serrano,Orlando Serrano,MALE,2021-08-11,Lane Cove
19562,Leah,Guo,Leah Guo,FEMALE,2021-08-01,Milsons Point
19563,Robin,Moreno,Robin Moreno,FEMALE,2021-08-23,Bendigo
19564,Lawrence,Gutierrez,Lawrence Gutierrez,MALE,2021-08-23,Malabar
19565,Patricia,Saunders,Patricia Saunders,FEMALE,2021-08-03,Cranbourne
19566,Ruben,Sara,Ruben Sara,MALE,2023-05-18,Hervey Bay
19567,Barbara,Hu,Barbara Hu,FEMALE,2023-03-27,St. Leonards
19568,Candice,Sun,Candice Sun,FEMALE,2021-08-01,North Sydney
19569,Kellie,Torres,Kellie Torres,FEMALE,2023-08-17,Cloverdale
19570,Kristy,Navarro,Kristy Navarro,FEMALE,2023-02-11,Malabar
19571,Sydney,Johnson,Sydney Johnson,FEMALE,2023-03-16,Wollongong
19572,Melissa,Bailey,Melissa Bailey,FEMALE,2023-04-09,Caloundra
19573,Deanna,Rubio,Deanna Rubio,FEMALE,2023-12-25,Gold Coast
19574,Michele,Ramos,Michele Ramos,FEMALE,2023-04-20,Bendigo
19575,Marco,Patel,Marco Patel,MALE,2023-03-07,Wollongong
19576,Mackenzie,Hill,Mackenzie Hill,FEMALE,2021-08-11,Hobart
19577,Martin,Perez,Martin Perez,MALE,2021-08-24,Seaford
19578,Max,Rubio,Max Rubio,MALE,2023-07-04,St. Leonards
19579,Dawn,Zheng,Dawn Zheng,FEMALE,2023-10-24,Sydney
19580,Eddie,Sanz,Eddie Sanz,MALE,2023-04-04,North Sydney
19581,Todd,Ma,Todd Ma,MALE,2023-09-19,Melbourne
19582,Bethany,Luo,Bethany Luo,FEMALE,2023-11-14,Brisbane
19583,Jake,Li,Jake Li,MALE,2023-05-18,Darlinghurst
19584,Terrance,Sanchez,Terrance Sanchez,MALE,2023-02-05,Gold Coast
19585,Kristi,Fernandez,Kristi Fernandez,FEMALE,2023-08-12,Hobart
19586,Alvin,Sharma,Alvin Sharma,MALE,2021-08-20,Rockhampton
19587,Alyssa,Martin,Alyssa Martin,FEMALE,2023-04-14,Sunbury
19588,Raymond,Raman,Raymond Raman,MALE,2021-08-07,Warrnambool
19589,Jake,Huang,Jake Huang,MALE,2023-04-11,Silverwater
19590,Martin,Subram,Martin Subram,MALE,2023-03-01,Rockhampton
19591,Derek,Raji,Derek Raji,MALE,2023-04-24,Warrnambool
19592,Tara,Xu,Tara Xu,FEMALE,2021-08-22,Darlinghurst
19593,Carla,Rana,Carla Rana,FEMALE,2021-08-26,East Brisbane
19594,Suzanne,Liu,Suzanne Liu,FEMALE,2021-08-08,Rockhampton
19595,Carl,Raji,Carl Raji,MALE,2021-08-22,Seaford
19596,Allen,Fernandez,Allen Fernandez,MALE,2021-08-05,Darlinghurst
19597,Jay,Martin,Jay Martin,MALE,2023-06-11,Milsons Point
19598,Kaitlyn,Powell,Kaitlyn Powell,FEMALE,2021-08-09,Sydney
19599,Alvin,Jai,Alvin Jai,MALE,2021-08-19,Findon
19600,Lacey,Andersen,Lacey Andersen,FEMALE,2023-04-20,Matraville
19601,Alfredo,Suarez,Alfredo Suarez,MALE,2021-08-22,Hawthorne
19602,Stanley,Madan,Stanley Madan,MALE,2021-08-24,Matraville
19603,Tabitha,Hernandez,Tabitha Hernandez,FEMALE,2023-03-27,Matraville
19604,Wendy,Blanco,Wendy Blanco,FEMALE,2023-03-30,North Ryde
19605,Brad,Shan,Brad Shan,MALE,2021-08-19,St. Leonards
19606,Gabriel,Parker,Gabriel Parker,MALE,2023-03-23,Hervey Bay
19607,Troy,Subram,Troy Subram,MALE,2021-08-06,Caloundra
19608,Harold,Prasad,Harold Prasad,MALE,2023-07-07,Milsons Point
19609,Kari,Martinez,Kari Martinez,FEMALE,2021-08-25,Geelong
19610,Deborah,Andersen,Deborah Andersen,FEMALE,2023-04-30,Coffs Harbour
19611,Meagan,Prasad,Meagan Prasad,FEMALE,2021-08-21,Coffs Harbour
19612,Marvin,Sanz,Marvin Sanz,MALE,2021-08-10,Hervey Bay
19613,Ruben,Garcia,Ruben Garcia,MALE,2021-08-01,Rockhampton
19614,Wyatt,Williams,Wyatt Williams,MALE,2021-08-22,Townsville
19615,Franklin,Sun,Franklin Sun,MALE,2021-08-26,Goulburn
19616,Stefanie,Rana,Stefanie Rana,FEMALE,2021-08-26,Hobart
19617,Keith,Nath,Keith Nath,MALE,2023-08-17,Milsons Point
19618,Ross,Johnsen,Ross Johnsen,MALE,2023-07-07,Townsville
19619,Eduardo,Morris,Eduardo Morris,MALE,2023-03-05,Warrnambool
19620,Andy,Vazquez,Andy Vazquez,MALE,2021-09-22,Goulburn
19621,Mariah,Barnes,Mariah Barnes,FEMALE,2021-09-17,Townsville
19622,Roger,Yuan,Roger Yuan,MALE,2023-06-05,Lane Cove
19623,Cristina,Tang,Cristina Tang,FEMALE,2023-06-05,Newcastle
19624,Wesley,Zhu,Wesley Zhu,MALE,2023-08-26,Rhodes
19625,Ivan,Gonzalez,Ivan Gonzalez,MALE,2023-03-30,Hawthorne
19626,Bradley,Anand,Bradley Anand,MALE,2023-07-13,Goulburn
19627,Kari,Blanco,Kari Blanco,FEMALE,2023-02-25,Perth
19628,Holly,Martinez,Holly Martinez,FEMALE,2021-08-31,Warrnambool
19629,Theresa,Carlson,Theresa Carlson,FEMALE,2023-04-01,East Brisbane
19630,Jodi,Raje,Jodi Raje,FEMALE,2023-05-23,Hervey Bay
19631,Timothy,Scott,Timothy Scott,MALE,2021-09-22,Coffs Harbour
19632,Lawrence,Vazquez,Lawrence Vazquez,MALE,2023-02-21,Newcastle
19633,Destiny,Gray,Destiny Gray,FEMALE,2023-06-15,Glendale
19634,Gregory,Nath,Gregory Nath,MALE,2023-09-19,Chula Vista
19635,Dawn,Shan,Dawn Shan,FEMALE,2023-11-26,Beaverton
19636,Jessica,Lee,Jessica Lee,FEMALE,2023-09-02,Beaverton
19637,Eduardo,Long,Eduardo Long,MALE,2023-08-23,Bellingham
19638,Kimberly,Peterson,Kimberly Peterson,FEMALE,2023-12-26,W. Linn
19639,Victor,Gill,Victor Gill,MALE,2023-02-14,Chula Vista
19640,Richard,Walker,Richard Walker,MALE,2023-06-27,Port Hammond
19641,Richard,Evans,Richard Evans,MALE,2023-04-13,Lake Oswego
19642,Kaylee,Evans,Kaylee Evans,FEMALE,2023-04-20,Langley
19643,Jacqueline,Watson,Jacqueline Watson,FEMALE,2023-02-17,Portland
19644,Gloria,Gill,Gloria Gill,FEMALE,2023-09-11,Chula Vista
19645,Carlos,Rogers,Carlos Rogers,MALE,2023-04-04,Port Hammond
19646,Ian,Lee,Ian Lee,MALE,2023-11-04,Metchosin
19647,Hailey,Sanders,Hailey Sanders,FEMALE,2023-05-10,Newton
19648,Lauren,Hall,Lauren Hall,FEMALE,2023-05-04,Royal Oak
19649,Elizabeth,Martin,Elizabeth Martin,FEMALE,2023-09-25,Kirkland
19650,Sabrina,Sanz,Sabrina Sanz,FEMALE,2023-12-15,East Brisbane
19651,Jarrod,Perez,Jarrod Perez,MALE,2024-01-05,North Sydney
19652,Douglas,Rodriguez,Douglas Rodriguez,MALE,2021-09-25,Melton
19653,Tina,Gonzalez,Tina Gonzalez,FEMALE,2021-09-19,Townsville
19654,Richard,Alexander,Richard Alexander,MALE,2023-06-29,Lebanon
19655,Cindy,Murphy,Cindy Murphy,FEMALE,2023-05-17,West Covina
19656,Sydney,Travers,Sydney Travers,FEMALE,2023-08-29,Grossmont
19657,Emily,Griffin,Emily Griffin,FEMALE,2023-06-22,Renton
19658,Dylan,Russell,Dylan Russell,MALE,2023-06-16,San Gabriel
19659,Wyatt,Robinson,Wyatt Robinson,MALE,2023-06-16,Long Beach
19660,Devin,Hill,Devin Hill,MALE,2023-05-29,Santa Cruz
19661,Nathaniel,Cox,Nathaniel Cox,MALE,2023-11-11,Metchosin
19662,Lauren,Powell,Lauren Powell,FEMALE,2023-07-25,Oak Bay
19663,Alex,Allen,Alex Allen,MALE,2023-08-25,Ballard
19664,Ethan,Alexander,Ethan Alexander,MALE,2023-12-22,Portland
19665,Eduardo,Gonzales,Eduardo Gonzales,MALE,2023-11-08,Berkeley
19666,Hailey,Alexander,Hailey Alexander,FEMALE,2023-10-09,Hobart
19667,Billy,Carlson,Billy Carlson,MALE,2023-11-19,South Melbourne
19668,Erick,Patel,Erick Patel,MALE,2023-12-18,Burien
19669,Hailey,Hill,Hailey Hill,FEMALE,2023-06-24,Sedro Woolley
19670,Erik,Gutierrez,Erik Gutierrez,MALE,2023-03-13,Burbank
19671,Michael,Davis,Michael Davis,MALE,2023-03-26,Concord
19672,Rosa,Zhao,Rosa Zhao,FEMALE,2023-10-22,Brisbane
19673,Mathew,Navarro,Mathew Navarro,MALE,2023-08-24,North Ryde
19674,Casey,Deng,Casey Deng,FEMALE,2023-10-01,Rockhampton
19675,Dwayne,Gill,Dwayne Gill,MALE,2023-09-10,Cranbourne
19676,Diana,Gutierrez,Diana Gutierrez,FEMALE,2023-05-20,St. Leonards
19677,Dylan,Shan,Dylan Shan,MALE,2023-04-19,Gold Coast
19678,Martin,Rodriguez,Martin Rodriguez,MALE,2023-03-21,Burien
19679,Erick,Rana,Erick Rana,MALE,2023-03-10,Coronado
19680,Jan,King,Jan King,FEMALE,2023-03-23,Lebanon
19681,Morgan,King,Morgan King,FEMALE,2023-07-15,Haney
19682,Eric,Kumar,Eric Kumar,MALE,2023-03-14,Kirkland
19683,Marcus,Parker,Marcus Parker,MALE,2023-03-01,Milwaukie
19684,Alexandra,Lee,Alexandra Lee,FEMALE,2023-03-23,Olympia
19685,Brandy,Perez,Brandy Perez,FEMALE,2023-10-14,Beverly Hills
19686,Charles,Hernandez,Charles Hernandez,MALE,2023-08-13,Daly City
19687,Connor,Coleman,Connor Coleman,MALE,2023-05-30,Newport Beach
19688,Timothy,Baker,Timothy Baker,MALE,2023-07-09,Palo Alto
19689,Elizabeth,Gonzales,Elizabeth Gonzales,FEMALE,2023-06-15,Spokane
19690,Robert,White,Robert White,MALE,2023-06-04,Santa Monica
19691,Gabriella,Cox,Gabriella Cox,FEMALE,2023-06-01,Sedro Woolley
19692,Aaron,Edwards,Aaron Edwards,MALE,2023-06-02,Beverly Hills
19693,Kayla,Foster,Kayla Foster,FEMALE,2023-05-20,Vancouver
19694,Stephanie,Perez,Stephanie Perez,FEMALE,2023-07-27,Edmonds
19695,Angel,Gonzalez,Angel Gonzalez,MALE,2023-02-07,Oregon City
19696,Adam,Patterson,Adam Patterson,MALE,2023-06-02,El Cajon
19697,Isabella,Wood,Isabella Wood,FEMALE,2023-06-26,Grossmont
19698,Stephanie,Barnes,Stephanie Barnes,FEMALE,2023-06-18,San Diego
19699,Stephanie,James,Stephanie James,FEMALE,2023-10-13,Spokane
19700,Gabriel,Hall,Gabriel Hall,MALE,2023-08-30,Burlingame
19701,Arianna,Wood,Arianna Wood,FEMALE,2023-03-22,Renton
19702,Edward,Diaz,Edward Diaz,MALE,2023-05-21,San Gabriel
19703,Katelyn,Baker,Katelyn Baker,FEMALE,2023-02-18,Beverly Hills
19704,Nathan,Collins,Nathan Collins,MALE,2023-07-26,Langford
19705,Anna,Hughes,Anna Hughes,FEMALE,2023-11-05,Sooke
19706,Benjamin,Diaz,Benjamin Diaz,MALE,2023-06-26,Olympia
19707,Cole,Cooper,Cole Cooper,MALE,2023-06-02,Santa Monica
19708,April,Luo,April Luo,FEMALE,2023-06-10,Colma
19709,Christian,Martin,Christian Martin,MALE,2023-06-30,Westminster
19710,Arianna,Gonzales,Arianna Gonzales,FEMALE,2023-11-19,Port Hammond
19711,Devin,Cooper,Devin Cooper,MALE,2024-01-09,Milwaukie
19712,Eric,Phillips,Eric Phillips,MALE,2023-06-19,Puyallup
19713,Morgan,Stewart,Morgan Stewart,FEMALE,2023-02-01,Redmond
19714,Angela,Price,Angela Price,FEMALE,2023-07-14,Downey
19715,Elijah,Parker,Elijah Parker,MALE,2023-07-13,Imperial Beach
19716,Logan,Martin,Logan Martin,MALE,2023-03-29,San Gabriel
19717,Edward,Hill,Edward Hill,MALE,2023-03-15,Woodburn
19718,Taylor,Butler,Taylor Butler,FEMALE,2023-07-14,Milwaukie
19719,Hunter,Baker,Hunter Baker,MALE,2023-07-03,Novato
19720,Kaitlyn,Phillips,Kaitlyn Phillips,FEMALE,2023-08-07,Beaverton
19721,Noah,Allen,Noah Allen,MALE,2023-07-15,Everett
19722,Dalton,Bailey,Dalton Bailey,MALE,2023-07-30,Lakewood
19723,Olivia,Russell,Olivia Russell,FEMALE,2023-07-17,Colma
19724,Bryce,Morris,Bryce Morris,MALE,2023-02-28,Lake Oswego
19725,Alexandria,Ramirez,Alexandria Ramirez,FEMALE,2023-03-20,Palo Alto
19726,Javier,Rubio,Javier Rubio,MALE,2023-02-14,Cliffside
19727,Natasha,Vazquez,Natasha Vazquez,FEMALE,2023-02-03,Burien
19728,Wyatt,Edwards,Wyatt Edwards,MALE,2023-02-28,Marysville
19729,Nicole,Patterson,Nicole Patterson,FEMALE,2023-06-15,Port Hammond
19730,Ricardo,Black,Ricardo Black,MALE,2023-07-09,Beverly Hills
19731,Jonathan,Allen,Jonathan Allen,MALE,2023-12-04,Mill Valley
19732,Kyle,Hill,Kyle Hill,MALE,2023-05-02,Bellflower
19733,Caitlin,Watson,Caitlin Watson,FEMALE,2023-02-04,Kirkland
19734,Natalie,Weisman,Natalie Weisman,FEMALE,2023-10-27,San Diego
19735,Mackenzie,Reed,Mackenzie Reed,FEMALE,2023-07-13,La Jolla
19736,Rachel,Kelly,Rachel Kelly,FEMALE,2023-07-15,San Francisco
19737,Erin,Ramirez,Erin Ramirez,FEMALE,2023-07-25,Burien
19738,Henry,Martinez,Henry Martinez,MALE,2023-07-31,Bellingham
19739,Lucas,Perry,Lucas Perry,MALE,2023-08-23,Chula Vista
19740,Connie,Liang,Connie Liang,FEMALE,2023-08-08,Bremerton
19741,María,Rivera,María Rivera,FEMALE,2023-10-16,Everett
19742,Alexia,Russell,Alexia Russell,FEMALE,2023-10-21,Bellingham
19743,Holly,Rana,Holly Rana,FEMALE,2023-04-10,Bellingham
19744,Tamara,Cai,Tamara Cai,FEMALE,2023-04-29,Colma
19745,Kayla,Simmons,Kayla Simmons,FEMALE,2023-04-03,National City
19746,Stephanie,Sanders,Stephanie Sanders,FEMALE,2023-11-10,Haney
19747,Louis,Rai,Louis Rai,MALE,2023-02-28,Concord
19748,Cory,Prasad,Cory Prasad,MALE,2023-09-10,Newcastle
19749,Natalie,Jackson,Natalie Jackson,FEMALE,2023-08-17,San Diego
19750,Miguel,Flores,Miguel Flores,MALE,2023-09-08,Langley
19751,Kaylee,Hall,Kaylee Hall,FEMALE,2023-05-17,Metchosin
19752,Ebony,Madan,Ebony Madan,FEMALE,2024-01-21,North Sydney
19753,Lisa,Gao,Lisa Gao,FEMALE,2023-10-10,North Sydney
19754,Francisco,Rana,Francisco Rana,MALE,2023-10-21,Burien
19755,Lauren,Foster,Lauren Foster,FEMALE,2023-10-26,Spokane
19756,Nicolas,Yuan,Nicolas Yuan,MALE,2023-08-14,Chula Vista
19757,Allison,Allen,Allison Allen,FEMALE,2023-06-08,Sooke
19758,Alex,Wright,Alex Wright,MALE,2023-03-06,Woodland Hills
19759,Sydney,Barnes,Sydney Barnes,FEMALE,2023-05-29,Redwood City
19760,Sydney,Russell,Sydney Russell,FEMALE,2023-05-26,Grossmont
19761,Alan,Lu,Alan Lu,MALE,2023-12-12,Perth
19762,Warren,Ma,Warren Ma,MALE,2023-07-20,Melbourne
19763,Roger,Lu,Roger Lu,MALE,2021-08-30,Findon
19764,Wayne,Pal,Wayne Pal,MALE,2023-03-14,Seaford
19765,Ruben,Patel,Ruben Patel,MALE,2021-09-17,Cloverdale
19766,Edwin,Lin,Edwin Lin,MALE,2021-09-05,Malabar
19767,Ross,Serrano,Ross Serrano,MALE,2023-10-07,Berkeley
19768,Christopher,Jackson,Christopher Jackson,MALE,2023-04-21,Colma
19769,Andrea,Peterson,Andrea Peterson,FEMALE,2023-10-15,Long Beach
19770,Rosa,Liang,Rosa Liang,FEMALE,2021-09-18,Rhodes
19771,Tasha,Jai,Tasha Jai,FEMALE,2021-09-09,Gold Coast
19772,Hector,Vazquez,Hector Vazquez,MALE,2021-09-23,South Melbourne
19773,Ricky,Gutierrez,Ricky Gutierrez,MALE,2021-09-14,Gold Coast
19774,Brianna,Davis,Brianna Davis,FEMALE,2023-03-03,Olympia
19775,Alisha,Cai,Alisha Cai,FEMALE,2023-04-05,Chula Vista
19776,Judith,Murphy,Judith Murphy,FEMALE,2023-06-06,Daly City
19777,Jonathan,Thomas,Jonathan Thomas,MALE,2023-07-28,Los Angeles
19778,Isabella,Jones,Isabella Jones,FEMALE,2023-02-20,National City
19779,Emily,Foster,Emily Foster,FEMALE,2023-06-30,Lake Oswego
19780,Brianna,White,Brianna White,FEMALE,2023-08-28,Los Angeles
19781,Alexis,Washington,Alexis Washington,FEMALE,2023-01-31,Langley
19782,Derek,Shan,Derek Shan,MALE,2021-09-06,South Melbourne
19783,Tony,Kumar,Tony Kumar,MALE,2021-09-18,Geelong
19784,Christy,Liu,Christy Liu,FEMALE,2021-08-30,Townsville
19785,Olivia,Ramirez,Olivia Ramirez,FEMALE,2021-09-27,Goulburn
19786,Robin,Carlson,Robin Carlson,FEMALE,2021-09-22,Geelong
19787,Alex,Hill,Alex Hill,MALE,2021-09-03,Bendigo
19788,Kristen,Hu,Kristen Hu,FEMALE,2021-09-22,Brisbane
19789,Gloria,Munoz,Gloria Munoz,FEMALE,2021-09-13,Matraville
19790,Amy,Wu,Amy Wu,FEMALE,2021-09-12,North Ryde
19791,Warren,Zhou,Warren Zhou,MALE,2021-09-08,Brisbane
19792,Cristina,Nara,Cristina Nara,FEMALE,2021-09-21,North Ryde
19793,Tina,Smith,Tina Smith,FEMALE,2021-09-17,Matraville
19794,Danny,Ortega,Danny Ortega,MALE,2021-08-31,Cloverdale
19795,Casey,Navarro,Casey Navarro,MALE,2021-09-04,Warrnambool
19796,Marshall,Xie,Marshall Xie,MALE,2023-02-25,Goulburn
19797,Clarence,Liu,Clarence Liu,MALE,2021-09-10,Melton
19798,Bianca,Ma,Bianca Ma,FEMALE,2023-02-24,North Sydney
19799,Austin,Taylor,Austin Taylor,MALE,2023-10-06,Woodland Hills
19800,Lauren,White,Lauren White,FEMALE,2023-06-21,Mill Valley
19801,John,Lee,John Lee,MALE,2023-06-24,N. Vancouver
19802,Sara,James,Sara James,FEMALE,2021-01-27,Newton
19803,Jermaine,Mehta,Jermaine Mehta,MALE,2023-10-24,Bremerton
19804,Cameron,Foster,Cameron Foster,MALE,2023-08-01,Corvallis
19805,Mariah,Butler,Mariah Butler,FEMALE,2023-06-23,Burbank
19806,Nancy,Perez,Nancy Perez,FEMALE,2023-08-26,Burlingame
19807,Shannon,Zhao,Shannon Zhao,FEMALE,2023-08-05,Silverwater
19808,Brooke,Kelly,Brooke Kelly,FEMALE,2023-08-19,Grossmont
19809,Eric,Sharma,Eric Sharma,MALE,2023-04-22,Lemon Grove
19810,Oscar,Long,Oscar Long,MALE,2023-11-11,Santa Monica
19811,Evan,Allen,Evan Allen,MALE,2023-08-19,W. Linn
19812,Sydney,Morgan,Sydney Morgan,FEMALE,2023-08-27,Coronado
19813,Rebecca,Perez,Rebecca Perez,FEMALE,2023-08-24,Issaquah
19814,Blake,Washington,Blake Washington,MALE,2023-08-03,Burlingame
19815,Christian,Thompson,Christian Thompson,MALE,2023-09-22,Sedro Woolley
19816,Lucas,Brown,Lucas Brown,MALE,2023-09-11,Beaverton
19817,Morgan,Flores,Morgan Flores,FEMALE,2023-02-25,Langford
19818,Brianna,Anderson,Brianna Anderson,FEMALE,2023-08-17,Grossmont
19819,Andrew,Brown,Andrew Brown,MALE,2023-10-24,National City
19820,Alexandra,Coleman,Alexandra Coleman,FEMALE,2023-04-19,Lincoln Acres
19821,Tabitha,Vazquez,Tabitha Vazquez,FEMALE,2023-09-24,Beverly Hills
19822,Carlos,Adams,Carlos Adams,MALE,2023-06-29,Langford
19823,Abigail,Foster,Abigail Foster,FEMALE,2023-12-03,Port Hammond
19824,Jordan,Perry,Jordan Perry,MALE,2023-09-07,Bellingham
19825,Gilbert,Ferrier,Gilbert Ferrier,MALE,2023-06-16,Concord
19826,Clarence,Zhao,Clarence Zhao,MALE,2023-02-11,Calgary
19827,Justin,Smith,Justin Smith,MALE,2023-08-02,Metchosin
19828,Madison,Wilson,Madison Wilson,FEMALE,2023-08-19,Royal Oak
19829,Lucas,Mitchell,Lucas Mitchell,MALE,2021-02-28,Royal Oak
19830,Gabrielle,Long,Gabrielle Long,FEMALE,2021-02-19,Langford
19831,Charles,Green,Charles Green,MALE,2023-09-11,San Carlos
19832,Sheila,Hernandez,Sheila Hernandez,FEMALE,2023-12-17,Chula Vista
19833,Michelle,Kelly,Michelle Kelly,FEMALE,2023-04-12,Corvallis
19834,Johnny,Sharma,Johnny Sharma,MALE,2023-06-15,Burien
19835,Jordan,Allen,Jordan Allen,FEMALE,2023-12-17,Milwaukie
19836,Kevin,Jai,Kevin Jai,MALE,2023-03-18,Langford
19837,Philip,Jimenez,Philip Jimenez,MALE,2023-09-20,Berkeley
19838,Jared,Ramirez,Jared Ramirez,MALE,2023-09-03,W. Linn
19839,Carly,Yuan,Carly Yuan,FEMALE,2023-04-16,Calgary
19840,Jessica,James,Jessica James,FEMALE,2023-12-28,Imperial Beach
19841,Alexandria,Jenkins,Alexandria Jenkins,FEMALE,2023-09-20,El Cajon
19842,Katherine,Phillips,Katherine Phillips,FEMALE,2023-10-28,Bremerton
19843,Connor,Kumar,Connor Kumar,MALE,2023-10-05,Grossmont
19844,Emma,Murphy,Emma Murphy,FEMALE,2021-04-14,Oak Bay
19845,Fernando,Hernandez,Fernando Hernandez,MALE,2023-10-11,Yakima
19846,Seth,Patterson,Seth Patterson,MALE,2023-10-03,Salem
19847,Brendan,Anand,Brendan Anand,MALE,2023-11-16,Cliffside
19848,Bryant,Malhotra,Bryant Malhotra,MALE,2023-12-20,Bremerton
19849,Jorge,Wu,Jorge Wu,MALE,2023-04-23,Bellflower
19850,Jeremiah,Hill,Jeremiah Hill,MALE,2023-12-23,Los Angeles
19851,Louis,Pal,Louis Pal,MALE,2023-06-02,Burbank
19852,Eric,Carter,Eric Carter,MALE,2023-03-17,Lynnwood
19853,Ricky,Ramos,Ricky Ramos,MALE,2023-10-11,Carson
19854,Katherine,Hall,Katherine Hall,FEMALE,2023-10-01,Novato
19855,John,Smith,John Smith,MALE,2021-05-21,Port Hammond
19856,Tammy,Madan,Tammy Madan,FEMALE,2023-05-31,Burbank
19857,Megan,Rogers,Megan Rogers,FEMALE,2023-04-22,Santa Cruz
19858,Jenna,Collins,Jenna Collins,FEMALE,2023-12-03,Salem
19859,Lisa,Zhao,Lisa Zhao,FEMALE,2023-05-19,Burlingame
19860,Sara,Young,Sara Young,FEMALE,2023-02-26,Ballard
19861,Caroline,Perry,Caroline Perry,FEMALE,2023-06-12,Lake Oswego
19862,Emily,Harris,Emily Harris,FEMALE,2023-04-28,Shawnee
19863,Paige,Powell,Paige Powell,FEMALE,2024-01-07,Burien
19864,Isaiah,Brooks,Isaiah Brooks,MALE,2023-07-01,Portland
19865,Hailey,Butler,Hailey Butler,FEMALE,2023-04-04,Woodburn
19866,Martin,Patel,Martin Patel,MALE,2023-09-28,Chula Vista
19867,Juan,Sanchez,Juan Sanchez,MALE,2023-04-29,Chula Vista
19868,Kyle,Jenkins,Kyle Jenkins,MALE,2023-10-27,Newport Beach
19869,Carol,Brooks,Carol Brooks,FEMALE,2023-10-12,West Covina
19870,James,Martin,James Martin,MALE,2023-03-29,N. Vancouver
19871,Bryce,Rivera,Bryce Rivera,MALE,2023-08-25,Sedro Woolley
19872,Faith,Foster,Faith Foster,FEMALE,2024-01-17,Cliffside
19873,Dylan,Thomas,Dylan Thomas,MALE,2023-04-07,Newton
19874,Sara,Rogers,Sara Rogers,FEMALE,2021-06-07,Westminster
19875,Patrick,James,Patrick James,MALE,2023-04-24,Bremerton
19876,Nathan,Edwards,Nathan Edwards,MALE,2023-07-01,Burlingame
19877,Steve,Zheng,Steve Zheng,MALE,2023-09-03,Chula Vista
19878,Morgan,Jackson,Morgan Jackson,FEMALE,2023-12-08,La Jolla
19879,Ian,Green,Ian Green,MALE,2023-03-04,Lemon Grove
19880,Emma,Bennett,Emma Bennett,FEMALE,2023-03-30,Oakland
19881,Aidan,Long,Aidan Long,MALE,2023-03-29,Santa Monica
19882,Richard,Phillips,Richard Phillips,MALE,2023-07-14,Torrance
19883,Kevin,Young,Kevin Young,MALE,2023-10-23,Woodland Hills
19884,James,Simmons,James Simmons,MALE,2021-07-22,Sooke
19885,Isaac,Turner,Isaac Turner,MALE,2023-12-29,Bellingham
19886,Marcus,Butler,Marcus Butler,MALE,2023-04-12,Kirkland
19887,Olivia,Walker,Olivia Walker,FEMALE,2023-12-18,Woodburn
19888,Carson,Washington,Carson Washington,MALE,2023-07-24,Glendale
19889,Catherine,Sanders,Catherine Sanders,FEMALE,2023-10-24,El Cajon
19890,Lee,Alvarez,Lee Alvarez,MALE,2023-07-17,Coronado
19891,Jennifer,Morgan,Jennifer Morgan,FEMALE,2023-04-15,Everett
19892,Richard,Campbell,Richard Campbell,MALE,2023-04-28,San Carlos
19893,Evan,Baker,Evan Baker,MALE,2024-01-28,Marysville
19894,Elijah,Sharma,Elijah Sharma,MALE,2023-05-30,Bellingham
19895,Ricky,Jimenez,Ricky Jimenez,MALE,2024-01-14,Burbank
19896,Kaitlyn,Thomas,Kaitlyn Thomas,FEMALE,2023-03-28,Oregon City
19897,Gabriella,Nelson,Gabriella Nelson,FEMALE,2023-11-19,San Gabriel
19898,Desiree,Serrano,Desiree Serrano,FEMALE,2023-12-20,Stuttgart
19899,Marcus,Richardson,Marcus Richardson,MALE,2022-12-21,Saint-Denis
19900,Zoe,Richardson,Zoe Richardson,FEMALE,2023-08-27,Bottrop
19901,Ronald,Sara,Ronald Sara,MALE,2021-12-13,Sulzbach Taunus
19902,Johnny,Pal,Johnny Pal,MALE,2022-12-18,Saint Germain en Laye
19903,Marcus,Nelson,Marcus Nelson,MALE,2022-11-28,Metz
19904,Jasmine,Gray,Jasmine Gray,FEMALE,2021-12-17,Ingolstadt
19905,Chelsea,Fernandez,Chelsea Fernandez,FEMALE,2023-11-01,Wokingham
19906,Armando,Muñoz,Armando Muñoz,MALE,2023-08-09,York
19907,Bruce,Diaz,Bruce Diaz,MALE,2023-10-04,Pantin
19908,Pamela,Prasad,Pamela Prasad,FEMALE,2023-12-24,Paris
19909,Geoffrey,Chandra,Geoffrey Chandra,MALE,2023-05-30,Bonn
19910,Orlando,Rubio,Orlando Rubio,MALE,2022-01-16,Werne
19911,Valerie,Chen,Valerie Chen,FEMALE,2022-11-10,London
19912,Tara,Xie,Tara Xie,FEMALE,2022-11-17,Newcastle upon Tyne
19913,Jennifer,Perez,Jennifer Perez,FEMALE,2023-02-25,Bobigny
19914,Willie,Ma,Willie Ma,MALE,2023-06-14,Roncq
19915,Claudia,McDonald,Claudia McDonald,FEMALE,2024-01-17,Mühlheim
19916,Katie,Xie,Katie Xie,FEMALE,2022-12-09,Watford
19917,Jenny,Chander,Jenny Chander,FEMALE,2022-12-04,Wokingham
19918,Joy,Alonso,Joy Alonso,FEMALE,2022-12-05,York
19919,Rebekah,Johnsen,Rebekah Johnsen,FEMALE,2023-05-13,Peterborough
19920,Meredith,Sanchez,Meredith Sanchez,FEMALE,2023-02-19,Paris
19921,Cara,Cai,Cara Cai,FEMALE,2023-04-13,München
19922,Nancy,Gonzalez,Nancy Gonzalez,FEMALE,2022-12-13,Colombes
19923,Joe,Prasad,Joe Prasad,MALE,2023-04-30,Paris
19924,Douglas,Perez,Douglas Perez,MALE,2022-01-08,Ingolstadt
19925,Madison,Jenkins,Madison Jenkins,FEMALE,2023-07-08,Kassel
19926,Alexandria,Diaz,Alexandria Diaz,FEMALE,2023-04-06,Cheltenham
19927,Ruben,Fernandez,Ruben Fernandez,MALE,2023-07-29,W. York
19928,Jaime,Sanz,Jaime Sanz,FEMALE,2023-05-03,Watford
19929,Dale,Chander,Dale Chander,MALE,2023-03-30,Les Ulis
19930,Tony,Tang,Tony Tang,MALE,2021-12-29,Mühlheim
19931,Darryl,Xu,Darryl Xu,MALE,2022-01-07,Salzgitter
19932,Javier,Sanz,Javier Sanz,MALE,2024-01-14,Paris
19933,Nichole,Deng,Nichole Deng,FEMALE,2023-03-24,Cambridge
19934,Neil,Blanco,Neil Blanco,MALE,2023-05-14,Berlin
19935,Clinton,Navarro,Clinton Navarro,MALE,2023-08-17,Poing
19936,Corey,Luo,Corey Luo,MALE,2023-12-27,Bottrop
19937,Jimmy,Gomez,Jimmy Gomez,MALE,2024-01-04,Kassel
19938,Chelsea,Patel,Chelsea Patel,FEMALE,2023-09-13,London
19939,Alvin,Wang,Alvin Wang,MALE,2023-12-09,Stoke-on-Trent
19940,Rosa,Ye,Rosa Ye,FEMALE,2022-11-29,London
19941,Cedric,Liang,Cedric Liang,MALE,2021-01-12,London
19942,Armando,Navarro,Armando Navarro,MALE,2021-01-25,Oxon
19943,Walter,Carlson,Walter Carlson,MALE,2022-12-25,Paris
19944,Jonathon,Suarez,Jonathon Suarez,MALE,2022-02-22,Braunschweig
19945,Phillip,Garcia,Phillip Garcia,MALE,2022-11-29,Orly
19946,Tamara,Raje,Tamara Raje,FEMALE,2023-04-15,Leeds
19947,Darryl,Liu,Darryl Liu,MALE,2021-09-16,Sunbury
19948,Lacey,Hu,Lacey Hu,FEMALE,2021-09-12,Melbourne
19949,Niñia,Anand,Niñia Anand,FEMALE,2021-09-27,North Ryde
19950,Ronnie,Lu,Ronnie Lu,MALE,2021-09-13,Perth
19951,Roy,Moreno,Roy Moreno,MALE,2021-09-03,Hawthorne
19952,Adrienne,Martin,Adrienne Martin,FEMALE,2023-03-06,South Melbourne
19953,Darrell,Lal,Darrell Lal,MALE,2023-05-14,Seaford
19954,Jose,Carlson,Jose Carlson,MALE,2023-02-07,Geelong
19955,Jake,Gao,Jake Gao,MALE,2023-06-22,Geelong
19956,Susan,She,Susan She,FEMALE,2021-09-26,Warrnambool
19957,Arthur,Mehta,Arthur Mehta,MALE,2021-09-11,Caloundra
19958,Erika,Romero,Erika Romero,FEMALE,2021-09-14,Sydney
19959,Tabitha,Moreno,Tabitha Moreno,FEMALE,2021-09-25,Warrnambool
19960,Phil,Spencer,Phil Spencer,MALE,2021-09-21,South Melbourne
19961,Kristin,She,Kristin She,FEMALE,2023-04-27,Coffs Harbour
19962,Dominic,Prasad,Dominic Prasad,MALE,2023-04-22,East Brisbane
19963,Geoffrey,Fernandez,Geoffrey Fernandez,MALE,2021-09-17,Port Macquarie
19964,Gloria,Alonso,Gloria Alonso,FEMALE,2021-09-06,Findon
19965,Jay,Lopez,Jay Lopez,MALE,2021-09-21,Sunbury
19966,Abby,Sanchez,Abby Sanchez,FEMALE,2021-09-23,Wollongong
19967,Devon,Deng,Devon Deng,MALE,2021-09-01,Sydney
19968,Katrina,Chande,Katrina Chande,FEMALE,2021-10-07,Milsons Point
19969,Jake,Guo,Jake Guo,MALE,2023-01-30,Findon
19970,Tanya,Jimenez,Tanya Jimenez,FEMALE,2021-10-19,Townsville
19971,Jeffery,Lu,Jeffery Lu,MALE,2021-10-28,Lavender Bay
19972,Lindsay,Chander,Lindsay Chander,FEMALE,2023-07-30,Cranbourne
19973,Colin,Zhu,Colin Zhu,MALE,2023-03-25,Springwood
19974,George,Fernandez,George Fernandez,MALE,2021-10-19,Sydney
19975,Brittney,Zhang,Brittney Zhang,FEMALE,2021-10-09,Hervey Bay
19976,Tamara,Sun,Tamara Sun,FEMALE,2023-05-26,East Brisbane
19977,Kristine,Gill,Kristine Gill,FEMALE,2021-10-24,Findon
19978,Marshall,Yuan,Marshall Yuan,MALE,2021-10-18,Sunbury
19979,Janet,Browning,Janet Browning,FEMALE,2021-10-20,Melton
19980,Alexandra,Carter,Alexandra Carter,FEMALE,2024-01-16,Kirkland
19981,Kelly,Russell,Kelly Russell,FEMALE,2023-04-04,Downey
19982,Charles,Cox,Charles Cox,MALE,2023-11-11,Los Angeles
19983,Michael,Martinez,Michael Martinez,MALE,2023-04-22,Bellflower
19984,Sara,Morris,Sara Morris,FEMALE,2023-04-26,El Cajon
19985,Tamara,Ma,Tamara Ma,FEMALE,2023-04-08,Bremerton
19986,Jamie,Huang,Jamie Huang,FEMALE,2023-04-02,Colma
19987,Taylor,Moore,Taylor Moore,FEMALE,2021-07-06,Newton
19988,Jordan,Long,Jordan Long,MALE,2021-08-06,Sooke
19989,Ethan,Thompson,Ethan Thompson,MALE,2021-08-22,Vancouver
19990,Peter,Rai,Peter Rai,MALE,2023-11-11,Burbank
19991,Jacob,Thomas,Jacob Thomas,MALE,2023-11-15,Chula Vista
19992,Stephanie,Hill,Stephanie Hill,FEMALE,2023-11-22,Newport Beach
19993,Nathan,Russell,Nathan Russell,MALE,2023-04-06,Kirkland
19994,Madeline,King,Madeline King,FEMALE,2023-11-01,Novato
19995,Jordyn,Gonzales,Jordyn Gonzales,FEMALE,2023-11-21,Redwood City
19996,Grant,She,Grant She,MALE,2023-09-17,Burien
19997,Beth,Gill,Beth Gill,FEMALE,2021-08-12,Cliffside
19998,Laura,Liu,Laura Liu,FEMALE,2023-04-04,Colma
19999,Danielle,Brooks,Danielle Brooks,FEMALE,2023-04-01,La Jolla
20000,Elijah,Diaz,Elijah Diaz,MALE,2021-09-19,Haney
20001,Jordan,Hill,Jordan Hill,FEMALE,2023-04-24,Marysville
20002,Elizabeth,White,Elizabeth White,FEMALE,2023-12-09,Berkeley
20003,Dalton,Gonzalez,Dalton Gonzalez,MALE,2023-12-15,Beverly Hills
20004,Kaitlin,Perez,Kaitlin Perez,FEMALE,2023-12-10,Concord
20005,Kevin,Zhang,Kevin Zhang,MALE,2023-05-16,Downey
20006,Grace,Morris,Grace Morris,FEMALE,2023-05-29,Woodburn
20007,Ashley,Alexander,Ashley Alexander,FEMALE,2021-10-09,Westminster
20008,Jack,Foster,Jack Foster,MALE,2023-10-17,National City
20009,Noah,Walker,Noah Walker,MALE,2023-05-07,West Covina
20010,Jackson,Carter,Jackson Carter,MALE,2023-09-23,San Diego
20011,Eduardo,Sanders,Eduardo Sanders,MALE,2023-12-23,Lake Oswego
20012,Jessica,Robinson,Jessica Robinson,FEMALE,2023-12-08,Bellflower
20013,Jocelyn,Hughes,Jocelyn Hughes,FEMALE,2023-12-23,Corvallis
20014,Anne,Blanco,Anne Blanco,FEMALE,2023-03-28,Chula Vista
20015,Jenna,King,Jenna King,FEMALE,2023-12-15,Lakewood
20016,Katherine,Kelly,Katherine Kelly,FEMALE,2023-08-11,W. Linn
20017,Anna,Sanders,Anna Sanders,FEMALE,2023-12-25,Fremont
20018,Lauren,Gray,Lauren Gray,FEMALE,2023-06-15,Renton
20019,Brittany,Diaz,Brittany Diaz,FEMALE,2023-09-04,Lynnwood
20020,Jacqueline,Foster,Jacqueline Foster,FEMALE,2023-10-04,Los Angeles
20021,Alexander,Jones,Alexander Jones,MALE,2023-12-19,Haney
20022,Arthur,Perry,Arthur Perry,FEMALE,2023-10-07,Colma
20023,Edward,Hughes,Edward Hughes,MALE,2021-11-11,Vancouver
20024,Fernando,Miller,Fernando Miller,MALE,2023-04-30,Lemon Grove
20025,Bryce,Bell,Bryce Bell,MALE,2023-11-10,Everett
20026,Jasmine,Richardson,Jasmine Richardson,FEMALE,2023-05-20,Yakima
20027,Danielle,Murphy,Danielle Murphy,FEMALE,2023-11-02,Glendale
20028,Angela,Flores,Angela Flores,FEMALE,2023-05-28,Redwood City
20029,Jan,Evans,Jan Evans,FEMALE,2023-05-04,Los Angeles
20030,Alexander,Harris,Alexander Harris,MALE,2023-05-14,Burlingame
20031,Devin,James,Devin James,MALE,2023-05-11,Burlingame
20032,Marcus,Walker,Marcus Walker,MALE,2023-05-27,Tacoma
20033,Carlos,Turner,Carlos Turner,MALE,2023-12-09,Santa Monica
20034,Wyatt,Turner,Wyatt Turner,MALE,2021-11-15,Vancouver
20035,Cesar,Fernandez,Cesar Fernandez,MALE,2021-12-26,Cliffside
20036,Kate,Tang,Kate Tang,FEMALE,2023-01-16,Colma
20037,Alyssa,Sanchez,Alyssa Sanchez,FEMALE,2023-01-27,Lincoln Acres
20038,Taylor,Price,Taylor Price,FEMALE,2022-12-31,Oakland
20039,Stephanie,Evans,Stephanie Evans,FEMALE,2023-01-18,Sedro Woolley
20040,Victoria,Rivera,Victoria Rivera,FEMALE,2023-05-11,Mill Valley
20041,Joe,Alvarez,Joe Alvarez,MALE,2023-04-24,Morangis
20042,Brad,Deng,Brad Deng,MALE,2020-12-31,Liverpool
20043,Brent,Zheng,Brent Zheng,MALE,2023-12-25,Ingolstadt
20044,Jillian,Rana,Jillian Rana,FEMALE,2023-06-11,Chatou
20045,Andres,Shen,Andres Shen,MALE,2023-04-03,Roissy en Brie
20046,Peter,She,Peter She,MALE,2023-05-29,Saint Ouen
20047,Ronnie,Huang,Ronnie Huang,MALE,2023-05-29,Suresnes
20048,Virginia,Srini,Virginia Srini,FEMALE,2021-02-02,Birmingham
20049,Colleen,Chavez,Colleen Chavez,FEMALE,2021-02-05,Warrington
20050,Adriana,Prasad,Adriana Prasad,FEMALE,2023-02-01,Courbevoie
20051,Linda,Dominguez,Linda Dominguez,FEMALE,2022-02-13,Berlin
20052,Theodore,Ruiz,Theodore Ruiz,MALE,2021-03-13,Bracknell
20053,Jessie,Yang,Jessie Yang,MALE,2023-06-25,Bury
20054,Clarence,Nara,Clarence Nara,MALE,2021-03-13,London
20055,Ruben,Ruiz,Ruben Ruiz,MALE,2023-06-26,Milton Keynes
20056,Johnny,She,Johnny She,MALE,2023-11-21,Berlin
20057,Ramon,Zhou,Ramon Zhou,MALE,2023-09-10,Orleans
20058,Roger,Liu,Roger Liu,MALE,2023-05-31,High Wycombe
20059,Madison,Washington,Madison Washington,FEMALE,2023-07-15,Bobigny
20060,Kayla,Jackson,Kayla Jackson,FEMALE,2021-03-21,Runcorn
20061,Sharon,Nath,Sharon Nath,FEMALE,2023-07-24,Paris
20062,Russell,Carson,Russell Carson,MALE,2022-01-29,Stuttgart
20063,Kristy,Ortega,Kristy Ortega,FEMALE,2023-12-09,Paris
20064,Whitney,Prasad,Whitney Prasad,FEMALE,2023-06-18,Berlin
20065,Grant,Lal,Grant Lal,MALE,2023-12-19,Kassel
20066,Marcus,White,Marcus White,MALE,2023-05-09,Lynnwood
20067,Destiny,Thompson,Destiny Thompson,FEMALE,2023-05-21,Redwood City
20068,Alexandria,Peterson,Alexandria Peterson,FEMALE,2023-05-27,Novato
20069,Jessica,Smith,Jessica Smith,FEMALE,2023-10-01,Santa Monica
20070,Richard,Morris,Richard Morris,MALE,2023-07-22,Vancouver
20071,Sean,Campbell,Sean Campbell,MALE,2023-03-03,Burien
20072,Kaitlyn,Martinez,Kaitlyn Martinez,FEMALE,2023-05-13,Everett
20073,Melissa,Cooper,Melissa Cooper,FEMALE,2023-05-08,Port Orchard
20074,Preston,Madan,Preston Madan,MALE,2023-10-16,Concord
20075,Aaron,Allen,Aaron Allen,MALE,2021-12-02,Sooke
20076,Beth,Vazquez,Beth Vazquez,FEMALE,2023-11-21,Burbank
20077,Aidan,Coleman,Aidan Coleman,MALE,2023-11-01,Coronado
20078,Jose,Lee,Jose Lee,MALE,2023-11-21,Oregon City
20079,Alexandra,Taylor,Alexandra Taylor,FEMALE,2023-11-19,Beaverton
20080,Maria,Stewart,Maria Stewart,FEMALE,2023-11-02,Burien
20081,Jerry,Xie,Jerry Xie,MALE,2023-10-15,Burien
20082,Caroline,Henderson,Caroline Henderson,FEMALE,2023-07-20,Oak Bay
20083,Terry,Kumar,Terry Kumar,MALE,2023-11-04,Beverly Hills
20084,Alex,Stewart,Alex Stewart,MALE,2023-05-23,Victoria
20085,Jessica,Moore,Jessica Moore,FEMALE,2023-06-18,Metchosin
20086,Jeremiah,Hayes,Jeremiah Hayes,MALE,2023-03-18,Oak Bay
20087,Seth,Gray,Seth Gray,MALE,2023-06-14,Royal Oak
20088,Jose,Lewis,Jose Lewis,MALE,2023-06-07,Issaquah
20089,Luis,Powell,Luis Powell,MALE,2023-07-17,Renton
20090,Blake,Edwards,Blake Edwards,MALE,2023-11-28,Concord
20091,Andrea,Parker,Andrea Parker,FEMALE,2023-11-21,Coronado
20092,Ethan,Sharma,Ethan Sharma,MALE,2023-05-26,Torrance
20093,Megan,Clark,Megan Clark,FEMALE,2023-05-04,Torrance
20094,Lindsey,Chande,Lindsey Chande,FEMALE,2023-08-07,Beverly Hills
20095,Ana,Flores,Ana Flores,FEMALE,2023-09-06,Los Angeles
20096,Jonathan,Lal,Jonathan Lal,MALE,2023-07-20,Shawnee
20097,Brittany,Griffin,Brittany Griffin,FEMALE,2023-05-03,Mill Valley
20098,Alexis,Lewis,Alexis Lewis,FEMALE,2023-10-19,El Cajon
20099,Devon,Xie,Devon Xie,MALE,2023-09-01,Burlingame
20100,Jesse,Watson,Jesse Watson,MALE,2023-12-19,Long Beach
20101,Devin,Hayes,Devin Hayes,MALE,2023-11-13,Oregon City
20102,Arianna,Jenkins,Arianna Jenkins,FEMALE,2023-09-14,Renton
20103,William,Robinson,William Robinson,MALE,2023-05-04,Langford
20104,Louis,Xu,Louis Xu,MALE,2023-02-12,Cliffside
20105,Alexis,Taylor,Alexis Taylor,FEMALE,2023-08-20,La Jolla
20106,Amber,Hall,Amber Hall,FEMALE,2023-04-30,Metchosin
20107,Danielle,Morris,Danielle Morris,FEMALE,2023-07-24,Renton
20108,Glenn,Gao,Glenn Gao,MALE,2023-05-03,Burien
20109,Katelyn,Stewart,Katelyn Stewart,FEMALE,2023-05-17,Newport Beach
20110,Austin,Perry,Austin Perry,MALE,2023-05-30,Woodland Hills
20111,Brittney,Zhu,Brittney Zhu,FEMALE,2023-06-03,Burbank
20112,Shelby,James,Shelby James,FEMALE,2023-10-20,Torrance
20113,Christina,Murphy,Christina Murphy,FEMALE,2023-10-27,Port Orchard
20114,Joseph,Thompson,Joseph Thompson,MALE,2023-05-31,Renton
20115,Megan,Jones,Megan Jones,FEMALE,2023-03-03,Lemon Grove
20116,Hannah,Bryant,Hannah Bryant,FEMALE,2023-03-04,Chula Vista
20117,Brandon,Jenkins,Brandon Jenkins,MALE,2023-03-26,Portland
20118,Jacqueline,Henderson,Jacqueline Henderson,FEMALE,2023-06-21,Spring Valley
20119,Carlos,Hernandez,Carlos Hernandez,MALE,2023-10-04,Edmonds
20120,Fernando,Hughes,Fernando Hughes,MALE,2023-04-09,Renton
20121,Dylan,Butler,Dylan Butler,MALE,2023-03-18,Salem
20122,Jeremy,Bailey,Jeremy Bailey,MALE,2023-11-12,Downey
20123,Aaron,Gonzalez,Aaron Gonzalez,MALE,2023-10-10,Grossmont
20124,Natalie,Coleman,Natalie Coleman,FEMALE,2023-06-08,Redwood City
20125,Natalie,Clark,Natalie Clark,FEMALE,2023-05-29,Kirkland
20126,Seth,Carter,Seth Carter,MALE,2024-01-09,Santa Cruz
20127,Carlos,Sanders,Carlos Sanders,MALE,2023-04-12,Corvallis
20128,Ian,Miller,Ian Miller,MALE,2023-07-11,Woodburn
20129,Nicole,Stewart,Nicole Stewart,FEMALE,2023-04-04,Beaverton
20130,Jordan,Nelson,Jordan Nelson,MALE,2023-01-31,Haney
20131,Carolyn,Gutierrez,Carolyn Gutierrez,FEMALE,2023-12-26,Paris La Defense
20132,Jenny,Shen,Jenny Shen,FEMALE,2023-06-10,Berlin
20133,Jorge,Li,Jorge Li,MALE,2023-07-04,London
20134,Franklin,Zhao,Franklin Zhao,MALE,2024-01-26,Milton Keynes
20135,Grace,Price,Grace Price,FEMALE,2023-07-01,Ingolstadt
20136,Bonnie,Kennedy,Bonnie Kennedy,FEMALE,2024-01-04,York
20137,Jarrod,Fernandez,Jarrod Fernandez,MALE,2023-12-06,Salzgitter
20138,Kendra,Moreno,Kendra Moreno,FEMALE,2023-02-06,Dresden
20139,Connor,Wright,Connor Wright,MALE,2023-05-04,Santa Monica
20140,Joe,Navarro,Joe Navarro,MALE,2023-05-04,Essen
20141,Angelica,Flores,Angelica Flores,FEMALE,2023-11-08,Dunkerque
20142,Lydia,Lopez,Lydia Lopez,FEMALE,2023-01-31,Colombes
20143,Jimmy,Suarez,Jimmy Suarez,MALE,2023-07-28,Dresden
20144,Roger,Lin,Roger Lin,MALE,2023-12-29,Poing
20145,Fernando,Lee,Fernando Lee,MALE,2023-07-12,Chatou
20146,Mackenzie,Hall,Mackenzie Hall,FEMALE,2023-02-15,Villeneuve-d'Ascq
20147,Tabitha,Ramos,Tabitha Ramos,FEMALE,2023-06-19,Berkshire
20148,Terry,Nath,Terry Nath,MALE,2023-03-16,Roubaix
20149,Heidi,Arun,Heidi Arun,FEMALE,2021-03-27,Basingstoke Hants
20150,Gary,Rubio,Gary Rubio,MALE,2021-04-27,York
20151,Jamie,Guo,Jamie Guo,FEMALE,2021-10-01,Cranbourne
20152,Rafael,She,Rafael She,MALE,2021-10-13,Warrnambool
20153,Diane,Sanz,Diane Sanz,FEMALE,2023-07-30,Geelong
20154,Raul,Luo,Raul Luo,MALE,2021-10-04,Matraville
20155,Jay,Fernandez,Jay Fernandez,MALE,2023-06-29,Lavender Bay
20156,Jay,Madan,Jay Madan,MALE,2021-10-22,Sunbury
20157,Riley,Reed,Riley Reed,FEMALE,2021-10-07,Coffs Harbour
20158,Rodney,Blanco,Rodney Blanco,MALE,2021-10-01,Melbourne
20159,Ernest,Zhu,Ernest Zhu,MALE,2021-10-13,Matraville
20160,George,Garcia,George Garcia,MALE,2021-09-29,Bendigo
20161,Albert,Sanz,Albert Sanz,MALE,2023-06-26,Orly
20162,Kelsey,Nath,Kelsey Nath,FEMALE,2022-02-12,Bottrop
20163,Krystal,Zhang,Krystal Zhang,FEMALE,2022-03-29,Frankfurt am Main
20164,Carol Ann,Rockne,Carol Ann Rockne,MALE,2021-04-26,Lancaster
20165,Kristina,Mehta,Kristina Mehta,FEMALE,2021-04-04,Reading
20166,Monique,Gutierrez,Monique Gutierrez,FEMALE,2022-03-13,Frankfurt
20167,Joe,Serrano,Joe Serrano,MALE,2021-05-07,London
20168,Jessie,Serrano,Jessie Serrano,FEMALE,2023-12-31,Berlin
20169,Garrett,Gray,Garrett Gray,MALE,2024-01-25,Saarlouis
20170,Jerome,Martin,Jerome Martin,MALE,2021-05-14,Oxon
20171,Bailey,King,Bailey King,FEMALE,2022-03-17,Kassel
20172,Kelli,Gao,Kelli Gao,FEMALE,2021-05-20,Oxford
20173,Dennis,Zhao,Dennis Zhao,MALE,2021-06-20,London
20174,Douglas,Gonzalez,Douglas Gonzalez,MALE,2023-10-16,Berlin
20175,Alisha,Lu,Alisha Lu,FEMALE,2023-07-09,Orleans
20176,Antonio,Alexander,Antonio Alexander,MALE,2023-10-01,Darmstadt
20177,Kelvin,Li,Kelvin Li,MALE,2023-06-11,Courbevoie
20178,Deborah,Anand,Deborah Anand,FEMALE,2023-03-21,Orleans
20179,Denise,Patel,Denise Patel,FEMALE,2023-06-01,Warrington
20180,Amanda,Sanders,Amanda Sanders,FEMALE,2023-01-01,Lemon Grove
20181,Catherine,Brooks,Catherine Brooks,FEMALE,2023-01-10,National City
20182,Isabelle,Price,Isabelle Price,FEMALE,2021-12-04,Westminster
20183,Sophia,Allen,Sophia Allen,FEMALE,2023-01-29,Lebanon
20184,Jessica,Richardson,Jessica Richardson,FEMALE,2023-04-26,Beaverton
20185,Xavier,Cooper,Xavier Cooper,MALE,2023-09-16,El Cajon
20186,Connor,Li,Connor Li,MALE,2022-01-01,Shawnee
20187,Robert,King,Robert King,MALE,2023-06-16,Spring Valley
20188,Kimberly,Watson,Kimberly Watson,FEMALE,2022-01-16,Langford
20189,Grace,Hall,Grace Hall,FEMALE,2023-09-15,Sooke
20190,Angela,Reed,Angela Reed,FEMALE,2023-06-20,Olympia
20191,Chad,Rai,Chad Rai,MALE,2023-06-28,Berkeley
20192,Amber,Campbell,Amber Campbell,FEMALE,2023-06-14,Berkeley
20193,Alyssa,Gray,Alyssa Gray,FEMALE,2023-06-10,Mill Valley
20194,Connor,Campbell,Connor Campbell,MALE,2023-06-23,San Diego
20195,Blake,Wilson,Blake Wilson,MALE,2023-06-02,Edmonds
20196,Cameron,Perry,Cameron Perry,MALE,2023-06-27,Oregon City
20197,Olivia,Johnson,Olivia Johnson,FEMALE,2023-06-23,Lake Oswego
20198,Sierra,Evans,Sierra Evans,FEMALE,2023-06-13,Novato
20199,Hailey,Cook,Hailey Cook,FEMALE,2023-02-20,Newport Beach
20200,Noah,Gonzales,Noah Gonzales,MALE,2023-01-28,Sedro Woolley
20201,Chloe,Harris,Chloe Harris,FEMALE,2024-01-28,Lemon Grove
20202,Alexandra,Jones,Alexandra Jones,FEMALE,2023-12-08,Haney
20203,Roy,Blanco,Roy Blanco,MALE,2023-09-22,Beaverton
20204,Renee,Carlson,Renee Carlson,FEMALE,2023-01-30,Berkeley
20205,Bryce,Cox,Bryce Cox,MALE,2023-06-12,Beaverton
20206,Olivia,Murphy,Olivia Murphy,FEMALE,2022-01-05,Langley
20207,Angel,Bailey,Angel Bailey,MALE,2023-06-12,La Jolla
20208,Austin,Hayes,Austin Hayes,MALE,2021-12-31,Langford
20209,Andrea,Turner,Andrea Turner,FEMALE,2022-01-18,Langley
20210,Stephanie,Powell,Stephanie Powell,FEMALE,2023-02-17,Oregon City
20211,Scott,Rodgers,Scott Rodgers,MALE,2021-10-16,East Brisbane
20212,Krista,Alonso,Krista Alonso,FEMALE,2023-05-20,Sydney
20213,Gina,Dominguez,Gina Dominguez,FEMALE,2021-10-02,Coffs Harbour
20214,Trisha,Liu,Trisha Liu,FEMALE,2021-10-13,Hervey Bay
20215,Ioannis,Xylaras,Ioannis Xylaras,FEMALE,2021-10-21,Goulburn
20216,Shawn,Chander,Shawn Chander,MALE,2021-10-23,Findon
20217,Valerie,Wang,Valerie Wang,FEMALE,2021-10-10,Brisbane
20218,Drew,Xie,Drew Xie,MALE,2023-04-24,East Brisbane
20219,Colleen,Harrison,Colleen Harrison,FEMALE,2021-10-18,Caloundra
20220,Wendy,Carlson,Wendy Carlson,FEMALE,2021-10-27,Caloundra
20221,Kaylee,Sanders,Kaylee Sanders,FEMALE,2021-10-18,Melton
20222,Melissa,Morgan,Melissa Morgan,FEMALE,2023-06-07,Coffs Harbour
20223,Terrance,Malhotra,Terrance Malhotra,MALE,2023-11-05,Rockhampton
20224,Lawrence,Gill,Lawrence Gill,MALE,2023-10-03,Lavender Bay
20225,Sharon,Rai,Sharon Rai,FEMALE,2021-10-18,Wollongong
20226,Valerie,She,Valerie She,FEMALE,2021-10-11,Findon
20227,Louis,Zhang,Louis Zhang,MALE,2021-10-21,Silverwater
20228,Raymond,Arthur,Raymond Arthur,MALE,2021-10-28,Seaford
20229,Austin,Walker,Austin Walker,MALE,2023-08-19,Cranbourne
20230,Gary,Munoz,Gary Munoz,MALE,2023-06-13,Wollongong
20231,Kelvin,Zhou,Kelvin Zhou,MALE,2023-05-23,Bendigo
20232,Franklin,Chande,Franklin Chande,MALE,2023-06-13,Hobart
20233,Jenny,Raje,Jenny Raje,FEMALE,2023-05-03,Springwood
20234,Gerald,Mehta,Gerald Mehta,MALE,2023-02-23,North Sydney
20235,Kenneth,Deng,Kenneth Deng,MALE,2023-12-13,Coffs Harbour
20236,Cesar,Chandra,Cesar Chandra,MALE,2021-10-27,Cranbourne
20237,Hunter,Yang,Hunter Yang,MALE,2023-02-01,Hervey Bay
20238,Anna,Watson,Anna Watson,FEMALE,2021-10-21,Brisbane
20239,Jill,Ortega,Jill Ortega,FEMALE,2021-10-23,Coffs Harbour
20240,Beth,Rubio,Beth Rubio,FEMALE,2023-10-16,Perth
20241,Cesar,Mehta,Cesar Mehta,MALE,2021-10-13,Milsons Point
20242,Christopher,Thomas,Christopher Thomas,MALE,2021-10-09,Sydney
20243,Tamara,Ye,Tamara Ye,FEMALE,2023-05-22,Cranbourne
20244,Dawn,Raji,Dawn Raji,FEMALE,2021-10-18,East Brisbane
20245,Darren,Malhotra,Darren Malhotra,MALE,2021-10-01,Geelong
20246,Mindy,Xu,Mindy Xu,FEMALE,2021-09-30,Hervey Bay
20247,Kristina,Lopez,Kristina Lopez,FEMALE,2021-10-05,Hobart
20248,Gina,Suarez,Gina Suarez,FEMALE,2023-12-26,Melbourne
20249,Tasha,Kumar,Tasha Kumar,FEMALE,2021-10-16,St. Leonards
20250,Charles,Garcia,Charles Garcia,MALE,2023-04-18,Gold Coast
20251,Luis,Li,Luis Li,MALE,2023-04-22,Rockhampton
20252,Darrell,Raje,Darrell Raje,MALE,2023-09-01,Lavender Bay
20253,Veronica,Kapoor,Veronica Kapoor,FEMALE,2021-09-30,Cloverdale
20254,Dana,Gutierrez,Dana Gutierrez,FEMALE,2023-09-16,North Sydney
20255,Stephanie,Russell,Stephanie Russell,FEMALE,2023-02-10,Sydney
20256,Javier,Serrano,Javier Serrano,MALE,2021-11-10,Melton
20257,Roy,Carlson,Roy Carlson,MALE,2024-01-24,Warrnambool
20258,Katelyn,Ward,Katelyn Ward,FEMALE,2021-11-22,Brisbane
20259,Jenny,Andersen,Jenny Andersen,FEMALE,2021-11-01,Sunbury
20260,Ethan,Martinez,Ethan Martinez,MALE,2021-11-10,Caloundra
20261,Mariah,Rivera,Mariah Rivera,FEMALE,2021-11-13,Gold Coast
20262,Brett,Prasad,Brett Prasad,MALE,2023-07-01,Seaford
20263,Steve,Zhou,Steve Zhou,MALE,2023-11-26,Springwood
20264,Jay,Carlson,Jay Carlson,MALE,2021-11-23,Cloverdale
20265,Clarence,Guo,Clarence Guo,MALE,2023-03-13,Hervey Bay
20266,Summer,Gonzalez,Summer Gonzalez,FEMALE,2023-04-20,Hobart
20267,Monica,Garcia,Monica Garcia,FEMALE,2023-08-05,Malabar
20268,Jorge,He,Jorge He,MALE,2023-10-23,Melton
20269,Hunter,Foster,Hunter Foster,MALE,2023-10-28,Bendigo
20270,Kevin,Phillips,Kevin Phillips,MALE,2023-04-22,Imperial Beach
20271,Barry,Fernandez,Barry Fernandez,MALE,2023-07-17,Berkeley
20272,Seth,James,Seth James,MALE,2023-09-24,Bellingham
20273,Katherine,Martin,Katherine Martin,FEMALE,2023-09-28,Victoria
20274,Brent,Wang,Brent Wang,MALE,2023-08-02,Ballard
20275,Angela,Kelly,Angela Kelly,FEMALE,2024-01-13,Lake Oswego
20276,Haley,Sanchez,Haley Sanchez,FEMALE,2024-01-05,Seattle
20277,Mary,Hall,Mary Hall,FEMALE,2023-05-03,Melton
20278,Alisha,Oliver,Alisha Oliver,FEMALE,2023-03-03,Concord
20279,Trevor,Henderson,Trevor Henderson,MALE,2023-03-16,Grossmont
20280,Joshua,Harris,Joshua Harris,MALE,2023-03-16,Metchosin
20281,Karl,Xie,Karl Xie,MALE,2023-06-18,Ballard
20282,Trisha,Xu,Trisha Xu,FEMALE,2023-07-05,North Ryde
20283,Katie,Shen,Katie Shen,FEMALE,2021-11-06,Rhodes
20284,Deanna,Ashe,Deanna Ashe,FEMALE,2021-11-11,Rhodes
20285,Aaron,Alexander,Aaron Alexander,MALE,2023-12-13,Kirkland
20286,Stacey,Wu,Stacey Wu,FEMALE,2023-04-24,Bellflower
20287,Destiny,Simmons,Destiny Simmons,FEMALE,2023-09-11,Chula Vista
20288,Jeremiah,Edwards,Jeremiah Edwards,MALE,2023-11-09,Imperial Beach
20289,Jada,Richardson,Jada Richardson,FEMALE,2023-08-22,Mill Valley
20290,Austin,Simmons,Austin Simmons,MALE,2023-04-09,Santa Monica
20291,Alexis,Walker,Alexis Walker,FEMALE,2023-06-23,San Carlos
20292,Katherine,Ross,Katherine Ross,FEMALE,2023-10-30,Daly City
20293,Rachel,Jackson,Rachel Jackson,FEMALE,2023-09-15,Mill Valley
20294,Julia,Davis,Julia Davis,FEMALE,2023-09-13,Woodland Hills
20295,Christopher,Brown,Christopher Brown,MALE,2023-06-13,Tacoma
20296,Morgan,Diaz,Morgan Diaz,FEMALE,2023-05-30,Burlingame
20297,Valerie,Wu,Valerie Wu,FEMALE,2023-03-12,Berkeley
20298,Edgar,Arun,Edgar Arun,MALE,2024-01-26,Burbank
20299,Megan,Cook,Megan Cook,FEMALE,2023-04-13,N. Vancouver
20300,Xavier,Garcia,Xavier Garcia,MALE,2023-09-25,Vancouver
20301,Gloria,Bradley,Gloria Bradley,FEMALE,2023-05-23,Bellingham
20302,Tasha,Andersen,Tasha Andersen,FEMALE,2023-03-24,Burlingame
20303,Bryce,Morgan,Bryce Morgan,MALE,2023-03-24,Colma
20304,Jesse,Edwards,Jesse Edwards,MALE,2023-06-19,Walla Walla
20305,Caleb,Ross,Caleb Ross,MALE,2023-10-06,Bellflower
20306,Mary,Baker,Mary Baker,FEMALE,2023-05-01,Concord
20307,Natalie,Blue,Natalie Blue,FEMALE,2023-06-09,Coronado
20308,Pieter,Uittenbogaard,Pieter Uittenbogaard,FEMALE,2023-03-18,Lemon Grove
20309,Cristina,Sharma,Cristina Sharma,FEMALE,2024-01-04,Malabar
20310,Timothy,Ramirez,Timothy Ramirez,MALE,2023-06-19,Long Beach
20311,Cole,Bell,Cole Bell,MALE,2023-11-17,Los Angeles
20312,Ryan,Lewis,Ryan Lewis,MALE,2023-05-06,N. Vancouver
20313,Oscar,Bennett,Oscar Bennett,MALE,2023-12-02,Beaverton
20314,Russell,Deng,Russell Deng,MALE,2023-11-22,St. Leonards
20315,Devin,Ramirez,Devin Ramirez,MALE,2023-06-15,Walla Walla
20316,Suzanne,Zhang,Suzanne Zhang,FEMALE,2023-02-26,Findon
20317,Alex,Green,Alex Green,MALE,2023-03-28,Goulburn
20318,Amanda,Turner,Amanda Turner,FEMALE,2022-02-03,N. Vancouver
20319,Dylan,Alexander,Dylan Alexander,MALE,2023-06-14,Burien
20320,Mindy,Nath,Mindy Nath,FEMALE,2023-06-07,Bellflower
20321,Colleen,Chen,Colleen Chen,FEMALE,2023-06-10,Burbank
20322,Rachel,Wood,Rachel Wood,FEMALE,2023-12-25,Marysville
20323,Justin,Coleman,Justin Coleman,MALE,2023-03-21,Redmond
20324,Ashley,Rodriguez,Ashley Rodriguez,FEMALE,2023-03-29,Bellflower
20325,Charles,Williams,Charles Williams,MALE,2023-10-31,Newport Beach
20326,Paige,Blue,Paige Blue,FEMALE,2023-04-28,San Carlos
20327,Sophia,Perez,Sophia Perez,FEMALE,2023-05-18,San Carlos
20328,Sierra,Carter,Sierra Carter,FEMALE,2023-08-18,San Diego
20329,Jose,Yang,Jose Yang,MALE,2023-10-23,West Covina
20330,Nathan,Thomas,Nathan Thomas,MALE,2023-12-31,Shawnee
20331,Jeremy,Cox,Jeremy Cox,MALE,2023-05-29,Bellingham
20332,Danny,Navarro,Danny Navarro,MALE,2023-09-11,Bellingham
20333,Abigail,Gonzales,Abigail Gonzales,FEMALE,2023-11-15,Edmonds
20334,Jeremiah,Mitchell,Jeremiah Mitchell,MALE,2023-02-13,Bellflower
20335,Adam,Gonzales,Adam Gonzales,MALE,2023-09-23,Colma
20336,Ian,Young,Ian Young,MALE,2023-12-15,Concord
20337,Xavier,Hall,Xavier Hall,MALE,2023-03-04,La Jolla
20338,Anna,James,Anna James,FEMALE,2023-10-21,Lakewood
20339,Kaitlyn,Hughes,Kaitlyn Hughes,FEMALE,2023-03-27,Long Beach
20340,Makayla,Kelly,Makayla Kelly,FEMALE,2023-03-31,National City
20341,Tyler,Smith,Tyler Smith,MALE,2023-07-28,Langley
20342,Aimee,Lu,Aimee Lu,FEMALE,2023-10-07,Bremerton
20343,Sierra,Hill,Sierra Hill,FEMALE,2023-02-06,Kirkland
20344,Ashlee,Anand,Ashlee Anand,FEMALE,2023-03-08,Beverly Hills
20345,Regina,Martinez,Regina Martinez,FEMALE,2023-04-12,Beverly Hills
20346,Angelica,Washington,Angelica Washington,FEMALE,2023-04-20,San Diego
20347,Savannah,Roberts,Savannah Roberts,FEMALE,2023-04-20,San Gabriel
20348,Chloe,Evans,Chloe Evans,FEMALE,2023-04-08,Spring Valley
20349,Nicole,Harris,Nicole Harris,FEMALE,2023-07-04,Novato
20350,Isabella,Campbell,Isabella Campbell,FEMALE,2022-02-27,Oak Bay
20351,Maria,Gonzalez,Maria Gonzalez,FEMALE,2023-09-20,Bellflower
20352,Melissa,Foster,Melissa Foster,FEMALE,2023-04-16,Beaverton
20353,Allison,Phillips,Allison Phillips,FEMALE,2023-04-19,La Jolla
20354,Austin,Williams,Austin Williams,MALE,2023-05-27,Burnaby
20355,Melanie,Gray,Melanie Gray,FEMALE,2023-10-02,Salem
20356,Louis,Lu,Louis Lu,MALE,2023-12-15,Beaverton
20357,Julian,Price,Julian Price,FEMALE,2023-06-20,Marysville
20358,Brian,Murphy,Brian Murphy,MALE,2023-05-03,Walla Walla
20359,Rachel,Blue,Rachel Blue,FEMALE,2023-06-07,Bellflower
20360,Brianna,Russell,Brianna Russell,FEMALE,2023-08-22,Imperial Beach
20361,Jonathon,Moreno,Jonathon Moreno,MALE,2023-02-14,Burien
20362,Seth,Gonzalez,Seth Gonzalez,MALE,2023-11-11,Walla Walla
20363,Alexander,Brown,Alexander Brown,MALE,2023-11-11,Daly City
20364,Anna,Jackson,Anna Jackson,FEMALE,2023-12-21,West Covina
20365,Isaac,Scott,Isaac Scott,MALE,2024-01-26,Bellingham
20366,Marcus,Powell,Marcus Powell,MALE,2023-02-24,Grossmont
20367,Jessica,Anderson,Jessica Anderson,FEMALE,2023-11-30,Lakewood
20368,Thomas,Jackson,Thomas Jackson,MALE,2023-05-06,Spring Valley
20369,Trevor,Barnes,Trevor Barnes,MALE,2023-05-08,Corvallis
20370,Blake,Young,Blake Young,MALE,2023-05-08,Issaquah
20371,Grace,Bryant,Grace Bryant,FEMALE,2023-06-15,San Carlos
20372,Kaitlyn,Edwards,Kaitlyn Edwards,FEMALE,2023-06-12,Lake Oswego
20373,Morgan,Williams,Morgan Williams,FEMALE,2022-03-28,Langley
20374,Fernando,Adams,Fernando Adams,MALE,2023-05-31,Fremont
20375,Olivia,Perry,Olivia Perry,FEMALE,2022-04-09,Westminster
20376,Destiny,Lewis,Destiny Lewis,FEMALE,2023-04-26,Concord
20377,Brian,Reed,Brian Reed,MALE,2023-05-27,Lebanon
20378,Nathan,Jai,Nathan Jai,MALE,2023-02-15,Burien
20379,Brittney,Chen,Brittney Chen,FEMALE,2023-08-05,Bellflower
20380,Catherine,Reed,Catherine Reed,FEMALE,2023-04-21,Westminster
20381,Blake,Bennett,Blake Bennett,MALE,2023-10-30,Marysville
20382,Jack,Hernandez,Jack Hernandez,MALE,2023-04-30,Lakewood
20383,Richard,Hernandez,Richard Hernandez,MALE,2023-10-26,Seattle
20384,Luis,Gonzalez,Luis Gonzalez,MALE,2023-05-25,Imperial Beach
20385,Jason,Patterson,Jason Patterson,MALE,2023-05-15,Olympia
20386,Anna,Russell,Anna Russell,FEMALE,2023-05-08,Lemon Grove
20387,Jordan,Adams,Jordan Adams,MALE,2023-07-06,Burbank
20388,Natasha,Gill,Natasha Gill,FEMALE,2023-09-04,Bellingham
20389,Lee,Romero,Lee Romero,MALE,2023-11-04,Ballard
20390,Ross,Ramos,Ross Ramos,MALE,2023-08-25,Bremerton
20391,Meghan,Serrano,Meghan Serrano,FEMALE,2023-02-08,Concord
20392,Destiny,Ramirez,Destiny Ramirez,FEMALE,2023-10-28,Palo Alto
20393,Kaitlyn,White,Kaitlyn White,FEMALE,2024-01-05,Grossmont
20394,Emma,Butler,Emma Butler,FEMALE,2023-07-03,Olympia
20395,Katherine,Rogers,Katherine Rogers,FEMALE,2023-07-14,Burlingame
20396,Jason,Simmons,Jason Simmons,MALE,2023-10-02,Coronado
20397,Isaiah,Gray,Isaiah Gray,MALE,2023-10-16,Grossmont
20398,Jordan,Collins,Jordan Collins,FEMALE,2023-06-09,Palo Alto
20399,Benjamin,Rodriguez,Benjamin Rodriguez,MALE,2023-07-21,Lynnwood
20400,Sydney,Henderson,Sydney Henderson,FEMALE,2023-07-06,Fremont
20401,Hannah,Jenkins,Hannah Jenkins,FEMALE,2023-07-23,Burlingame
20402,Vincent,Liang,Vincent Liang,MALE,2023-06-16,Cranbourne
20403,Mitchell,Lal,Mitchell Lal,MALE,2023-12-24,Rockhampton
20404,Jorge,Yang,Jorge Yang,MALE,2024-01-11,Findon
20405,Isaiah,Campbell,Isaiah Campbell,MALE,2023-05-18,San Carlos
20406,Felicia,Munoz,Felicia Munoz,FEMALE,2023-09-08,Seaford
20407,Kristopher,Vance,Kristopher Vance,MALE,2023-08-14,Wollongong
20408,Isaac,Morgan,Isaac Morgan,MALE,2023-09-01,Burien
20409,Sophia,Young,Sophia Young,FEMALE,2023-08-15,Spokane
20410,Richard,Jackson,Richard Jackson,MALE,2023-04-10,Spokane
20411,Cole,James,Cole James,MALE,2023-05-14,El Cajon
20412,David,Jackson,David Jackson,MALE,2023-05-05,Torrance
20413,Taylor,Powell,Taylor Powell,FEMALE,2023-03-23,Berkeley
20414,Amanda,Bailey,Amanda Bailey,FEMALE,2023-10-11,Newport Beach
20415,Evelyn,Sai,Evelyn Sai,FEMALE,2023-08-13,St. Leonards
20416,Dale,Goel,Dale Goel,MALE,2021-11-01,Brisbane
20417,Bruce,Vazquez,Bruce Vazquez,MALE,2023-04-17,South Melbourne
20418,Joe,Vazquez,Joe Vazquez,MALE,2021-11-22,Lavender Bay
20419,Billy,Romero,Billy Romero,MALE,2023-04-07,Melbourne
20420,Evelyn,Mehta,Evelyn Mehta,FEMALE,2021-10-31,Cloverdale
20421,Victoria,Alexander,Victoria Alexander,FEMALE,2023-05-09,Bellflower
20422,Maria,Brooks,Maria Brooks,FEMALE,2023-07-08,San Diego
20423,Alicia,Goel,Alicia Goel,FEMALE,2021-11-15,Wollongong
20424,Marie,Romero,Marie Romero,FEMALE,2021-11-03,Warrnambool
20425,Sabrina,Torres,Sabrina Torres,FEMALE,2021-11-19,North Sydney
20426,Johnathan,Perez,Johnathan Perez,MALE,2021-11-01,Hawthorne
20427,Mario,Raje,Mario Raje,MALE,2021-11-25,Findon
20428,Brent,Ma,Brent Ma,MALE,2024-01-17,Goulburn
20429,Curtis,Gao,Curtis Gao,MALE,2021-11-12,Coffs Harbour
20430,Maurice,Ashe,Maurice Ashe,MALE,2021-11-09,East Brisbane
20431,Corey,Raje,Corey Raje,MALE,2023-09-26,Beaverton
20432,Juan,Sanders,Juan Sanders,MALE,2023-11-07,Lynnwood
20433,Chloe,Taylor,Chloe Taylor,FEMALE,2023-12-08,Milwaukie
20434,Nathan,Sharma,Nathan Sharma,MALE,2023-07-06,Imperial Beach
20435,Natalie,Green,Natalie Green,FEMALE,2023-07-16,Lemon Grove
20436,Anna,Barnes,Anna Barnes,FEMALE,2023-07-30,Palo Alto
20437,Gabriella,Howard,Gabriella Howard,FEMALE,2023-07-12,West Covina
20438,Robert,Scott,Robert Scott,MALE,2023-04-11,West Covina
20439,Chloe,Rogers,Chloe Rogers,FEMALE,2023-02-24,Imperial Beach
20440,Alexandra,Hughes,Alexandra Hughes,FEMALE,2023-05-26,Redwood City
20441,Abigail,Henderson,Abigail Henderson,FEMALE,2023-08-25,Oak Bay
20442,Jorge,Chen,Jorge Chen,MALE,2023-05-15,Burbank
20443,Adrian,Cox,Adrian Cox,MALE,2023-10-04,Grossmont
20444,Cara,Zeng,Cara Zeng,FEMALE,2021-11-27,Hobart
20445,Barbara,Deng,Barbara Deng,FEMALE,2021-11-18,Lane Cove
20446,Clayton,Rai,Clayton Rai,MALE,2021-10-29,Hervey Bay
20447,Jodi,Goel,Jodi Goel,FEMALE,2021-10-30,Silverwater
20448,Jésus,Blanco,Jésus Blanco,MALE,2021-11-19,Springwood
20449,Rachel,Walker,Rachel Walker,FEMALE,2023-07-10,Burlingame
20450,Edwin,Tang,Edwin Tang,MALE,2021-11-20,Lane Cove
20451,Kelli,Anand,Kelli Anand,FEMALE,2021-11-17,Newcastle
20452,Kelli,Xie,Kelli Xie,FEMALE,2021-11-23,Sunbury
20453,Bryant,Arun,Bryant Arun,MALE,2023-02-01,Springwood
20454,Fernando,Martinez,Fernando Martinez,MALE,2023-06-30,Rockhampton
20455,Bruce,Blanco,Bruce Blanco,MALE,2024-01-19,Seaford
20456,Alfredo,Ramos,Alfredo Ramos,MALE,2021-11-12,Sunbury
20457,Alexandra,Morris,Alexandra Morris,FEMALE,2023-05-28,Milwaukie
20458,Erick,Subram,Erick Subram,MALE,2023-04-29,Burlingame
20459,Maria,Barnes,Maria Barnes,FEMALE,2023-07-29,Chula Vista
20460,Wesley,Zeng,Wesley Zeng,MALE,2023-02-10,North Sydney
20461,Mackenzie,Nelson,Mackenzie Nelson,FEMALE,2023-06-01,San Gabriel
20462,Haley,Mitchell,Haley Mitchell,FEMALE,2023-06-09,Woodland Hills
20463,Jasmine,Bryant,Jasmine Bryant,FEMALE,2023-07-19,Daly City
20464,Amy,Lu,Amy Lu,FEMALE,2023-06-23,Beaverton
20465,Isabel,Henderson,Isabel Henderson,FEMALE,2023-06-05,Colma
20466,Benjamin,Jai,Benjamin Jai,MALE,2024-01-20,Palo Alto
20467,Gabrielle,Bennett,Gabrielle Bennett,FEMALE,2023-10-21,Issaquah
20468,Olivia,Richardson,Olivia Richardson,FEMALE,2022-04-22,Sooke
20469,Manuel,Suri,Manuel Suri,MALE,2023-12-17,Beaverton
20470,Melissa,Gonzales,Melissa Gonzales,FEMALE,2022-04-17,Royal Oak
20471,Carlos,Gonzalez,Carlos Gonzalez,MALE,2023-12-02,Kirkland
20472,Edward,Coleman,Edward Coleman,MALE,2023-06-27,Beaverton
20473,Mason,Rivera,Mason Rivera,MALE,2024-01-26,Beaverton
20474,Edward,Turner,Edward Turner,MALE,2023-07-29,Lake Oswego
20475,Blake,Martinez,Blake Martinez,MALE,2023-06-10,Chula Vista
20476,Destiny,Long,Destiny Long,FEMALE,2023-06-02,San Gabriel
20477,Brandon,Washington,Brandon Washington,MALE,2023-07-07,San Gabriel
20478,Jonathan,Moore,Jonathan Moore,MALE,2023-05-12,Newton
20479,Andrew,Jackson,Andrew Jackson,MALE,2023-10-12,Sooke
20480,Carlos,Cox,Carlos Cox,MALE,2023-07-17,Lebanon
20481,Jordan,Edwards,Jordan Edwards,MALE,2023-07-27,Newport Beach
20482,Gina,Diaz,Gina Diaz,FEMALE,2023-06-25,Burien
20483,Austin,Kumar,Austin Kumar,MALE,2022-05-07,Shawnee
20484,Gabriella,Morgan,Gabriella Morgan,FEMALE,2023-07-21,Palo Alto
20485,Richard,Reed,Richard Reed,MALE,2023-07-08,Los Angeles
20486,Jack,Butler,Jack Butler,MALE,2023-09-21,Woodland Hills
20487,Alexander,White,Alexander White,MALE,2023-05-01,Bellingham
20488,Cassidy,Foster,Cassidy Foster,FEMALE,2023-11-22,Kirkland
20489,Jacob,Davis,Jacob Davis,MALE,2023-04-23,Lynnwood
20490,Kaylee,Roberts,Kaylee Roberts,FEMALE,2023-12-30,Mill Valley
20491,Dakota,Perry,Dakota Perry,MALE,2024-01-05,Everett
20492,Madison,Martin,Madison Martin,FEMALE,2023-01-31,N. Vancouver
20493,Matthew,Jackson,Matthew Jackson,MALE,2023-11-14,Milwaukie
20494,Jesse,Peterson,Jesse Peterson,MALE,2023-03-04,Imperial Beach
20495,Wesley,Wang,Wesley Wang,MALE,2023-06-18,Burlingame
20496,Jada,Roberts,Jada Roberts,FEMALE,2023-07-22,El Cajon
20497,Francisco,Javier Castrejón,Francisco Javier Castrejón,FEMALE,2023-02-28,Burlingame
20498,Miguel,Phillips,Miguel Phillips,MALE,2023-07-30,Newton
20499,Christian,Robinson,Christian Robinson,MALE,2024-01-11,Haney
20500,Morgan,Butler,Morgan Butler,FEMALE,2023-04-23,Port Hammond
20501,Morgan,Nelson,Morgan Nelson,FEMALE,2023-07-28,Sedro Woolley
20502,John,Harris,John Harris,MALE,2023-04-20,Downey
20503,Tony,Jai,Tony Jai,MALE,2023-04-17,Burbank
20504,Rakesh,Tangirala,Rakesh Tangirala,FEMALE,2023-09-05,Lakewood
20505,Alexa,Cox,Alexa Cox,FEMALE,2023-04-04,Woodland Hills
20506,Paige,Bradley,Paige Bradley,FEMALE,2023-03-03,Redmond
20507,Joshua,Anderson,Joshua Anderson,MALE,2023-06-14,Tacoma
20508,Logan,Robinson,Logan Robinson,MALE,2023-12-31,Sooke
20509,Alexandria,Murphy,Alexandria Murphy,FEMALE,2023-05-01,Imperial Beach
20510,Caitlin,Cox,Caitlin Cox,FEMALE,2024-01-11,Lebanon
20511,Matthew,Taylor,Matthew Taylor,MALE,2023-11-18,Novato
20512,Sydney,Parker,Sydney Parker,FEMALE,2023-03-26,Mill Valley
20513,Joseph,Smith,Joseph Smith,MALE,2023-03-29,Ballard
20514,Hannah,Griffin,Hannah Griffin,FEMALE,2023-09-25,Walla Walla
20515,Jenna,Edwards,Jenna Edwards,FEMALE,2023-06-20,Santa Monica
20516,Gabriel,Russell,Gabriel Russell,MALE,2023-10-12,West Covina
20517,Amber,Edwards,Amber Edwards,FEMALE,2023-06-20,N. Vancouver
20518,Desiree,Sanz,Desiree Sanz,FEMALE,2023-08-14,Chula Vista
20519,Trevor,Diaz,Trevor Diaz,MALE,2023-11-29,Cliffside
20520,Cassandra,Srini,Cassandra Srini,FEMALE,2023-03-29,Bremerton
20521,Gina,Carlson,Gina Carlson,FEMALE,2023-12-07,Bremerton
20522,Kevin,Parker,Kevin Parker,MALE,2023-08-16,Fremont
20523,Emma,Howard,Emma Howard,FEMALE,2023-11-27,La Jolla
20524,Angelica,Jenkins,Angelica Jenkins,FEMALE,2023-05-28,Corvallis
20525,James,Kumar,James Kumar,MALE,2023-07-10,Bellflower
20526,Brittany,Alexander,Brittany Alexander,FEMALE,2023-07-27,Lemon Grove
20527,Sydney,Harris,Sydney Harris,FEMALE,2023-07-22,Newport Beach
20528,Mason,Adams,Mason Adams,MALE,2023-03-06,Metchosin
20529,Destiny,Jackson,Destiny Jackson,FEMALE,2023-07-06,Bellingham
20530,Mariah,Jenkins,Mariah Jenkins,FEMALE,2023-04-30,W. Linn
20531,James,Young,James Young,MALE,2023-11-23,Burlingame
20532,Joan,Watson,Joan Watson,FEMALE,2023-12-09,Coronado
20533,Luis,Perry,Luis Perry,MALE,2023-08-04,Downey
20534,Dalton,Lopez,Dalton Lopez,MALE,2023-09-18,Glendale
20535,Riley,Torres,Riley Torres,FEMALE,2023-10-20,La Jolla
20536,Taylor,Gray,Taylor Gray,FEMALE,2023-10-20,San Gabriel
20537,Thomas,Evans,Thomas Evans,MALE,2023-01-29,Spring Valley
20538,Hailey,Bennett,Hailey Bennett,FEMALE,2023-10-11,Tacoma
20539,Luis,Baker,Luis Baker,MALE,2023-09-23,Yakima
20540,Jasmine,Flores,Jasmine Flores,FEMALE,2023-12-07,Berkeley
20541,Allison,Hernandez,Allison Hernandez,FEMALE,2023-07-07,Downey
20542,Hailey,Green,Hailey Green,FEMALE,2023-08-15,Lincoln Acres
20543,Seth,Miller,Seth Miller,MALE,2023-07-30,West Covina
20544,Dalton,Hall,Dalton Hall,MALE,2023-07-06,Marysville
20545,Vanessa,Butler,Vanessa Butler,FEMALE,2023-08-14,Kirkland
20546,Ruth,Fernandez,Ruth Fernandez,FEMALE,2022-05-02,Burnaby
20547,Ethan,Chen,Ethan Chen,MALE,2023-09-04,Newton
20548,Phillip,Rodriguez,Phillip Rodriguez,MALE,2022-04-03,Berlin
20549,Jennifer,Morris,Jennifer Morris,FEMALE,2022-04-27,Hamburg
20550,Mohamed,Pal,Mohamed Pal,FEMALE,2023-05-10,Cambridge
20551,Daisy,Blanco,Daisy Blanco,FEMALE,2024-01-25,London
20552,Heather,Liang,Heather Liang,FEMALE,2021-06-01,Milton Keynes
20553,Damien,Xie,Damien Xie,MALE,2023-11-24,Courbevoie
20554,Donna,Tang,Donna Tang,FEMALE,2023-04-27,Berlin
20555,Kelvin,Raje,Kelvin Raje,MALE,2022-04-10,Frankfurt
20556,Glenn,Sun,Glenn Sun,MALE,2022-04-23,Leipzig
20557,Lindsay,Lal,Lindsay Lal,FEMALE,2023-10-06,Billericay
20558,Brianna,Stewart,Brianna Stewart,FEMALE,2021-07-07,Warrington
20559,Isabella,Diaz,Isabella Diaz,FEMALE,2023-03-15,Villeneuve-d'Ascq
20560,Mindy,Raji,Mindy Raji,FEMALE,2022-04-12,Darmstadt
20561,Willie,Liu,Willie Liu,MALE,2021-08-04,Bracknell
20562,Jim,Rodman,Jim Rodman,FEMALE,2021-08-14,Esher-Molesey
20563,Kendra,Blanco,Kendra Blanco,FEMALE,2023-06-13,Poing
20564,Jessie,Gao,Jessie Gao,MALE,2021-08-31,Cambridge
20565,Tasha,Yuan,Tasha Yuan,FEMALE,2023-07-09,London
20566,George,Mehta,George Mehta,MALE,2023-07-07,Birmingham
20567,Nicolas,Anand,Nicolas Anand,MALE,2021-11-23,Milton Keynes
20568,Dustin,Raji,Dustin Raji,MALE,2023-05-28,Paris
20569,Patricia,Patel,Patricia Patel,FEMALE,2021-11-03,Esher-Molesey
20570,George,Martinez,George Martinez,MALE,2023-04-17,London
20571,Allison,Gray,Allison Gray,FEMALE,2023-10-06,York
20572,Caroline,Diaz,Caroline Diaz,FEMALE,2023-08-19,Neunkirchen
20573,Megan,Ward,Megan Ward,FEMALE,2023-11-19,Versailles
20574,Brett,Patel,Brett Patel,MALE,2023-04-29,München
20575,Stacey,Cai,Stacey Cai,FEMALE,2021-12-11,London
20576,Johnathan,Kapoor,Johnathan Kapoor,MALE,2022-01-01,London
20577,Sheila,Romero,Sheila Romero,FEMALE,2021-12-30,Milton Keynes
20578,Martin,Kapoor,Martin Kapoor,MALE,2023-12-20,Paris
20579,Alexandra,King,Alexandra King,FEMALE,2023-12-03,Tremblay-en-France
20580,Ernest,Huang,Ernest Huang,MALE,2023-03-13,Paris
20581,Ruth,Sanchez,Ruth Sanchez,FEMALE,2023-11-01,Sèvres
20582,Desiree,Bradley,Desiree Bradley,FEMALE,2023-07-27,Versailles
20583,Kristen,Wang,Kristen Wang,FEMALE,2023-06-08,Hamburg
20584,Molly,Schmidt,Molly Schmidt,FEMALE,2022-04-14,Stuttgart
20585,Emily,Lee,Emily Lee,FEMALE,2023-08-27,Newcastle upon Tyne
20586,Clayton,Zhao,Clayton Zhao,MALE,2023-05-29,Roissy en Brie
20587,Shannon,Johnston,Shannon Johnston,MALE,2023-11-02,Suresnes
20588,Nancy,Raman,Nancy Raman,FEMALE,2023-02-19,Oxford
20589,Mackenzie,Rogers,Mackenzie Rogers,FEMALE,2023-11-10,Roubaix
20590,Todd,Zhang,Todd Zhang,MALE,2022-04-30,Frankfurt
20591,Kara,Tang,Kara Tang,FEMALE,2023-02-26,München
20592,Jorge,Liu,Jorge Liu,MALE,2022-01-24,London
20593,Joel,Jordan,Joel Jordan,MALE,2023-08-28,Les Ulis
20594,Arthur,Torres,Arthur Torres,MALE,2023-03-30,Lieusaint
20595,Karla,Andersen,Karla Andersen,FEMALE,2023-07-10,Pantin
20596,Janet,Ramos,Janet Ramos,FEMALE,2023-03-29,Reading
20597,Carly,Beck,Carly Beck,FEMALE,2023-06-10,Saint Ouen
20598,Jackson,Powell,Jackson Powell,MALE,2022-05-06,Bottrop
20599,Kyle,Wang,Kyle Wang,MALE,2023-08-13,Kirkby
20600,Dennis,Hu,Dennis Hu,MALE,2021-11-01,Milsons Point
20601,Carrie,Munoz,Carrie Munoz,FEMALE,2024-01-28,Malabar
20602,Casey,Moreno,Casey Moreno,MALE,2023-04-10,Silverwater
20603,Henry,Sullivan,Henry Sullivan,MALE,2023-04-22,Hobart
20604,Harold,Martinez,Harold Martinez,MALE,2023-08-31,Hobart
20605,Kevin,Yang,Kevin Yang,MALE,2023-04-25,Bendigo
20606,Jocelyn,Coleman,Jocelyn Coleman,FEMALE,2021-11-09,Warrnambool
20607,Donna,Raje,Donna Raje,FEMALE,2023-12-15,Sydney
20608,Cara,Hu,Cara Hu,FEMALE,2021-11-06,Sunbury
20609,Fernando,Bryant,Fernando Bryant,MALE,2021-11-25,Port Macquarie
20610,Jessie,Zhou,Jessie Zhou,MALE,2021-11-10,Matraville
20611,Carla,Sullivan,Carla Sullivan,FEMALE,2021-10-29,Springwood
20612,Colin,Yang,Colin Yang,MALE,2021-11-20,Seaford
20613,Lindsay,Raje,Lindsay Raje,FEMALE,2021-11-15,Townsville
20614,Gregory,Shan,Gregory Shan,MALE,2021-11-12,Newcastle
20615,Laura,Wu,Laura Wu,FEMALE,2021-11-19,Matraville
20616,Kristi,Serrano,Kristi Serrano,FEMALE,2021-11-30,Milsons Point
20617,Chloe,Johnson,Chloe Johnson,FEMALE,2021-12-20,Cranbourne
20618,Marie,Rubio,Marie Rubio,FEMALE,2023-03-05,East Brisbane
20619,Maurice,Raji,Maurice Raji,MALE,2023-11-05,Seaford
20620,Victoria,Cook,Victoria Cook,FEMALE,2021-12-19,Wollongong
20621,Meredith,Alonso,Meredith Alonso,FEMALE,2021-12-06,Rhodes
20622,Jerome,Suarez,Jerome Suarez,MALE,2021-12-25,Brisbane
20623,Ruth,Garcia,Ruth Garcia,FEMALE,2021-12-12,Springwood
20624,Deborah,Shan,Deborah Shan,FEMALE,2021-12-17,Gold Coast
20625,Rafael,Yuan,Rafael Yuan,MALE,2021-12-22,Silverwater
20626,Jarrod,Sara,Jarrod Sara,MALE,2021-12-08,Sydney
20627,Theresa,Navarro,Theresa Navarro,FEMALE,2021-12-15,South Melbourne
20628,Rodney,Gutierrez,Rodney Gutierrez,MALE,2021-12-13,North Sydney
20629,Bonnie,Raje,Bonnie Raje,FEMALE,2021-12-04,North Ryde
20630,Diane,Alonso,Diane Alonso,FEMALE,2023-11-01,Darlinghurst
20631,Gerald,Dominguez,Gerald Dominguez,MALE,2023-06-29,Rockhampton
20632,Marcus,Stewart,Marcus Stewart,MALE,2023-09-25,Victoria
20633,Luke,Collins,Luke Collins,MALE,2023-10-04,Kirkland
20634,Stephanie,Bryant,Stephanie Bryant,FEMALE,2023-04-07,Seattle
20635,Nathan,Young,Nathan Young,MALE,2023-07-15,Walla Walla
20636,Olivia,Patterson,Olivia Patterson,FEMALE,2023-03-06,Newport Beach
20637,John,Brown,John Brown,MALE,2023-05-12,Daly City
20638,Thomas,Collins,Thomas Collins,MALE,2023-08-12,Downey
20639,Emily,Ross,Emily Ross,FEMALE,2023-08-19,Woodburn
20640,Noah,Turner,Noah Turner,MALE,2023-08-17,El Cajon
20641,Isabella,Robinson,Isabella Robinson,FEMALE,2023-09-17,Long Beach
20642,Patricia,Prasad,Patricia Prasad,FEMALE,2023-10-16,Beaverton
20643,Abigail,Patterson,Abigail Patterson,FEMALE,2023-08-28,Imperial Beach
20644,Patrick,Brooks,Patrick Brooks,MALE,2023-10-29,National City
20645,Xavier,Stewart,Xavier Stewart,MALE,2023-08-09,Tacoma
20646,Ryan,Chen,Ryan Chen,MALE,2023-08-24,Woodburn
20647,Jared,Bailey,Jared Bailey,MALE,2023-08-13,Concord
20648,Jordan,Mitchell,Jordan Mitchell,MALE,2023-11-28,La Jolla
20649,Natalie,Ramirez,Natalie Ramirez,FEMALE,2023-12-17,San Gabriel
20650,Bryan,Gray,Bryan Gray,MALE,2023-08-05,Colma
20651,Timothy,Cooper,Timothy Cooper,MALE,2022-06-04,Westminster
20652,Amanda,Scott,Amanda Scott,FEMALE,2023-08-18,Seattle
20653,Jessica,White,Jessica White,FEMALE,2023-08-02,San Carlos
20654,Taylor,Murphy,Taylor Murphy,FEMALE,2023-08-16,Novato
20655,Edward,Butler,Edward Butler,MALE,2023-09-01,Milwaukie
20656,Marcus,Perry,Marcus Perry,MALE,2022-06-09,Sooke
20657,Blake,Russell,Blake Russell,MALE,2023-08-19,Newport Beach
20658,Kaylee,Campbell,Kaylee Campbell,FEMALE,2023-12-05,Concord
20659,Xavier,Baker,Xavier Baker,MALE,2023-12-25,Imperial Beach
20660,Christina,Cox,Christina Cox,FEMALE,2023-07-31,Puyallup
20661,Taylor,Diaz,Taylor Diaz,FEMALE,2023-08-14,Burbank
20662,Taylor,Perry,Taylor Perry,FEMALE,2022-12-28,Milwaukie
20663,Kaitlyn,Stewart,Kaitlyn Stewart,FEMALE,2023-02-22,El Cajon
20664,Isaiah,Watson,Isaiah Watson,MALE,2023-03-18,Bremerton
20665,James,Evans,James Evans,MALE,2022-06-18,Oak Bay
20666,Lacey,Rai,Lacey Rai,FEMALE,2023-02-28,Berkeley
20667,Jodi,Pal,Jodi Pal,FEMALE,2023-04-11,Bremerton
20668,Eric,Rothenberg,Eric Rothenberg,FEMALE,2023-04-27,Concord
20669,Rachel,Ross,Rachel Ross,FEMALE,2022-06-06,Shawnee
20670,Julia,Cox,Julia Cox,FEMALE,2022-06-20,Victoria
20671,Ronald,Sanchez,Ronald Sanchez,MALE,2023-04-19,Berkeley
20672,Fernando,Ross,Fernando Ross,MALE,2023-05-06,Concord
20673,Dylan,Washington,Dylan Washington,MALE,2023-06-22,Novato
20674,Samuel,Butler,Samuel Butler,MALE,2023-08-02,Bellingham
20675,Natalie,Martin,Natalie Martin,FEMALE,2023-08-02,Lake Oswego
20676,Carlos,Parker,Carlos Parker,MALE,2023-04-13,Beverly Hills
20677,Trinity,Bailey,Trinity Bailey,FEMALE,2023-08-06,Grossmont
20678,Martha,Lin,Martha Lin,FEMALE,2023-08-13,Burbank
20679,Dakota,Jenkins,Dakota Jenkins,MALE,2023-03-25,Burnaby
20680,Ashley,Anderson,Ashley Anderson,FEMALE,2022-06-21,Port Hammond
20681,Walter,Moreno,Walter Moreno,MALE,2023-02-01,Burlingame
20682,John,Davis,John Davis,MALE,2023-07-11,Grossmont
20683,Amanda,Mitchell,Amanda Mitchell,FEMALE,2023-07-01,Imperial Beach
20684,Olivia,Lee,Olivia Lee,FEMALE,2023-07-25,La Jolla
20685,Mariah,Powell,Mariah Powell,FEMALE,2023-08-27,Bellflower
20686,Lucas,Nelson,Lucas Nelson,MALE,2023-08-04,Los Angeles
20687,Rebecca,Campbell,Rebecca Campbell,FEMALE,2023-10-25,Lake Oswego
20688,Steven,Ramirez,Steven Ramirez,MALE,2024-01-17,Everett
20689,Connor,Green,Connor Green,MALE,2023-06-01,Puyallup
20690,Nathaniel,Torres,Nathaniel Torres,MALE,2023-12-14,San Gabriel
20691,Eduardo,Smith,Eduardo Smith,MALE,2023-03-23,Langley
20692,John,Lewis,John Lewis,MALE,2023-10-04,Oakland
20693,Zachary,Perry,Zachary Perry,MALE,2023-08-27,Yakima
20694,Daniel,Anderson,Daniel Anderson,MALE,2023-03-01,N. Vancouver
20695,Joshua,Brown,Joshua Brown,MALE,2023-12-25,Grossmont
20696,Ethan,Gonzales,Ethan Gonzales,MALE,2023-02-04,Corvallis
20697,Stefanie,Schmidt,Stefanie Schmidt,FEMALE,2023-12-11,Beverly Hills
20698,Darren,Chandra,Darren Chandra,MALE,2023-05-27,Chula Vista
20699,Hunter,Wang,Hunter Wang,MALE,2023-08-04,National City
20700,Marcus,Scott,Marcus Scott,MALE,2023-08-04,Bellflower
20701,Liz,Anderson,Liz Anderson,FEMALE,2023-08-27,Coronado
20702,Oscar,Ross,Oscar Ross,MALE,2023-07-20,Oakland
20703,Seth,White,Seth White,MALE,2023-08-08,Portland
20704,Shane,Rodriguez,Shane Rodriguez,MALE,2023-10-01,Beaverton
20705,Kevin,Roberts,Kevin Roberts,MALE,2023-04-01,Glendale
20706,Haley,Gonzalez,Haley Gonzalez,FEMALE,2023-08-28,Novato
20707,Danielle,Stewart,Danielle Stewart,FEMALE,2023-08-19,Santa Monica
20708,Devin,Thompson,Devin Thompson,MALE,2022-07-30,Langley
20709,Samuel,Evans,Samuel Evans,MALE,2023-08-05,Mill Valley
20710,Andres,Raje,Andres Raje,MALE,2022-01-27,Esher-Molesey
20711,Ebony,Sanz,Ebony Sanz,FEMALE,2022-02-24,London
20712,Colin,Huang,Colin Huang,MALE,2022-02-17,London
20713,Kathleen,Gill,Kathleen Gill,FEMALE,2022-02-18,W. York
20714,Christine,Beck,Christine Beck,FEMALE,2023-03-12,Leeds
20715,Henry,Kapoor,Henry Kapoor,MALE,2023-08-08,Bonn
20716,Kristina,Arun,Kristina Arun,FEMALE,2022-05-04,Hannover
20717,Chelsea,Ray,Chelsea Ray,FEMALE,2022-02-23,Oxford
20718,Ricky,Ruiz,Ricky Ruiz,MALE,2022-02-24,Bury
20719,Lawrence,Alvarez,Lawrence Alvarez,MALE,2022-05-20,Salzgitter
20720,Regina,Subram,Regina Subram,FEMALE,2022-05-09,Hamburg
20721,Hailey,Perry,Hailey Perry,FEMALE,2023-08-09,Cheltenham
20722,Kellie,Serrano,Kellie Serrano,FEMALE,2022-06-29,Darmstadt
20723,Cedric,Zhu,Cedric Zhu,MALE,2023-07-20,Neunkirchen
20724,Ebony,Vance,Ebony Vance,FEMALE,2023-07-24,London
20725,Linda,Romero,Linda Romero,FEMALE,2023-12-15,London
20726,Beth,Romero,Beth Romero,FEMALE,2022-06-14,Berlin
20727,Arturo,Ye,Arturo Ye,MALE,2023-11-18,Solingen
20728,Cedric,Chande,Cedric Chande,MALE,2023-06-05,Tremblay-en-France
20729,Aimee,Zhou,Aimee Zhou,FEMALE,2023-06-20,Bonn
20730,Aaron,Shan,Aaron Shan,MALE,2023-06-03,Runcorn
20731,Andre,Kovár,Andre Kovár,MALE,2023-03-30,Kassel
20732,Joshua,Walker,Joshua Walker,MALE,2023-03-05,Lynnwood
20733,Sheena,Luo,Sheena Luo,FEMALE,2023-05-25,Bremerton
20734,Luis,Phillips,Luis Phillips,MALE,2023-05-28,Langford
20735,Caitlin,Cooper,Caitlin Cooper,FEMALE,2023-08-15,Sedro Woolley
20736,Alexandra,Howard,Alexandra Howard,FEMALE,2022-07-09,Newton
20737,Victoria,Griffin,Victoria Griffin,FEMALE,2024-01-21,San Diego
20738,Alex,Kelly,Alex Kelly,MALE,2023-09-27,Puyallup
20739,Kaitlyn,Carter,Kaitlyn Carter,FEMALE,2023-03-10,Olympia
20740,Kathryn,Sharma,Kathryn Sharma,FEMALE,2023-07-02,Burnaby
20741,Jocelyn,Foster,Jocelyn Foster,FEMALE,2023-04-24,Lemon Grove
20742,Isabella,Stewart,Isabella Stewart,FEMALE,2023-10-05,Lake Oswego
20743,Arianna,Howard,Arianna Howard,FEMALE,2023-10-30,Beaverton
20744,Amanda,Barnes,Amanda Barnes,FEMALE,2023-12-06,Bellflower
20745,Mariah,Price,Mariah Price,FEMALE,2023-05-13,Cliffside
20746,Christina,Torres,Christina Torres,FEMALE,2023-03-28,Langley
20747,Melody,Vazquez,Melody Vazquez,FEMALE,2023-12-04,Burien
20748,Stephanie,Watson,Stephanie Watson,FEMALE,2023-04-16,Puyallup
20749,Joan,Morgan,Joan Morgan,FEMALE,2023-11-29,Sedro Woolley
20750,Katherine,King,Katherine King,FEMALE,2023-08-23,Imperial Beach
20751,Jermaine,Arthur,Jermaine Arthur,MALE,2023-12-13,Bellflower
20752,Christian,Simmons,Christian Simmons,MALE,2023-10-11,Olympia
20753,Taylor,Kelly,Taylor Kelly,FEMALE,2023-12-21,Olympia
20754,Ian,Davis,Ian Davis,MALE,2023-08-30,La Jolla
20755,Alex,Lopez,Alex Lopez,MALE,2023-08-17,Concord
20756,Marcus,Griffin,Marcus Griffin,MALE,2023-09-03,Newton
20757,Alexia,Powell,Alexia Powell,FEMALE,2024-01-01,Woodburn
20758,Jesse,Sanders,Jesse Sanders,MALE,2023-04-19,Seattle
20759,Teresa,Serrano,Teresa Serrano,FEMALE,2023-06-20,Beverly Hills
20760,Thomas,Alexander,Thomas Alexander,MALE,2023-11-04,Royal Oak
20761,Jonathan,Washington,Jonathan Washington,MALE,2023-05-17,El Cajon
20762,Jennifer,King,Jennifer King,FEMALE,2023-12-15,San Francisco
20763,Lucas,Carter,Lucas Carter,MALE,2023-06-19,Lake Oswego
20764,Christian,Taylor,Christian Taylor,MALE,2023-05-17,Royal Oak
20765,Wyatt,Lopez,Wyatt Lopez,MALE,2023-08-12,Lemon Grove
20766,Charles,Morgan,Charles Morgan,MALE,2023-03-29,Mill Valley
20767,Rachel,Thomas,Rachel Thomas,FEMALE,2023-09-25,Yakima
20768,Marshall,Nara,Marshall Nara,MALE,2023-09-19,Bellflower
20769,Michelle,Sanders,Michelle Sanders,FEMALE,2023-05-13,Lynnwood
20770,Carlos,Mitchell,Carlos Mitchell,MALE,2023-11-10,Yakima
20771,Madeline,Edwards,Madeline Edwards,FEMALE,2023-11-08,Haney
20772,Samantha,Garcia,Samantha Garcia,FEMALE,2024-01-17,Woodland Hills
20773,Natalie,Rodriguez,Natalie Rodriguez,FEMALE,2023-12-07,Langford
20774,Anthony,Miller,Anthony Miller,MALE,2023-10-05,Santa Cruz
20775,Bruce,Alonso,Bruce Alonso,MALE,2024-01-12,Bremerton
20776,Haley,Long,Haley Long,FEMALE,2023-05-18,Walla Walla
20777,Carly,Sharma,Carly Sharma,FEMALE,2024-01-09,Beaverton
20778,Seth,Ramirez,Seth Ramirez,MALE,2023-12-27,Sedro Woolley
20779,Maria,Russell,Maria Russell,FEMALE,2023-02-16,Grossmont
20780,Michael,White,Michael White,MALE,2023-07-19,Lebanon
20781,Kayla,Lee,Kayla Lee,FEMALE,2023-09-19,Langford
20782,Alan,Ye,Alan Ye,MALE,2023-09-10,Beaverton
20783,Amanda,Collins,Amanda Collins,FEMALE,2023-11-23,Westminster
20784,Eduardo,Walker,Eduardo Walker,MALE,2024-01-23,Burbank
20785,Isabella,Taylor,Isabella Taylor,FEMALE,2023-09-05,Palo Alto
20786,Marcus,Perez,Marcus Perez,MALE,2023-10-17,Glendale
20787,Bridget,Pal,Bridget Pal,FEMALE,2023-09-18,Bremerton
20788,Sara,Gonzalez,Sara Gonzalez,FEMALE,2024-01-13,Burlingame
20789,Miguel,Williams,Miguel Williams,MALE,2023-04-12,Glendale
20790,Kayla,Harrison,Kayla Harrison,FEMALE,2023-07-20,Novato
20791,Ryan,Patterson,Ryan Patterson,MALE,2023-06-01,San Francisco
20792,Hailey,Rivera,Hailey Rivera,FEMALE,2023-09-29,Langford
20793,Gary,Martin,Gary Martin,MALE,2023-08-24,Les Ulis
20794,Brenda,Rana,Brenda Rana,FEMALE,2023-11-01,Paris
20795,Emmanuel,Subram,Emmanuel Subram,MALE,2023-07-09,Verrieres Le Buisson
20796,Claudia,Guo,Claudia Guo,FEMALE,2023-06-14,Paris
20797,Dawn,Hu,Dawn Hu,FEMALE,2023-06-09,Croix
20798,Mathew,Munoz,Mathew Munoz,MALE,2023-07-09,Braunschweig
20799,Peter,Raje,Peter Raje,MALE,2024-01-03,Grevenbroich
20800,Connor,Jenkins,Connor Jenkins,MALE,2023-11-14,Bury
20801,Ronald,Chandra,Ronald Chandra,MALE,2023-06-20,Bracknell
20802,Jon,Li,Jon Li,MALE,2023-06-10,Bobigny
20803,Nicole,Rodriguez,Nicole Rodriguez,FEMALE,2023-09-13,Drancy
20804,Katelyn,Torres,Katelyn Torres,FEMALE,2023-07-23,York
20805,Brandon,Williams,Brandon Williams,MALE,2023-09-20,Hof
20806,James,Lopez,James Lopez,MALE,2023-07-07,Peterborough
20807,Jordan,Foster,Jordan Foster,MALE,2022-02-27,York
20808,Julie,Jai,Julie Jai,FEMALE,2022-06-07,Kassel
20809,Benjamin,Anderson,Benjamin Anderson,MALE,2023-08-27,Warrington
20810,Brittney,He,Brittney He,FEMALE,2023-08-30,Les Ulis
20811,Calvin,Shan,Calvin Shan,MALE,2022-03-03,Warrington
20812,Preston,Prasad,Preston Prasad,MALE,2021-12-08,North Sydney
20813,Michael,Rothkugel,Michael Rothkugel,MALE,2024-01-13,St. Leonards
20814,Margaret,Lu,Margaret Lu,FEMALE,2021-12-17,Matraville
20815,Tracy,Andersen,Tracy Andersen,FEMALE,2021-12-19,Port Macquarie
20816,Connor,Ross,Connor Ross,MALE,2021-12-18,Port Macquarie
20817,Geoffrey,Rodriguez,Geoffrey Rodriguez,MALE,2021-12-06,Cranbourne
20818,Rachel,Powell,Rachel Powell,FEMALE,2021-12-27,Brisbane
20819,Raymond,Madan,Raymond Madan,MALE,2021-12-02,Port Macquarie
20820,Kathleen,Rubio,Kathleen Rubio,FEMALE,2021-11-30,Cloverdale
20821,Hany,Morcos,Hany Morcos,MALE,2021-12-09,Perth
20822,Shannon,Ruiz,Shannon Ruiz,MALE,2021-12-20,Brisbane
20823,Troy,Martinez,Troy Martinez,MALE,2021-12-28,East Brisbane
20824,Derek,Xu,Derek Xu,MALE,2022-03-12,High Wycombe
20825,Pamela,Kapoor,Pamela Kapoor,FEMALE,2022-03-29,York
20826,Jillian,Raman,Jillian Raman,FEMALE,2023-07-31,Paris
20827,Jillian,Perez,Jillian Perez,FEMALE,2023-07-28,Paris La Defense
20828,Jaclyn,Shan,Jaclyn Shan,FEMALE,2022-06-05,Braunschweig
20829,Andy,Diaz,Andy Diaz,MALE,2022-06-22,Duesseldorf
20830,Whitney,Martinez,Whitney Martinez,FEMALE,2022-05-30,Eilenburg
20831,Drew,Xu,Drew Xu,MALE,2022-06-13,Münster
20832,Kelvin,Tang,Kelvin Tang,MALE,2022-03-03,Watford
20833,Douglas,Sai,Douglas Sai,MALE,2022-06-12,Frankfurt am Main
20834,Brenda,Kapoor,Brenda Kapoor,FEMALE,2022-03-13,Woolston
20835,Ruben,Gutierrez,Ruben Gutierrez,MALE,2022-07-17,Berlin
20836,Stanley,Chandra,Stanley Chandra,MALE,2022-07-20,Darmstadt
20837,Jimmy,Rubio,Jimmy Rubio,MALE,2022-03-24,Berkshire
20838,Chloe,Jones,Chloe Jones,FEMALE,2022-04-14,Stoke-on-Trent
20839,Courtney,Lopez,Courtney Lopez,FEMALE,2022-03-31,Stoke-on-Trent
20840,Alison,Xie,Alison Xie,FEMALE,2023-08-24,Pantin
20841,Jésus,Alonso,Jésus Alonso,MALE,2022-07-14,Frankfurt
20842,Tyrone,Moreno,Tyrone Moreno,MALE,2022-07-22,Hamburg
20843,Jose,Shan,Jose Shan,MALE,2022-08-08,Frankfurt
20844,Nicolas,Pal,Nicolas Pal,MALE,2023-08-16,Dunkerque
20845,Barry,Malhotra,Barry Malhotra,MALE,2022-08-02,Eilenburg
20846,Lee,Alonso,Lee Alonso,MALE,2023-08-27,Tremblay-en-France
20847,Kyle,Young,Kyle Young,MALE,2022-08-27,Saarlouis
20848,Vincent,Liu,Vincent Liu,MALE,2022-04-18,Peterborough
20849,Faith,Washington,Faith Washington,FEMALE,2023-10-03,Stoke-on-Trent
20850,Lance,Navarro,Lance Navarro,MALE,2022-04-10,York
20851,Frank,Sanz,Frank Sanz,MALE,2022-04-18,Leeds
20852,Yolanda,Raje,Yolanda Raje,FEMALE,2022-05-25,Berkshire
20853,Jarrod,Rana,Jarrod Rana,MALE,2023-08-18,Courbevoie
20854,Kara,Raji,Kara Raji,FEMALE,2022-09-15,Frankfurt
20855,Abigail,Ross,Abigail Ross,FEMALE,2023-08-04,Saint Germain en Laye
20856,Tiffany,Hu,Tiffany Hu,FEMALE,2022-05-24,Leeds
20857,Jerry,Becker,Jerry Becker,MALE,2023-09-11,Orly
20858,Damien,Stone,Damien Stone,MALE,2023-08-30,Bobigny
20859,Roy,Romero,Roy Romero,MALE,2022-05-02,London
20860,Preston,Lopez,Preston Lopez,MALE,2022-09-06,Leipzig
20861,Nicolas,Nara,Nicolas Nara,MALE,2022-09-24,Münster
20862,Marshall,Sutton,Marshall Sutton,MALE,2022-05-16,London
20863,Erica,Xu,Erica Xu,FEMALE,2022-05-27,Oxford
20864,Grace,Howard,Grace Howard,FEMALE,2022-05-26,Leeds
20865,Luis,Ross,Luis Ross,MALE,2023-08-01,Kassel
20866,David,Jones,David Jones,MALE,2022-06-07,Kirkby
20867,Noah,Johnson,Noah Johnson,MALE,2023-10-01,Roubaix
20868,Misty,Shan,Misty Shan,FEMALE,2023-04-04,Lancaster
20869,David,Martinez,David Martinez,MALE,2022-06-21,Newcastle upon Tyne
20870,Jaime,Moreno,Jaime Moreno,FEMALE,2022-10-10,Kassel
20871,Adriana,Arthur,Adriana Arthur,FEMALE,2023-03-31,Erlangen
20872,Theodore,Moreno,Theodore Moreno,MALE,2022-06-22,Gateshead
20873,Joel,Subram,Joel Subram,MALE,2023-05-05,Hannover
20874,Edwin,Lal,Edwin Lal,MALE,2022-10-16,Paderborn
20875,Julia,Washington,Julia Washington,FEMALE,2022-06-20,Watford
20876,Jackson,Alexander,Jackson Alexander,MALE,2022-10-10,Darmstadt
20877,Richard,Ross,Richard Ross,MALE,2023-09-18,Tremblay-en-France
20878,Erika,Ortega,Erika Ortega,FEMALE,2023-10-19,Paris
20879,Pamela,Sanchez,Pamela Sanchez,FEMALE,2022-06-09,London
20880,Isabella,Washington,Isabella Washington,FEMALE,2022-07-14,Leeds
20881,Wendy,Navarro,Wendy Navarro,FEMALE,2023-10-04,Bury
20882,Sabrina,Suarez,Sabrina Suarez,FEMALE,2023-11-12,Les Ulis
20883,Latoya,Rai,Latoya Rai,FEMALE,2023-11-16,Paris
20884,Darren,Schmidt,Darren Schmidt,MALE,2023-11-08,Bobigny
20885,Terry,Xie,Terry Xie,MALE,2022-07-01,Liverpool
20886,Bruce,Raman,Bruce Raman,MALE,2022-07-04,Gateshead
20887,Damien,Li,Damien Li,MALE,2023-11-10,Roissy en Brie
20888,Clayton,Raje,Clayton Raje,MALE,2023-11-14,Tremblay-en-France
20889,Manuel,Patel,Manuel Patel,MALE,2023-08-07,High Wycombe
20890,Clayton,Anand,Clayton Anand,MALE,2022-07-26,York
20891,Darrell,Anand,Darrell Anand,MALE,2023-06-02,Colombes
20892,Henry,Sara,Henry Sara,MALE,2022-07-01,London
20893,Robert,Hall,Robert Hall,MALE,2023-12-12,Bottrop
20894,Alyssa,Thomas,Alyssa Thomas,FEMALE,2023-11-24,Dunkerque
20895,Ruben,Jimenez,Ruben Jimenez,MALE,2023-12-01,Paris
20896,Arthur,Sai,Arthur Sai,MALE,2022-10-09,Grevenbroich
20897,Mayra,Sai,Mayra Sai,FEMALE,2023-10-20,Les Ulis
20898,Grant,Ferrier,Grant Ferrier,MALE,2023-10-20,Berlin
20899,Angela,Cook,Angela Cook,FEMALE,2024-01-19,Roubaix
20900,Natalie,Russell,Natalie Russell,FEMALE,2023-09-26,Kirkby
20901,Chad,Xu,Chad Xu,MALE,2023-12-09,Suresnes
20902,Shane,Subram,Shane Subram,MALE,2024-01-15,Warrington
20903,Robyn,Diaz,Robyn Diaz,FEMALE,2023-05-27,Dresden
20904,Ebony,Gomez,Ebony Gomez,FEMALE,2023-12-31,Billericay
20905,Jessie,Munoz,Jessie Munoz,FEMALE,2023-12-19,Sèvres
20906,Briana,Ruiz,Briana Ruiz,FEMALE,2023-12-06,Runcorn
20907,Terrence,Shan,Terrence Shan,MALE,2023-08-13,Milton Keynes
20908,Wyatt,Foster,Wyatt Foster,MALE,2023-06-02,Neunkirchen
20909,Kelly,Weadock,Kelly Weadock,FEMALE,2023-04-10,London
20910,Carolyn,Malhotra,Carolyn Malhotra,FEMALE,2023-09-25,Paris
20911,Katrina,Raje,Katrina Raje,FEMALE,2023-11-12,Paris
20912,Christy,Hu,Christy Hu,FEMALE,2022-10-27,Ingolstadt
20913,Wesley,Liu,Wesley Liu,MALE,2022-11-01,Kiel
20914,Gilbert,Zeng,Gilbert Zeng,MALE,2022-11-03,Berlin
20915,Latasha,Carlson,Latasha Carlson,FEMALE,2023-12-20,Colomiers
20916,Kathleen,Carlson,Kathleen Carlson,FEMALE,2023-06-17,Hannover
20917,Tonya,Tang,Tonya Tang,FEMALE,2022-08-24,London
20918,Neil,Ramos,Neil Ramos,MALE,2023-09-23,Boulogne-sur-Mer
20919,Gretchen,Rivas,Gretchen Rivas,FEMALE,2024-01-08,Lille
20920,Jaclyn,Rai,Jaclyn Rai,FEMALE,2024-01-13,Lille
20921,Melinda,Carlson,Melinda Carlson,FEMALE,2022-08-25,Gloucestershire
20922,Clayton,Wagner,Clayton Wagner,MALE,2022-08-02,London
20923,Isabella,Powell,Isabella Powell,FEMALE,2022-11-23,Hamburg
20924,Alberto,Sanz,Alberto Sanz,MALE,2023-06-28,Werne
20925,Kristin,Xu,Kristin Xu,FEMALE,2023-09-06,Roubaix
20926,Jeffery,Guo,Jeffery Guo,MALE,2023-12-17,Versailles
20927,Tammy,Martinez,Tammy Martinez,FEMALE,2023-11-10,Dresden
20928,Raymond,Kapoor,Raymond Kapoor,MALE,2023-10-28,Mühlheim
20929,Darryl,Zeng,Darryl Zeng,MALE,2023-03-07,York
20930,Drew,Chande,Drew Chande,MALE,2022-11-20,Werne
20931,Brian,Sanchez,Brian Sanchez,MALE,2022-08-18,Cheltenham
20932,Cole,Kelly,Cole Kelly,MALE,2023-11-12,Dunkerque
20933,Laura,Li,Laura Li,FEMALE,2022-08-20,Oxford
20934,Haley,Young,Haley Young,FEMALE,2023-12-14,Lille
20935,Desiree,Jimenez,Desiree Jimenez,FEMALE,2023-11-11,Paris
20936,Christy,Cai,Christy Cai,FEMALE,2023-12-26,Saint Ouen
20937,Natalie,Williams,Natalie Williams,FEMALE,2023-09-04,Hof
20938,Carolyn,Rowe,Carolyn Rowe,FEMALE,2024-01-08,Milton Keynes
20939,Joshua,Johnson,Joshua Johnson,MALE,2023-11-17,Erlangen
20940,Jillian,Rodriguez,Jillian Rodriguez,FEMALE,2023-02-12,Colombes
20941,Arturo,Guo,Arturo Guo,MALE,2023-02-21,Saint Germain en Laye
20942,Tasha,Sharma,Tasha Sharma,FEMALE,2023-03-25,Pantin
20943,Brett,Rana,Brett Rana,MALE,2023-09-27,Newcastle upon Tyne
20944,Rebecca,Hernandez,Rebecca Hernandez,FEMALE,2023-02-06,Chatou
20945,Roger,Tang,Roger Tang,MALE,2022-11-27,München
20946,Abby,Chandra,Abby Chandra,FEMALE,2023-09-14,Paderborn
20947,Marie,Alvarez,Marie Alvarez,FEMALE,2024-01-25,London
20948,Xavier,White,Xavier White,MALE,2023-03-24,Versailles
20949,Sandra,Liang,Sandra Liang,FEMALE,2023-03-30,Cheltenham
20950,Albert,Suarez,Albert Suarez,MALE,2023-05-06,Birmingham
20951,Darrell,Jai,Darrell Jai,MALE,2023-08-11,London
20952,Micah,Ye,Micah Ye,MALE,2023-12-14,Oxon
20953,Neil,Rubio,Neil Rubio,MALE,2023-11-18,Lieusaint
20954,Nathan,Foster,Nathan Foster,MALE,2023-09-15,Metz
20955,Dawn,Pal,Dawn Pal,FEMALE,2023-12-03,Saint Germain en Laye
20956,Kristy,Alonso,Kristy Alonso,FEMALE,2023-11-06,Les Ulis
20957,Darren,Kapoor,Darren Kapoor,MALE,2023-06-21,Roissy en Brie
20958,Gerald,Alonso,Gerald Alonso,MALE,2023-01-29,Sulzbach Taunus
20959,Ruben,Arun,Ruben Arun,MALE,2023-11-02,Saint-Denis
20960,Darrell,Beck,Darrell Beck,MALE,2023-05-18,Paris
20961,Keith,Goldberg,Keith Goldberg,MALE,2023-12-23,Roncq
20962,Sharon,Xie,Sharon Xie,FEMALE,2023-04-12,Paris
20963,Teresa,Dominguez,Teresa Dominguez,FEMALE,2023-03-06,Kirkby
20964,Emily,Butler,Emily Butler,FEMALE,2023-08-30,Saint Germain en Laye
20965,Cynthia,Subram,Cynthia Subram,FEMALE,2023-07-07,W. York
20966,Virginia,Madan,Virginia Madan,FEMALE,2023-12-09,Colomiers
20967,Casey,Rowe,Casey Rowe,MALE,2023-06-02,Bonn
20968,Arturo,Yuan,Arturo Yuan,MALE,2023-07-11,York
20969,Ashley,Foster,Ashley Foster,FEMALE,2023-05-14,Drancy
20970,Isaiah,Richardson,Isaiah Richardson,MALE,2022-11-04,Saarlouis
20971,Preston,Suri,Preston Suri,MALE,2023-11-02,Les Ulis
20972,Francisco,Vance,Francisco Vance,MALE,2023-10-16,Birmingham
20973,April,Andersen,April Andersen,FEMALE,2023-09-06,London
20974,George,Subram,George Subram,MALE,2023-07-02,Paris
20975,Jerry,Andersen,Jerry Andersen,MALE,2022-08-21,Bury
20976,Jaclyn,Kumar,Jaclyn Kumar,FEMALE,2023-08-01,Pantin
20977,Mario,Andersen,Mario Andersen,MALE,2023-01-18,Roubaix
20978,Bruce,Srini,Bruce Srini,MALE,2023-08-01,Eilenburg
20979,Diane,Jimenez,Diane Jimenez,FEMALE,2022-11-24,Mühlheim
20980,Matthew,Miller,Matthew Miller,MALE,2022-11-10,Solingen
20981,Craig,Romero,Craig Romero,MALE,2023-02-06,Berlin
20982,Arthur,Jiménez,Arthur Jiménez,MALE,2022-09-04,York
20983,Meredith,Vance,Meredith Vance,FEMALE,2021-12-15,East Brisbane
20984,Sabrina,Rubio,Sabrina Rubio,FEMALE,2021-12-07,Melton
20985,Autumn,Liu,Autumn Liu,FEMALE,2021-12-21,Sydney
20986,Brandi,Blanco,Brandi Blanco,FEMALE,2023-10-05,Brisbane
20987,Marshall,Zeng,Marshall Zeng,MALE,2021-11-30,Matraville
20988,Anna,Martin,Anna Martin,FEMALE,2021-12-03,Melton
20989,Cassandra,Sara,Cassandra Sara,FEMALE,2021-12-15,Sydney
20990,Mayra,Raman,Mayra Raman,FEMALE,2021-12-21,Port Macquarie
20991,Frederick,Sai,Frederick Sai,MALE,2021-12-05,Warrnambool
20992,Julio,Serrano,Julio Serrano,MALE,2021-11-30,Gold Coast
20993,Mitchell,Xie,Mitchell Xie,MALE,2021-11-30,Perth
20994,Autumn,Ma,Autumn Ma,FEMALE,2021-11-30,Caloundra
20995,Danny,Suarez,Danny Suarez,MALE,2021-11-29,Caloundra
20996,Keith,Shan,Keith Shan,MALE,2021-12-05,Hervey Bay
20997,Joanna,Ashe,Joanna Ashe,FEMALE,2022-01-18,Lane Cove
20998,Eugene,She,Eugene She,MALE,2022-01-26,Caloundra
20999,Carolyn,Garcia,Carolyn Garcia,FEMALE,2022-01-03,East Brisbane
21000,Geoffrey,Perez,Geoffrey Perez,MALE,2022-01-25,Darlinghurst
21001,Clinton,Gutierrez,Clinton Gutierrez,MALE,2022-01-14,Hawthorne
21002,Carolyn,Rodriguez,Carolyn Rodriguez,FEMALE,2022-01-03,North Ryde
21003,Jimmy,Hernandez,Jimmy Hernandez,MALE,2023-02-10,Pantin
21004,Kaitlyn,Campbell,Kaitlyn Campbell,FEMALE,2023-01-06,Tremblay-en-France
21005,Barbara,Zhu,Barbara Zhu,FEMALE,2023-08-13,Suresnes
21006,Sydney,Young,Sydney Young,FEMALE,2022-11-19,Frankfurt
21007,Nuan,Ma,Nuan Ma,MALE,2023-10-03,Paderborn
21008,Melody,Carlson,Melody Carlson,FEMALE,2022-11-06,Stuttgart
21009,Clinton,Sandberg,Clinton Sandberg,MALE,2023-12-05,Stuttgart
21010,Ruben,Navarro,Ruben Navarro,MALE,2023-06-17,Stuttgart
21011,Aimee,Wang,Aimee Wang,FEMALE,2022-09-10,London
21012,Marie,Vance,Marie Vance,FEMALE,2022-09-25,Bury
21013,Connor,Nelson,Connor Nelson,MALE,2023-01-27,Dunkerque
21014,Diana,Carlson,Diana Carlson,FEMALE,2023-01-16,Les Ulis
21015,Diane,Hernandez,Diane Hernandez,FEMALE,2022-11-19,Mühlheim
21016,Michele,Kapoor,Michele Kapoor,FEMALE,2022-12-01,Berlin
21017,Leslie,Romero,Leslie Romero,FEMALE,2023-01-12,Paris
21018,Sheila,Serrano,Sheila Serrano,FEMALE,2022-09-24,Birmingham
21019,Monica,Prasad,Monica Prasad,FEMALE,2023-10-31,Roissy en Brie
21020,Omar,Ye,Omar Ye,MALE,2022-09-04,Oxon
21021,Gary,Serrano,Gary Serrano,MALE,2023-02-05,Paris
21022,Bianca,Huang,Bianca Huang,FEMALE,2023-02-19,Suresnes
21023,Cara,Wang,Cara Wang,FEMALE,2023-05-16,West Sussex
21024,Lori,Jimenez,Lori Jimenez,FEMALE,2023-02-17,Paris
21025,Cedric,Wu,Cedric Wu,MALE,2023-10-26,Warrington
21026,Clifford,Fernandez,Clifford Fernandez,MALE,2023-05-04,London
21027,Luke,Nelson,Luke Nelson,MALE,2022-09-08,Cheltenham
21028,Joe,Suri,Joe Suri,MALE,2023-09-18,Cambridge
21029,Kristi,Martin,Kristi Martin,FEMALE,2022-12-22,Saarlouis
21030,Lindsay,Xu,Lindsay Xu,FEMALE,2023-02-10,Paris
21031,Cassie,She,Cassie She,FEMALE,2023-02-14,Roncq
21032,Brendan,Shan,Brendan Shan,MALE,2023-11-12,Hamburg
21033,Preston,Subram,Preston Subram,MALE,2023-02-11,Saint Ouen
21034,Jacqueline,Kelly,Jacqueline Kelly,FEMALE,2022-09-03,Kirkby
21035,Roy,Sanchez,Roy Sanchez,MALE,2022-12-11,Eilenburg
21036,Ruben,Hernandez,Ruben Hernandez,MALE,2022-09-16,Peterborough
21037,Bruce,Arun,Bruce Arun,MALE,2022-12-12,Paderborn
21038,Pedro,Lopez,Pedro Lopez,MALE,2023-12-03,Paris
21039,Jill,Ramos,Jill Ramos,FEMALE,2022-09-03,Cambridge
21040,Chad,Luo,Chad Luo,MALE,2022-08-28,W. York
21041,Eddie,Serrano,Eddie Serrano,MALE,2023-02-04,Paris
21042,Jon,Liang,Jon Liang,MALE,2023-10-29,Salzgitter
21043,Johnathan,McDonald,Johnathan McDonald,MALE,2023-08-30,Berlin
21044,Franklin,Zheng,Franklin Zheng,MALE,2022-10-21,Liverpool
21045,Evelyn,Prasad,Evelyn Prasad,FEMALE,2023-12-03,Roubaix
21046,Terrance,Suri,Terrance Suri,MALE,2023-08-16,London
21047,Sheena,Andersen,Sheena Andersen,FEMALE,2023-11-03,Poing
21048,Karen,Liang,Karen Liang,FEMALE,2023-02-17,Orleans
21049,James,Sharma,James Sharma,MALE,2023-07-16,Peterborough
21050,Alan,Cai,Alan Cai,MALE,2023-02-14,Paris
21051,Sabrina,Alonso,Sabrina Alonso,FEMALE,2023-11-13,Ingolstadt
21052,Sheena,Xu,Sheena Xu,FEMALE,2023-12-03,Ingolstadt
21053,Jamie,Vazquez,Jamie Vazquez,MALE,2022-10-22,Oxford
21054,Keith,Jai,Keith Jai,MALE,2023-12-13,Villeneuve-d'Ascq
21055,Kristi,Carlson,Kristi Carlson,FEMALE,2023-08-13,Hof
21056,Walter,Munoz,Walter Munoz,MALE,2022-10-10,Gloucestershire
21057,Elizabeth,Butler,Elizabeth Butler,FEMALE,2023-11-04,Bottrop
21058,Meredith,Suri,Meredith Suri,FEMALE,2023-06-23,Verrieres Le Buisson
21059,Misty,Chande,Misty Chande,FEMALE,2023-02-04,Villeneuve-d'Ascq
21060,Jaclyn,Tang,Jaclyn Tang,FEMALE,2022-10-08,Newcastle upon Tyne
21061,Desiree,Suarez,Desiree Suarez,FEMALE,2023-02-10,Paris
21062,Miranda,Barnes,Miranda Barnes,FEMALE,2023-03-13,Tremblay-en-France
21063,Louis,Li,Louis Li,MALE,2023-04-21,Roncq
21064,Colleen,Sun,Colleen Sun,FEMALE,2023-03-20,Saint Ouen
21065,Robert,Thompson,Robert Thompson,MALE,2023-08-19,Saarlouis
21066,Ebony,Arun,Ebony Arun,FEMALE,2024-01-17,West Sussex
21067,Frank,Jimenez,Frank Jimenez,MALE,2022-10-27,Lancaster
21068,Lawrence,Jimenez,Lawrence Jimenez,MALE,2023-04-05,Bury
21069,Colin,Lu,Colin Lu,MALE,2023-11-15,Oxford
21070,Latoya,Yuan,Latoya Yuan,FEMALE,2023-02-15,Les Ulis
21071,Lindsey,Pal,Lindsey Pal,FEMALE,2022-10-05,Milton Keynes
21072,Dominic,Sanchez,Dominic Sanchez,MALE,2023-03-14,Roncq
21073,Catherine,Kelly,Catherine Kelly,FEMALE,2023-08-01,Hof
21074,Diane,Carlson,Diane Carlson,FEMALE,2023-06-24,Oxford
21075,Manuel,Rana,Manuel Rana,MALE,2023-04-16,Saarlouis
21076,Terrence,Nath,Terrence Nath,MALE,2023-11-23,Eilenburg
21077,Rachel,James,Rachel James,FEMALE,2023-07-04,Drancy
21078,Grace,Gray,Grace Gray,FEMALE,2023-10-27,Metz
21079,Lee,Carlson,Lee Carlson,MALE,2023-07-23,Wokingham
21080,Ebony,Lopez,Ebony Lopez,FEMALE,2024-01-10,Versailles
21081,Xavier,Smith,Xavier Smith,MALE,2023-11-30,Paris
21082,Jason,Edwards,Jason Edwards,MALE,2023-07-22,Frankfurt
21083,Trisha,Chen,Trisha Chen,FEMALE,2024-01-21,Milton Keynes
21084,Clarence,Deng,Clarence Deng,MALE,2023-04-16,Paris La Defense
21085,Leslie,Vazquez,Leslie Vazquez,FEMALE,2024-01-09,Saarbrücken
21086,Katelyn,Bell,Katelyn Bell,FEMALE,2023-08-14,Ingolstadt
21087,Rebecca,Scott,Rebecca Scott,FEMALE,2023-09-06,Ingolstadt
21088,Alvin,Anand,Alvin Anand,MALE,2023-04-05,Paris
21089,Yiroyuki,Sato,Yiroyuki Sato,FEMALE,2023-04-12,Sèvres
21090,Thomas,Garcia,Thomas Garcia,MALE,2023-03-30,Villeneuve-d'Ascq
21091,Ashley,Jenkins,Ashley Jenkins,FEMALE,2023-07-20,Hamburg
21092,Gina,Gutierrez,Gina Gutierrez,FEMALE,2022-10-24,Gateshead
21093,Jacquelyn,Castro,Jacquelyn Castro,FEMALE,2022-11-20,London
21094,Alison,Sharma,Alison Sharma,FEMALE,2023-11-05,Chatou
21095,Lance,Munoz,Lance Munoz,MALE,2023-04-26,Paris
21096,Jon,Lin,Jon Lin,MALE,2023-10-26,Eilenburg
21097,Gary,Ruiz,Gary Ruiz,MALE,2023-08-19,Berlin
21098,Steve,Ma,Steve Ma,MALE,2023-08-02,Boulogne-sur-Mer
21099,Sandra,Liu,Sandra Liu,FEMALE,2023-05-13,Morangis
21100,Sandra,Zhang,Sandra Zhang,FEMALE,2023-12-11,Münster
21101,Meagan,Perez,Meagan Perez,FEMALE,2023-09-21,Liverpool
21102,Willie,Zheng,Willie Zheng,MALE,2023-09-03,Stuttgart
21103,Francis,Hernandez,Francis Hernandez,MALE,2022-10-30,Cheltenham
21104,Robin,Gutierrez,Robin Gutierrez,FEMALE,2022-11-07,Stoke-on-Trent
21105,Cory,Sara,Cory Sara,MALE,2022-11-09,York
21106,Katie,Sharma,Katie Sharma,FEMALE,2022-10-31,London
21107,Kaitlin,Rodriguez,Kaitlin Rodriguez,FEMALE,2023-09-10,Berlin
21108,Kristine,Martin,Kristine Martin,FEMALE,2023-09-11,München
21109,Katie,Pal,Katie Pal,FEMALE,2023-11-11,Stuttgart
21110,Brent,Zeng,Brent Zeng,MALE,2023-02-14,London
21111,Ricardo,Deng,Ricardo Deng,MALE,2023-02-08,London
21112,Johnathan,Prasad,Johnathan Prasad,MALE,2023-05-31,Paris
21113,Laura,Cai,Laura Cai,FEMALE,2024-01-02,Paris
21114,Savannah,Murphy,Savannah Murphy,FEMALE,2023-03-28,Erlangen
21115,Bobby,Raman,Bobby Raman,MALE,2023-04-21,Grevenbroich
21116,Carson,Russell,Carson Russell,MALE,2023-10-28,Billericay
21117,Bryant,Sara,Bryant Sara,MALE,2023-08-21,Saint Ouen
21118,Lisa,Hu,Lisa Hu,FEMALE,2023-07-16,Kirkby
21119,Edward,Campbell,Edward Campbell,MALE,2023-09-27,Chatou
21120,Roger,Chen,Roger Chen,MALE,2023-02-02,Kassel
21121,Garrett,Reed,Garrett Reed,MALE,2023-04-16,Metz
21122,Julie,Xie,Julie Xie,FEMALE,2023-04-11,Villeneuve-d'Ascq
21123,Carl,Luo,Carl Luo,MALE,2023-10-13,Boulogne-Billancourt
21124,Mallory,Alvarez,Mallory Alvarez,FEMALE,2023-12-13,Reading
21125,Bruce,Rana,Bruce Rana,MALE,2023-09-01,Courbevoie
21126,Kaitlin,Gonzalez,Kaitlin Gonzalez,FEMALE,2023-04-22,Paris
21127,Crystal,Zheng,Crystal Zheng,FEMALE,2023-08-14,Versailles
21128,Kenneth,Andersen,Kenneth Andersen,MALE,2023-06-28,Erlangen
21129,Rafael,Wang,Rafael Wang,MALE,2023-12-18,Mühlheim
21130,Mackenzie,Ward,Mackenzie Ward,FEMALE,2022-10-28,Kirkby
21131,Gilbert,Nath,Gilbert Nath,MALE,2023-06-26,Hamburg
21132,Jeffery,Hu,Jeffery Hu,MALE,2023-06-05,Paris
21133,April,Kumar,April Kumar,FEMALE,2023-10-23,Sèvres
21134,Bob,Chapman,Bob Chapman,MALE,2023-05-10,London
21135,Raul,Raji,Raul Raji,MALE,2023-04-20,Cambridge
21136,Natasha,Carlson,Natasha Carlson,FEMALE,2023-06-09,W. York
21137,Steve,Li,Steve Li,MALE,2023-10-18,W. York
21138,Kaylee,Phillips,Kaylee Phillips,FEMALE,2022-07-30,Langford
21139,Alex,Adams,Alex Adams,MALE,2023-08-25,Lake Oswego
21140,Byron,Diaz,Byron Diaz,MALE,2023-05-22,Burbank
21141,Omar,Li,Omar Li,MALE,2023-09-28,Burien
21142,Mason,Brooks,Mason Brooks,MALE,2023-12-22,Milwaukie
21143,Allison,Campbell,Allison Campbell,FEMALE,2023-09-28,Lake Oswego
21144,Lucas,Richardson,Lucas Richardson,MALE,2023-09-09,Renton
21145,Mindy,Lal,Mindy Lal,FEMALE,2023-10-31,Burlingame
21146,Robert,Taylor,Robert Taylor,MALE,2023-09-05,Spokane
21147,Angel,Rogers,Angel Rogers,MALE,2023-09-24,Kirkland
21148,Brianna,Gonzales,Brianna Gonzales,FEMALE,2022-07-04,N. Vancouver
21149,Miguel,Diaz,Miguel Diaz,MALE,2023-09-13,Corvallis
21150,Alyssa,Ramirez,Alyssa Ramirez,FEMALE,2023-09-06,Sedro Woolley
21151,Aaron,Campbell,Aaron Campbell,MALE,2023-09-10,Bellflower
21152,Amanda,Hill,Amanda Hill,FEMALE,2023-09-01,Glendale
21153,James,Thompson,James Thompson,MALE,2023-09-10,San Carlos
21154,Michael,Clark,Michael Clark,MALE,2023-12-05,Mill Valley
21155,Jeremiah,Flores,Jeremiah Flores,MALE,2023-09-09,Lincoln Acres
21156,Maria,Lopez,Maria Lopez,FEMALE,2023-09-17,Corvallis
21157,Robert,Perry,Robert Perry,MALE,2023-06-09,Burbank
21158,Trevor,Patterson,Trevor Patterson,MALE,2023-03-04,Redmond
21159,Kaitlyn,Rodriguez,Kaitlyn Rodriguez,FEMALE,2023-02-20,Corvallis
21160,April,Xie,April Xie,FEMALE,2023-09-26,Chula Vista
21161,Megan,Johnson,Megan Johnson,FEMALE,2023-09-22,Puyallup
21162,Brooke,Sanchez,Brooke Sanchez,FEMALE,2023-09-25,Lakewood
21163,William,Williams,William Williams,MALE,2024-01-28,Bellflower
21164,Troy,Raman,Troy Raman,MALE,2023-08-07,Chula Vista
21165,Sheila,Gomez,Sheila Gomez,FEMALE,2022-01-28,Lavender Bay
21166,Tamara,Yuan,Tamara Yuan,FEMALE,2021-12-31,South Melbourne
21167,Kara,Becker,Kara Becker,FEMALE,2022-01-21,Port Macquarie
21168,Clifford,Chapman,Clifford Chapman,MALE,2022-01-17,Goulburn
21169,Nancy,Arun,Nancy Arun,FEMALE,2022-01-28,Brisbane
21170,Edwin,Sun,Edwin Sun,MALE,2023-10-10,Gold Coast
21171,Christopher,Taylor,Christopher Taylor,MALE,2023-05-06,Rockhampton
21172,Francisco,Sanchez,Francisco Sanchez,MALE,2023-03-12,Caloundra
21173,Chad,Yuan,Chad Yuan,MALE,2021-12-31,Wollongong
21174,Andre,Smith,Andre Smith,MALE,2023-09-19,Rockhampton
21175,Armando,Gomez,Armando Gomez,MALE,2023-07-21,North Ryde
21176,Raul,Chande,Raul Chande,MALE,2023-01-30,Milsons Point
21177,Kara,Nath,Kara Nath,FEMALE,2023-08-06,Caloundra
21178,Jillian,Saunders,Jillian Saunders,FEMALE,2023-08-12,Gold Coast
21179,Jaclyn,Zhou,Jaclyn Zhou,FEMALE,2022-01-24,Brisbane
21180,Katherine,Flores,Katherine Flores,FEMALE,2022-01-19,Sunbury
21181,Summer,Sullivan,Summer Sullivan,FEMALE,2023-09-14,Darlinghurst
21182,Lori,Navarro,Lori Navarro,FEMALE,2023-12-05,Findon
21183,Hector,Moreno,Hector Moreno,MALE,2022-01-05,Brisbane
21184,Harold,Rodriguez,Harold Rodriguez,MALE,2023-08-27,Findon
21185,Gilbert,Jai,Gilbert Jai,MALE,2023-12-31,Springwood
21186,Randall,Vazquez,Randall Vazquez,MALE,2023-04-26,Brisbane
21187,Darrell,Luo,Darrell Luo,MALE,2023-07-01,Springwood
21188,Clifford,Sanchez,Clifford Sanchez,MALE,2023-05-30,Bendigo
21189,Desiree,Rubio,Desiree Rubio,FEMALE,2022-01-26,Caloundra
21190,Pablo,Rovira Diez,Pablo Rovira Diez,MALE,2023-02-08,East Brisbane
21191,Willie,Lu,Willie Lu,MALE,2022-01-03,Rhodes
21192,Regina,Sai,Regina Sai,FEMALE,2022-01-18,North Ryde
21193,Philip,Hernandez,Philip Hernandez,MALE,2021-12-29,North Ryde
21194,Tara,Nara,Tara Nara,FEMALE,2022-01-25,St. Leonards
21195,Rafael,Xu,Rafael Xu,MALE,2022-01-13,Seaford
21196,Kathleen,Alonso,Kathleen Alonso,FEMALE,2023-08-26,Sydney
21197,Sheena,Pal,Sheena Pal,FEMALE,2022-01-11,Hawthorne
21198,Madison,Williams,Madison Williams,FEMALE,2023-10-01,Cranbourne
21199,Ruth,Raman,Ruth Raman,FEMALE,2022-01-05,Malabar
21200,Alison,Kumar,Alison Kumar,FEMALE,2022-01-01,Gold Coast
21201,Anna,Rogers,Anna Rogers,FEMALE,2022-01-11,Goulburn
21202,Theresa,Torres,Theresa Torres,FEMALE,2022-01-27,Geelong
21203,Mary,Allen,Mary Allen,FEMALE,2022-01-25,Gold Coast
21204,Candice,Lu,Candice Lu,FEMALE,2023-09-22,Melton
21205,Denise,Vance,Denise Vance,FEMALE,2022-01-24,Silverwater
21206,Roberto,Moreno,Roberto Moreno,MALE,2021-12-31,Perth
21207,Vincent,Li,Vincent Li,MALE,2023-05-25,Hervey Bay
21208,Olivia,Griffin,Olivia Griffin,FEMALE,2023-04-28,Sunbury
21209,Randall,Moreno,Randall Moreno,MALE,2023-09-07,Gold Coast
21210,Colin,Luo,Colin Luo,MALE,2023-03-24,Silverwater
21211,Louis,He,Louis He,MALE,2022-01-14,Goulburn
21212,Nicolas,Lal,Nicolas Lal,MALE,2023-02-21,Hervey Bay
21213,Peter,Black,Peter Black,MALE,2023-10-26,Hervey Bay
21214,Corey,She,Corey She,MALE,2022-01-19,Matraville
21215,Tiffany,Yang,Tiffany Yang,FEMALE,2022-01-07,Wollongong
21216,Larry,Blanco,Larry Blanco,MALE,2022-01-08,Bendigo
21217,Casey,Xie,Casey Xie,FEMALE,2022-02-18,Cloverdale
21218,Wyatt,Rodriguez,Wyatt Rodriguez,MALE,2022-02-12,Caloundra
21219,Candice,Zhu,Candice Zhu,FEMALE,2022-02-21,Geelong
21220,Meghan,Moyer,Meghan Moyer,FEMALE,2023-03-30,St. Leonards
21221,Martin,Sai,Martin Sai,MALE,2023-07-29,Darlinghurst
21222,Kelvin,Xu,Kelvin Xu,MALE,2022-02-15,East Brisbane
21223,Evelyn,Suri,Evelyn Suri,FEMALE,2023-03-25,Rhodes
21224,Jamie,Alan,Jamie Alan,MALE,2023-10-08,Townsville
21225,Michele,Jai,Michele Jai,FEMALE,2022-02-06,Newcastle
21226,Dale,Nara,Dale Nara,MALE,2022-02-18,North Ryde
21227,Melanie,Morgan,Melanie Morgan,FEMALE,2023-09-24,Caloundra
21228,Cassidy,Henderson,Cassidy Henderson,FEMALE,2022-02-10,Bendigo
21229,Latoya,Jai,Latoya Jai,FEMALE,2022-02-27,Caloundra
21230,Carla,Rodriguez,Carla Rodriguez,FEMALE,2022-02-06,Caloundra
21231,Christine,Goel,Christine Goel,FEMALE,2022-02-24,Hawthorne
21232,Levi,Garcia,Levi Garcia,MALE,2023-12-19,Matraville
21233,Christopher,Smith,Christopher Smith,MALE,2023-04-04,San Carlos
21234,Brianna,Rivera,Brianna Rivera,FEMALE,2023-02-18,Coronado
21235,Stephanie,Hernandez,Stephanie Hernandez,FEMALE,2023-09-17,Bellflower
21236,Adrian,Peterson,Adrian Peterson,MALE,2023-08-25,Port Orchard
21237,Luke,Washington,Luke Washington,MALE,2023-08-12,Newport Beach
21238,Carl,Tang,Carl Tang,MALE,2023-04-03,Cliffside
21239,Christy,Liang,Christy Liang,FEMALE,2023-06-30,Perth
21240,Aaron,Jenkins,Aaron Jenkins,MALE,2023-03-20,Torrance
21241,Carson,Griffin,Carson Griffin,MALE,2023-05-10,Woodburn
21242,Morgan,Patterson,Morgan Patterson,FEMALE,2023-03-12,San Carlos
21243,Juan,Bailey,Juan Bailey,MALE,2023-08-06,Torrance
21244,Allison,Torres,Allison Torres,FEMALE,2023-06-04,Glendale
21245,Samantha,Rodriguez,Samantha Rodriguez,FEMALE,2023-06-22,Los Angeles
21246,Samuel,Nelson,Samuel Nelson,MALE,2023-09-17,Burbank
21247,Alex,Sanders,Alex Sanders,MALE,2023-10-04,Sedro Woolley
21248,Ramon,Li,Ramon Li,MALE,2023-08-10,Gold Coast
21249,Alvin,Xu,Alvin Xu,MALE,2023-11-26,Columbus
21250,Fernando,Coleman,Fernando Coleman,MALE,2023-04-24,Lebanon
21251,Erika,Dominguez,Erika Dominguez,FEMALE,2023-07-08,Cliffside
21252,Luis,Chen,Luis Chen,MALE,2023-02-10,Metchosin
21253,Victoria,Williams,Victoria Williams,FEMALE,2023-09-24,Everett
21254,Tonya,Black,Tonya Black,FEMALE,2023-02-11,Geelong
21255,Martha,Lu,Martha Lu,FEMALE,2023-03-08,Bendigo
21256,Meghan,Torres,Meghan Torres,FEMALE,2022-02-16,Lavender Bay
21257,Evelyn,Subram,Evelyn Subram,FEMALE,2022-02-01,Rockhampton
21258,Alfredo,Serrano,Alfredo Serrano,MALE,2022-02-04,Matraville
21259,Curtis,Cai,Curtis Cai,MALE,2022-02-07,Wollongong
21260,Ariana,Howard,Ariana Howard,FEMALE,2023-09-27,Port Orchard
21261,Jessica,Kelly,Jessica Kelly,FEMALE,2023-04-19,Santa Cruz
21262,Sara,Edwards,Sara Edwards,FEMALE,2023-12-06,Spring Valley
21263,Gail,Russell,Gail Russell,FEMALE,2023-06-06,Cliffside
21264,Caleb,Butler,Caleb Butler,MALE,2023-09-11,Redmond
21265,Richard,Stone,Richard Stone,MALE,2023-09-04,Burlingame
21266,Taylor,Washington,Taylor Washington,FEMALE,2022-08-05,N. Vancouver
21267,Charles,Parker,Charles Parker,MALE,2023-09-07,Port Orchard
21268,Elizabeth,Lewis,Elizabeth Lewis,FEMALE,2023-10-07,Burlingame
21269,Blake,Clark,Blake Clark,MALE,2023-10-06,Berkeley
21270,Daniel,Jackson,Daniel Jackson,MALE,2023-07-06,Seattle
21271,Thomas,Wang,Thomas Wang,MALE,2023-10-17,Oakland
21272,Nicole,Ward,Nicole Ward,FEMALE,2022-08-09,Port Hammond
21273,Jennifer,Thomas,Jennifer Thomas,FEMALE,2023-07-21,Olympia
21274,Seth,Scott,Seth Scott,MALE,2023-09-14,Novato
21275,Abigail,Cox,Abigail Cox,FEMALE,2023-10-16,Novato
21276,Ian,Coleman,Ian Coleman,MALE,2023-10-12,Metchosin
21277,Lucas,Thompson,Lucas Thompson,MALE,2023-10-12,Shawnee
21278,Julia,King,Julia King,FEMALE,2023-12-30,Beaverton
21279,Linda,Rousey,Linda Rousey,FEMALE,2023-08-01,Seaford
21280,Justin,Walker,Justin Walker,MALE,2023-12-10,Burien
21281,Andrea,Hill,Andrea Hill,FEMALE,2023-10-28,Chula Vista
21282,Julia,Smith,Julia Smith,FEMALE,2023-10-09,Fremont
21283,Orlando,Jiménez,Orlando Jiménez,MALE,2023-04-14,Townsville
21284,Cody,Stewart,Cody Stewart,MALE,2022-08-06,Shawnee
21285,Mackenzie,Rivera,Mackenzie Rivera,FEMALE,2023-05-16,Corvallis
21286,Luke,Roy,Luke Roy,MALE,2023-11-15,Beverly Hills
21287,Kendra,Jimenez,Kendra Jimenez,FEMALE,2023-08-15,Chula Vista
21288,Hunter,Hall,Hunter Hall,MALE,2023-04-27,Palo Alto
21289,Warren,Wang,Warren Wang,MALE,2023-11-12,Burien
21290,Angel,Torres,Angel Torres,MALE,2023-11-17,Lake Oswego
21291,Rachel,Morris,Rachel Morris,FEMALE,2023-12-19,Lynnwood
21292,Austin,Martinez,Austin Martinez,MALE,2023-09-02,W. Linn
21293,Ashley,Garcia,Ashley Garcia,FEMALE,2023-12-17,Concord
21294,David,Foster,David Foster,MALE,2023-04-12,Redwood City
21295,Benjamin,Thomas,Benjamin Thomas,MALE,2023-11-08,N. Vancouver
21296,Luis,Hall,Luis Hall,MALE,2024-01-16,Ballard
21297,Melanie,Murphy,Melanie Murphy,FEMALE,2023-12-16,Lake Oswego
21298,Noah,Collins,Noah Collins,MALE,2023-03-26,Lebanon
21299,Hannah,Gonzales,Hannah Gonzales,FEMALE,2023-03-03,Marysville
21300,Kaylee,Morgan,Kaylee Morgan,FEMALE,2023-01-14,Fremont
21301,Sierra,Gonzalez,Sierra Gonzalez,FEMALE,2024-01-19,Corvallis
21302,Logan,Foster,Logan Foster,MALE,2023-05-22,Milwaukie
21303,Sydney,Jenkins,Sydney Jenkins,FEMALE,2023-07-28,Torrance
21304,Jada,Cooper,Jada Cooper,FEMALE,2023-05-22,Issaquah
21305,Hunter,Garcia,Hunter Garcia,MALE,2022-08-15,Shawnee
21306,Jackson,Perry,Jackson Perry,MALE,2023-12-05,Langford
21307,Olivia,Jones,Olivia Jones,FEMALE,2023-03-30,El Cajon
21308,Kayla,Garcia,Kayla Garcia,FEMALE,2023-12-09,Sooke
21309,Julia,Anderson,Julia Anderson,FEMALE,2023-02-09,San Gabriel
21310,Mariah,Hayes,Mariah Hayes,FEMALE,2023-03-02,Los Angeles
21311,Jennifer,Ramirez,Jennifer Ramirez,FEMALE,2022-08-09,Royal Oak
21312,Connor,Scott,Connor Scott,MALE,2023-07-30,Lebanon
21313,Beth,Diaz,Beth Diaz,FEMALE,2023-05-20,Chula Vista
21314,Devin,Patterson,Devin Patterson,MALE,2023-12-26,Sedro Woolley
21315,Audrey,Sanz,Audrey Sanz,FEMALE,2023-06-12,Burbank
21316,John,Thompson,John Thompson,MALE,2023-10-13,San Carlos
21317,Lauren,Rivera,Lauren Rivera,FEMALE,2023-06-24,San Diego
21318,Devin,Richardson,Devin Richardson,MALE,2023-09-28,Langford
21319,Zachary,Lee,Zachary Lee,MALE,2023-11-28,Bellingham
21320,Hannah,Coleman,Hannah Coleman,FEMALE,2023-09-16,Bellingham
21321,Jon,Jai,Jon Jai,MALE,2023-03-15,Burien
21322,Carlos,Ramirez,Carlos Ramirez,MALE,2023-08-21,Lebanon
21323,Robert,Jackson,Robert Jackson,MALE,2023-06-19,Port Orchard
21324,Chloe,Baker,Chloe Baker,FEMALE,2023-04-20,Beverly Hills
21325,Angela,Hayes,Angela Hayes,FEMALE,2023-04-24,El Cajon
21326,Andrea,Green,Andrea Green,FEMALE,2023-06-17,Redwood City
21327,Connor,Washington,Connor Washington,MALE,2023-06-20,Torrance
21328,Xavier,Nelson,Xavier Nelson,MALE,2023-07-08,Oakland
21329,Wyatt,Brown,Wyatt Brown,MALE,2023-10-11,Redwood City
21330,Isabella,Clark,Isabella Clark,FEMALE,2023-10-17,Redwood City
21331,Timothy,James,Timothy James,MALE,2022-08-03,N. Vancouver
21332,Bailey,Carter,Bailey Carter,FEMALE,2022-08-23,Langford
21333,Mackenzie,Allen,Mackenzie Allen,FEMALE,2023-07-10,Woodburn
21334,Mason,Nelson,Mason Nelson,MALE,2023-08-04,Los Angeles
21335,Ana,Coleman,Ana Coleman,FEMALE,2023-08-04,Burien
21336,Angel,Perez,Angel Perez,MALE,2022-09-13,Langford
21337,Jennifer,Smith,Jennifer Smith,FEMALE,2023-08-20,Bellingham
21338,Victoria,Price,Victoria Price,FEMALE,2023-08-13,Berkeley
21339,Haley,Barnes,Haley Barnes,FEMALE,2023-02-03,Westminster
21340,Adam,Wang,Adam Wang,MALE,2023-05-09,Spokane
21341,Louis,Liu,Louis Liu,MALE,2024-01-07,Concord
21342,Tonya,Xie,Tonya Xie,FEMALE,2023-08-07,Beverly Hills
21343,Colin,Zeng,Colin Zeng,MALE,2023-08-30,Burbank
21344,Trevor,Perry,Trevor Perry,MALE,2023-09-15,Lemon Grove
21345,Kristina,Martinez,Kristina Martinez,FEMALE,2023-08-08,Cliffside
21346,Christian,Rodriguez,Christian Rodriguez,MALE,2023-07-14,Santa Cruz
21347,Alisha,Raji,Alisha Raji,FEMALE,2024-01-28,Cliffside
21348,Alexis,Patterson,Alexis Patterson,FEMALE,2022-09-01,Langley
21349,Bryan,Kelly,Bryan Kelly,MALE,2022-09-25,N. Vancouver
21350,Mindy,Sharma,Mindy Sharma,FEMALE,2023-02-23,Chula Vista
21351,James,Coleman,James Coleman,MALE,2023-10-27,Lakewood
21352,Morgan,Long,Morgan Long,FEMALE,2022-09-11,Vancouver
21353,Karen,Wu,Karen Wu,FEMALE,2023-07-14,Bothell
21354,Morgan,Bailey,Morgan Bailey,FEMALE,2022-09-08,Langley
21355,Mya,Diaz,Mya Diaz,FEMALE,2023-10-01,Marysville
21356,Gabriella,Evans,Gabriella Evans,FEMALE,2023-10-24,Lemon Grove
21357,Jada,Nelson,Jada Nelson,FEMALE,2023-09-29,Everett
21358,Cody,Reed,Cody Reed,MALE,2023-03-25,Oakland
21359,Johnny,Luo,Johnny Luo,MALE,2022-02-14,North Sydney
21360,Orlando,Gill,Orlando Gill,MALE,2023-09-09,Lavender Bay
21361,Ricky,Romero,Ricky Romero,MALE,2022-02-15,Seaford
21362,Angel,Evans,Angel Evans,MALE,2024-01-19,Sunbury
21363,Tammy,Arthur,Tammy Arthur,FEMALE,2023-04-27,Findon
21364,Charles,Gray,Charles Gray,MALE,2024-01-26,N. Vancouver
21365,Gloria,Ramos,Gloria Ramos,FEMALE,2023-04-27,Malabar
21366,Kelvin,Andersen,Kelvin Andersen,MALE,2023-02-01,Melton
21367,Cindy,Rana,Cindy Rana,FEMALE,2023-02-21,Port Macquarie
21368,Mason,Collins,Mason Collins,MALE,2023-06-29,Daly City
21369,Sarah,Rodriguez,Sarah Rodriguez,FEMALE,2023-09-29,San Diego
21370,Emmanuel,Martinez,Emmanuel Martinez,MALE,2023-07-16,Melton
21371,Ann,Patel,Ann Patel,FEMALE,2023-07-06,Milsons Point
21372,Wayne,Raje,Wayne Raje,MALE,2023-08-21,Rockhampton
21373,Clayton,Liu,Clayton Liu,MALE,2023-03-12,Seaford
21374,Stacey,Zhou,Stacey Zhou,FEMALE,2023-03-11,Sydney
21375,Carl,Sharma,Carl Sharma,MALE,2023-03-02,Sydney
21376,Paula,Ramos,Paula Ramos,FEMALE,2023-08-25,Sunbury
21377,Allison,Bailey,Allison Bailey,FEMALE,2023-06-04,Goulburn
21378,Rebekah,Diaz,Rebekah Diaz,FEMALE,2023-07-17,Hobart
21379,Colleen,Huang,Colleen Huang,FEMALE,2022-02-14,Goulburn
21380,Candace,Sara,Candace Sara,FEMALE,2022-02-11,Goulburn
21381,Francis,Ruiz,Francis Ruiz,MALE,2023-11-13,Silverwater
21382,Brad,Chander,Brad Chander,MALE,2023-02-09,Hervey Bay
21383,Ricardo,Anand,Ricardo Anand,MALE,2023-10-31,Bendigo
21384,Ronnie,Lin,Ronnie Lin,MALE,2022-02-17,North Sydney
21385,Nicole,Peterson,Nicole Peterson,FEMALE,2023-12-18,Coronado
21386,Abigail,Wood,Abigail Wood,FEMALE,2023-12-26,Fremont
21387,Nelson,Diaz,Nelson Diaz,MALE,2022-02-03,Rockhampton
21388,Nicole,Lee,Nicole Lee,FEMALE,2023-10-15,Oregon City
21389,Jamie,Sun,Jamie Sun,FEMALE,2022-02-05,Warrnambool
21390,Grant,Becker,Grant Becker,MALE,2023-12-08,Malabar
21391,Dawn,Xie,Dawn Xie,FEMALE,2023-02-05,Caloundra
21392,Kelli,Lin,Kelli Lin,FEMALE,2023-11-17,Rockhampton
21393,Candace,Arun,Candace Arun,FEMALE,2022-02-03,Cranbourne
21394,Gabriella,Parker,Gabriella Parker,FEMALE,2022-01-31,Warrnambool
21395,Alexia,Hughes,Alexia Hughes,FEMALE,2024-01-05,Bellingham
21396,Megan,Martinez,Megan Martinez,FEMALE,2023-10-02,Burien
21397,Mason,Howard,Mason Howard,MALE,2023-07-17,Olympia
21398,Ethan,Diaz,Ethan Diaz,MALE,2023-11-25,Spring Valley
21399,Ian,Hughes,Ian Hughes,MALE,2023-10-29,Woodland Hills
21400,Adam,Campbell,Adam Campbell,MALE,2022-09-14,Haney
21401,Eric,Powell,Eric Powell,MALE,2023-10-13,Lebanon
21402,Kevin,King,Kevin King,MALE,2022-02-20,Wollongong
21403,Lisa,Roy,Lisa Roy,MALE,2022-02-09,Rockhampton
21404,Julio,Sanz,Julio Sanz,MALE,2022-02-21,Hervey Bay
21405,Bonnie,Shen,Bonnie Shen,FEMALE,2023-06-27,Gold Coast
21406,Troy,Chandra,Troy Chandra,MALE,2023-03-18,Cranbourne
21407,Wesley,Lin,Wesley Lin,MALE,2023-01-28,Cranbourne
21408,Autumn,Chen,Autumn Chen,FEMALE,2022-02-09,Bendigo
21409,Johnny,Deng,Johnny Deng,MALE,2023-04-24,Melton
21410,Eric,Zhang,Eric Zhang,MALE,2023-11-14,Edmonds
21411,Maria,Kelly,Maria Kelly,FEMALE,2023-11-27,Lemon Grove
21412,Jordan,Alexander,Jordan Alexander,MALE,2023-02-05,Royal Oak
21413,Dalton,Robinson,Dalton Robinson,MALE,2023-06-24,Issaquah
21414,Aaron,Butler,Aaron Butler,MALE,2023-12-26,Lebanon
21415,Sydney,Sanchez,Sydney Sanchez,FEMALE,2023-10-11,Redmond
21416,Ryan,Butler,Ryan Butler,MALE,2023-10-21,Beverly Hills
21417,Gabrielle,Torres,Gabrielle Torres,FEMALE,2023-10-21,Burbank
21418,Alicia,Chapman,Alicia Chapman,FEMALE,2022-02-09,Brisbane
21419,Gilbert,Ma,Gilbert Ma,MALE,2023-05-22,Coronado
21420,Isabella,Carter,Isabella Carter,FEMALE,2023-10-30,Los Angeles
21421,Ashley,Ross,Ashley Ross,FEMALE,2023-07-22,Sedro Woolley
21422,Karen,Wood,Karen Wood,FEMALE,2023-11-02,Oakland
21423,Connor,Adams,Connor Adams,MALE,2022-09-20,Westminster
21424,Emily,Alexander,Emily Alexander,FEMALE,2023-10-09,El Cajon
21425,Carlos,Hall,Carlos Hall,MALE,2023-07-07,National City
21426,Jon,Raje,Jon Raje,MALE,2023-10-17,Colma
21427,Kelly,Foster,Kelly Foster,FEMALE,2023-11-28,Port Orchard
21428,Jada,Brooks,Jada Brooks,FEMALE,2023-11-22,Burien
21429,Isabella,Sandberg,Isabella Sandberg,FEMALE,2023-12-18,Portland
21430,Savannah,Morgan,Savannah Morgan,FEMALE,2023-09-14,Burbank
21431,Preston,Kapoor,Preston Kapoor,MALE,2023-12-26,Cliffside
21432,Melanie,Ward,Melanie Ward,FEMALE,2023-03-06,Everett
21433,Gerald,Martinez,Gerald Martinez,MALE,2023-08-19,Concord
21434,Isabella,Smith,Isabella Smith,FEMALE,2023-12-26,San Gabriel
21435,Connor,Alexander,Connor Alexander,MALE,2023-12-18,Santa Monica
21436,Brandi,Serrano,Brandi Serrano,FEMALE,2023-12-26,Bremerton
21437,Whitney,Sara,Whitney Sara,FEMALE,2023-12-23,Chula Vista
21438,Edward,Price,Edward Price,MALE,2023-01-10,Santa Cruz
21439,Thomas,Clark,Thomas Clark,MALE,2023-01-06,Redmond
21440,Ian,Morgan,Ian Morgan,MALE,2022-12-29,Lincoln Acres
21441,Edward,Nelson,Edward Nelson,MALE,2024-01-13,Port Hammond
21442,Savannah,Cook,Savannah Cook,FEMALE,2023-02-11,La Jolla
21443,Zoe,Morgan,Zoe Morgan,FEMALE,2023-02-26,Olympia
21444,Blake,Lopez,Blake Lopez,MALE,2023-05-25,Palo Alto
21445,Madeline,Evans,Madeline Evans,FEMALE,2023-02-28,Bellingham
21446,Jeremy,Barnes,Jeremy Barnes,MALE,2023-05-09,Vancouver
21447,Anthony,Harris,Anthony Harris,MALE,2023-07-10,Port Hammond
21448,Jenna,Nelson,Jenna Nelson,FEMALE,2023-01-20,Concord
21449,Devon,Raheem,Devon Raheem,MALE,2023-05-19,Concord
21450,Nathan,Bryant,Nathan Bryant,MALE,2023-10-29,Vancouver
21451,Jocelyn,Ross,Jocelyn Ross,FEMALE,2023-06-24,Concord
21452,Seth,Bailey,Seth Bailey,MALE,2023-06-29,Corvallis
21453,Wayne,Deng,Wayne Deng,MALE,2023-03-08,Cliffside
21454,Alvin,Goldstein,Alvin Goldstein,MALE,2023-10-29,Concord
21455,Samuel,Shan,Samuel Shan,MALE,2023-05-12,Bellingham
21456,Dalton,Gonzales,Dalton Gonzales,MALE,2023-05-07,Lebanon
21457,Jamie,Serrano,Jamie Serrano,MALE,2023-09-27,Beverly Hills
21458,Carson,Price,Carson Price,MALE,2023-06-15,Lemon Grove
21459,Luis,Alexander,Luis Alexander,MALE,2023-02-15,Torrance
21460,Jack,Carter,Jack Carter,MALE,2023-07-22,Spring Valley
21461,Elizabeth,Simmons,Elizabeth Simmons,FEMALE,2023-10-30,Port Hammond
21462,Katelyn,Nelson,Katelyn Nelson,FEMALE,2023-12-18,Newport Beach
21463,Logan,Roberts,Logan Roberts,MALE,2023-08-07,Spring Valley
21464,Miguel,Griffin,Miguel Griffin,MALE,2023-11-21,Langford
21465,Austin,Shan,Austin Shan,MALE,2023-01-10,San Francisco
21466,Austin,Jones,Austin Jones,MALE,2023-01-23,Lake Oswego
21467,David,Harris,David Harris,MALE,2023-09-18,Port Orchard
21468,Ethan,Yang,Ethan Yang,MALE,2023-09-13,Lincoln Acres
21469,Caitlin,Bell,Caitlin Bell,FEMALE,2023-01-10,El Cajon
21470,Stephanie,Jenkins,Stephanie Jenkins,FEMALE,2023-01-18,Chula Vista
21471,Marcus,Carter,Marcus Carter,MALE,2023-04-04,Langford
21472,Patrick,Ward,Patrick Ward,MALE,2023-03-05,Glendale
21473,Stacy,Rubio,Stacy Rubio,FEMALE,2023-09-16,Burien
21474,Lucas,Gray,Lucas Gray,MALE,2023-02-24,Kirkland
21475,Cassidy,Alexander,Cassidy Alexander,FEMALE,2023-10-28,Daly City
21476,Hunter,Jenkins,Hunter Jenkins,MALE,2023-10-23,Downey
21477,Katelyn,Watson,Katelyn Watson,FEMALE,2023-06-21,Mill Valley
21478,Abigail,Reed,Abigail Reed,FEMALE,2023-10-13,National City
21479,Noah,Foster,Noah Foster,MALE,2023-10-22,San Diego
21480,Alfredo,Martin,Alfredo Martin,MALE,2023-12-26,Cliffside
21481,Jose,Diaz,Jose Diaz,MALE,2023-09-07,Edmonds
21482,Haley,Flores,Haley Flores,FEMALE,2023-09-29,Lake Oswego
21483,Michelle,Bailey,Michelle Bailey,FEMALE,2023-10-16,Seattle
21484,Abigail,Coleman,Abigail Coleman,FEMALE,2023-10-09,Sedro Woolley
21485,Brandon,Clark,Brandon Clark,MALE,2023-10-20,Spokane
21486,Suzanne,Gao,Suzanne Gao,FEMALE,2023-09-29,Burbank
21487,Jacqueline,Ramirez,Jacqueline Ramirez,FEMALE,2023-01-16,Novato
21488,Madison,Henderson,Madison Henderson,FEMALE,2023-01-12,San Diego
21489,Neil,Gutierrez,Neil Gutierrez,MALE,2023-09-08,Cliffside
21490,Cole,Ward,Cole Ward,MALE,2023-11-23,Haney
21491,Joseph,Lewis,Joseph Lewis,MALE,2023-10-13,Kirkland
21492,Robert,Jai,Robert Jai,MALE,2023-05-31,Daly City
21493,Carson,Coleman,Carson Coleman,MALE,2023-12-13,San Diego
21494,Kayla,Gonzales,Kayla Gonzales,FEMALE,2023-08-11,N. Vancouver
21495,James,Hughes,James Hughes,MALE,2023-12-28,Olympia
21496,Nichole,Rai,Nichole Rai,FEMALE,2023-02-23,Beverly Hills
21497,Patrick,Cox,Patrick Cox,MALE,2023-12-08,Chula Vista
21498,Cameron,Wilson,Cameron Wilson,MALE,2023-11-14,Coronado
21499,Bailey,Ramirez,Bailey Ramirez,FEMALE,2023-11-03,San Carlos
21500,Devin,Long,Devin Long,MALE,2023-02-18,Tacoma
21501,Deb,Foster,Deb Foster,MALE,2022-08-29,Oak Bay
21502,Morgan,Clark,Morgan Clark,FEMALE,2023-10-14,Grossmont
21503,Melanie,Long,Melanie Long,FEMALE,2023-11-20,Lynnwood
21504,Chloe,Torres,Chloe Torres,FEMALE,2023-10-16,Bremerton
21505,Ronald,Gonzalez,Ronald Gonzalez,MALE,2023-11-30,Paris
21506,Randall,Gutierrez,Randall Gutierrez,MALE,2023-12-18,Poing
21507,Hunter,Smith,Hunter Smith,MALE,2023-02-04,Billericay
21508,Suzanne,Li,Suzanne Li,FEMALE,2022-11-29,Berks
21509,Michele,Lopez,Michele Lopez,FEMALE,2022-11-30,London
21510,Carol,Perry,Carol Perry,FEMALE,2023-04-02,Bottrop
21511,Richard,Sanders,Richard Sanders,MALE,2023-07-16,Peterborough
21512,Emma,Russell,Emma Russell,FEMALE,2023-09-24,Billericay
21513,Stacey,Xu,Stacey Xu,FEMALE,2023-08-20,Paris
21514,Krystal,Zhu,Krystal Zhu,FEMALE,2023-05-31,München
21515,Barbara,Yuan,Barbara Yuan,FEMALE,2023-06-06,Bracknell
21516,Larry,Serrano,Larry Serrano,MALE,2022-12-18,London
21517,Gerald,Subram,Gerald Subram,MALE,2022-12-12,London
21518,Ruben,Madan,Ruben Madan,MALE,2023-07-20,Paris
21519,Franklin,Becker,Franklin Becker,MALE,2023-06-11,Werne
21520,Seth,Baker,Seth Baker,MALE,2023-10-31,Gateshead
21521,Joanna,Romero,Joanna Romero,FEMALE,2023-08-16,Lille
21522,Morgan,Bryant,Morgan Bryant,FEMALE,2023-07-02,Paris
21523,Timothy,Green,Timothy Green,MALE,2024-01-28,Saarlouis
21524,Faith,Wood,Faith Wood,FEMALE,2024-01-28,Peterborough
21525,Victoria,Howard,Victoria Howard,FEMALE,2023-02-16,Kirkby
21526,Jonathon,Munoz,Jonathon Munoz,MALE,2023-08-22,Offenbach
21527,Sergio,Patel,Sergio Patel,MALE,2023-12-26,Les Ulis
21528,Jay,Moreno,Jay Moreno,MALE,2023-11-27,Paderborn
21529,Kristi,Martinez,Kristi Martinez,FEMALE,2023-11-24,Orleans
21530,Toni,Raman,Toni Raman,FEMALE,2023-08-08,Saint Ouen
21531,Kari,Vance,Kari Vance,FEMALE,2024-01-22,Saint-Denis
21532,Sierra,Turner,Sierra Turner,FEMALE,2023-12-23,Saarlouis
21533,Gilbert,Tang,Gilbert Tang,MALE,2023-07-04,Milton Keynes
21534,Warren,Rai,Warren Rai,MALE,2022-11-28,London
21535,Alfredo,Sandberg,Alfredo Sandberg,MALE,2023-11-13,Roissy en Brie
21536,Billy,Rubio,Billy Rubio,MALE,2023-09-18,Dresden
21537,Gloria,Navarro,Gloria Navarro,FEMALE,2023-12-09,Hamburg
21538,Tara,Luo,Tara Luo,FEMALE,2023-12-20,Bobigny
21539,Phillip,Raman,Phillip Raman,MALE,2023-09-27,Versailles
21540,Ross,Rubio,Ross Rubio,MALE,2022-12-04,London
21541,Daisy,Gutierrez,Daisy Gutierrez,FEMALE,2023-09-06,Peterborough
21542,Patricia,Vance,Patricia Vance,FEMALE,2023-12-08,Bobigny
21543,Naomi,Romero,Naomi Romero,FEMALE,2023-07-28,Les Ulis
21544,Gary,Moreno,Gary Moreno,MALE,2023-11-07,High Wycombe
21545,Michele,Schmidt,Michele Schmidt,FEMALE,2022-12-17,York
21546,Cory,Garcia,Cory Garcia,MALE,2023-09-30,Bottrop
21547,Brad,Raje,Brad Raje,MALE,2023-08-30,Gateshead
21548,Christy,Chander,Christy Chander,FEMALE,2023-09-19,London
21549,Jerome,Ruiz,Jerome Ruiz,MALE,2023-03-04,Berlin
21550,Kara,Deng,Kara Deng,FEMALE,2023-08-09,Berlin
21551,Elijah,Butler,Elijah Butler,MALE,2023-08-02,Sunbury
21552,Francis,Alvarez,Francis Alvarez,MALE,2022-02-10,Brisbane
21553,Allen,Suri,Allen Suri,MALE,2022-02-28,Townsville
21554,Molly,Rana,Molly Rana,FEMALE,2023-08-25,Goulburn
21555,Jarrod,Madan,Jarrod Madan,MALE,2022-02-20,Melbourne
21556,Gloria,Serrano,Gloria Serrano,FEMALE,2022-02-04,Silverwater
21557,Kate,Lal,Kate Lal,FEMALE,2022-02-27,Lavender Bay
21558,Nicole,Coleman,Nicole Coleman,FEMALE,2022-02-22,Goulburn
21559,Pedro,Malhotra,Pedro Malhotra,MALE,2022-02-17,Rockhampton
21560,Kristopher,Lopez,Kristopher Lopez,MALE,2022-02-19,Melbourne
21561,Albert,Navarro,Albert Navarro,MALE,2022-01-30,Matraville
21562,Drew,Jai,Drew Jai,MALE,2022-03-21,Darlinghurst
21563,Carla,Mehta,Carla Mehta,FEMALE,2023-03-01,Hawthorne
21564,Erica,Liu,Erica Liu,FEMALE,2023-05-10,Townsville
21565,Sheena,Shan,Sheena Shan,FEMALE,2023-02-17,Caloundra
21566,Jermaine,Garcia,Jermaine Garcia,MALE,2023-02-24,East Brisbane
21567,Candace,Sanchez,Candace Sanchez,FEMALE,2022-03-10,Sydney
21568,Jacquelyn,Hernandez,Jacquelyn Hernandez,FEMALE,2022-03-03,Gold Coast
21569,Brendan,Rai,Brendan Rai,MALE,2022-03-24,Lane Cove
21570,Barry,Kovár,Barry Kovár,MALE,2022-03-16,North Ryde
21571,Darryl,Yang,Darryl Yang,MALE,2022-03-12,Matraville
21572,Randall,Ramos,Randall Ramos,MALE,2022-03-07,Malabar
21573,Jimmy,Munoz,Jimmy Munoz,MALE,2023-08-09,Rhodes
21574,Fernando,Lewis,Fernando Lewis,MALE,2023-02-12,Sedro Woolley
21575,Justin,Foster,Justin Foster,MALE,2022-12-30,Fremont
21576,Benjamin,Gonzales,Benjamin Gonzales,MALE,2023-01-25,Oregon City
21577,Tiffany,Ma,Tiffany Ma,FEMALE,2023-12-03,Cliffside
21578,Jordan,Green,Jordan Green,MALE,2023-08-26,Tacoma
21579,Wyatt,Jackson,Wyatt Jackson,MALE,2023-06-03,Woodburn
21580,Mariah,Ward,Mariah Ward,FEMALE,2023-06-11,Langley
21581,Rachel,Russell,Rachel Russell,FEMALE,2023-02-06,Westminster
21582,Amber,Roberts,Amber Roberts,FEMALE,2022-10-07,Cliffside
21583,Jaclyn,Lal,Jaclyn Lal,FEMALE,2023-10-16,Casper
21584,Gavin,Bryant,Gavin Bryant,MALE,2023-10-07,Everett
21585,Trinity,Gray,Trinity Gray,FEMALE,2023-10-26,Lebanon
21586,Stephanie,Foster,Stephanie Foster,FEMALE,2023-10-23,W. Linn
21587,Jenna,Roberts,Jenna Roberts,FEMALE,2023-10-28,Bellflower
21588,Theodore,Martin,Theodore Martin,MALE,2023-11-10,Burbank
21589,Vanessa,Coleman,Vanessa Coleman,FEMALE,2022-09-29,Port Hammond
21590,Taylor,Gonzales,Taylor Gonzales,FEMALE,2023-11-10,Bellingham
21591,Clayton,Goel,Clayton Goel,MALE,2023-12-22,Colma
21592,Christina,Reed,Christina Reed,FEMALE,2023-10-27,Kirkland
21593,Marcus,Roberts,Marcus Roberts,MALE,2023-11-06,Burbank
21594,Brianna,Moore,Brianna Moore,FEMALE,2023-11-06,Fremont
21595,Juan,Ward,Juan Ward,MALE,2022-10-01,N. Vancouver
21596,Luke,Wright,Luke Wright,MALE,2023-11-21,Woodburn
21597,Jose,Jones,Jose Jones,MALE,2023-01-19,Coronado
21598,Chloe,Perez,Chloe Perez,FEMALE,2023-11-14,Yakima
21599,Sara,Lopez,Sara Lopez,FEMALE,2023-11-05,Salem
21600,Alexa,Bell,Alexa Bell,FEMALE,2022-12-31,Santa Cruz
21601,Jacqueline,Bell,Jacqueline Bell,FEMALE,2023-02-20,San Francisco
21602,Manuel,Malhotra,Manuel Malhotra,MALE,2023-02-05,Burien
21603,Seth,Barnes,Seth Barnes,MALE,2023-02-03,Bellingham
21604,Melanie,Howard,Melanie Howard,FEMALE,2023-11-14,Downey
21605,Brittney,Ye,Brittney Ye,FEMALE,2023-11-04,Burien
21606,Connor,Roberts,Connor Roberts,MALE,2023-11-06,Edmonds
21607,Bryce,Torres,Bryce Torres,MALE,2023-11-12,Edmonds
21608,David,Griffin,David Griffin,MALE,2023-02-22,Redmond
21609,Tabitha,Blanco,Tabitha Blanco,FEMALE,2023-02-04,Chula Vista
21610,Caleb,Edwards,Caleb Edwards,MALE,2023-02-27,Fremont
21611,Ethan,Wilson,Ethan Wilson,MALE,2023-02-24,Woodland Hills
21612,Spencer,Foster,Spencer Foster,MALE,2023-07-15,Salem
21613,Caleb,Powell,Caleb Powell,MALE,2022-10-17,Newton
21614,William,Thomas,William Thomas,MALE,2022-11-18,Cliffside
21615,Grace,Torres,Grace Torres,FEMALE,2023-11-04,Concord
21616,Carson,Wood,Carson Wood,MALE,2023-04-17,Burien
21617,Jennifer,Miller,Jennifer Miller,FEMALE,2024-01-20,Corvallis
21618,Elijah,Carter,Elijah Carter,MALE,2022-11-07,N. Vancouver
21619,Angela,Patterson,Angela Patterson,FEMALE,2023-02-17,Woodland Hills
21620,Mariah,Brooks,Mariah Brooks,FEMALE,2022-10-28,Haney
21621,Jordan,Parker,Jordan Parker,MALE,2022-11-20,N. Vancouver
21622,Ethan,Winston,Ethan Winston,MALE,2022-11-03,Oak Bay
21623,Connor,Diaz,Connor Diaz,MALE,2023-12-17,Port Orchard
21624,Faith,Price,Faith Price,FEMALE,2023-05-10,Tacoma
21625,Jennifer,Hall,Jennifer Hall,FEMALE,2023-08-11,Woodburn
21626,Brianna,Garcia,Brianna Garcia,FEMALE,2023-09-11,Yakima
21627,Bailey,Roberts,Bailey Roberts,FEMALE,2023-06-25,Burlingame
21628,Kelli,Xu,Kelli Xu,FEMALE,2023-09-05,Burien
21629,Thomas,Thomas,Thomas Thomas,MALE,2022-11-23,Langley
21630,Faith,Jenkins,Faith Jenkins,FEMALE,2023-02-13,Marysville
21631,Martin,Sanchez,Martin Sanchez,MALE,2023-07-14,Cliffside
21632,Jaclyn,Liang,Jaclyn Liang,FEMALE,2023-04-09,Coronado
21633,Cameron,Zhang,Cameron Zhang,MALE,2023-03-23,Puyallup
21634,Arianna,Cook,Arianna Cook,FEMALE,2023-09-19,Edmonds
21635,Christian,Lewis,Christian Lewis,MALE,2023-06-21,Palo Alto
21636,Katherine,Rivera,Katherine Rivera,FEMALE,2023-07-25,Woodland Hills
21637,Richard,Lewis,Richard Lewis,MALE,2023-11-13,San Diego
21638,Olivia,Harris,Olivia Harris,FEMALE,2023-11-07,Corvallis
21639,Anthony,Wilson,Anthony Wilson,MALE,2023-08-11,Burien
21640,Charles,Cooper,Charles Cooper,MALE,2023-07-20,Daly City
21641,Kaylee,Perez,Kaylee Perez,FEMALE,2023-11-27,Daly City
21642,Alexandra,Rodriguez,Alexandra Rodriguez,FEMALE,2022-11-05,Oak Bay
21643,Wyatt,Diaz,Wyatt Diaz,MALE,2023-11-25,Concord
21644,Sydney,Howard,Sydney Howard,FEMALE,2023-11-22,West Covina
21645,Spencer,Alexander,Spencer Alexander,MALE,2023-11-12,Walla Walla
21646,Luis,Bryant,Luis Bryant,MALE,2023-02-18,Lemon Grove
21647,Blake,Brown,Blake Brown,MALE,2023-02-10,Bremerton
21648,Ronnie,Sun,Ronnie Sun,MALE,2023-02-13,Burbank
21649,Keith,Nara,Keith Nara,MALE,2023-02-18,Concord
21650,Cedric,Zeng,Cedric Zeng,MALE,2023-02-15,Coronado
21651,Sean,Cooper,Sean Cooper,MALE,2023-03-10,Puyallup
21652,Julia,Bell,Julia Bell,FEMALE,2022-10-29,Vancouver
21653,Jose,Anderson,Jose Anderson,MALE,2023-03-29,San Gabriel
21654,Aidan,Barnes,Aidan Barnes,MALE,2023-03-16,Imperial Beach
21655,Zachary,Bryant,Zachary Bryant,MALE,2022-12-27,Newton
21656,Hannah,Hayes,Hannah Hayes,FEMALE,2023-08-16,Victoria
21657,Sara,Green,Sara Green,FEMALE,2023-04-22,Bellingham
21658,Jocelyn,Powell,Jocelyn Powell,FEMALE,2022-12-03,Vancouver
21659,Gabrielle,Jenkins,Gabrielle Jenkins,FEMALE,2021-01-16,Haney
21660,Allison,Watson,Allison Watson,FEMALE,2023-11-21,Mill Valley
21661,Terry,Champion,Terry Champion,MALE,2023-06-27,Berlin
21662,Orlando,Muñoz,Orlando Muñoz,MALE,2023-04-22,Roissy en Brie
21663,Kenneth,Goel,Kenneth Goel,MALE,2023-08-19,Stuttgart
21664,Edwin,Yuan,Edwin Yuan,MALE,2023-11-03,Roubaix
21665,Karl,Jai,Karl Jai,MALE,2023-04-21,Colomiers
21666,Leslie,Jimenez,Leslie Jimenez,FEMALE,2023-09-24,Berlin
21667,Crystal,Zhang,Crystal Zhang,FEMALE,2023-10-02,München
21668,Christina,Rogers,Christina Rogers,FEMALE,2022-12-23,Bury
21669,Jessica,Rodriguez,Jessica Rodriguez,FEMALE,2022-11-28,Cheltenham
21670,Benjamin,Lal,Benjamin Lal,MALE,2023-09-11,Lille
21671,Nicolas,Jai,Nicolas Jai,MALE,2023-04-20,Roubaix
21672,Craig,Gomez,Craig Gomez,MALE,2023-12-26,Frankfurt am Main
21673,Jésus,Gill,Jésus Gill,MALE,2023-04-28,Paris
21674,Jada,Morris,Jada Morris,FEMALE,2023-10-28,Bottrop
21675,Adriana,Rana,Adriana Rana,FEMALE,2024-01-15,Paris
21676,Valerie,Guo,Valerie Guo,FEMALE,2023-12-28,Suresnes
21677,Cedric,Chander,Cedric Chander,MALE,2023-10-29,Bobigny
21678,Alvin,Tang,Alvin Tang,MALE,2023-03-09,Milton Keynes
21679,Drew,Yuan,Drew Yuan,MALE,2023-07-13,Berkshire
21680,Ricky,Torres,Ricky Torres,MALE,2023-03-06,Salzgitter
21681,Casey,Ortega,Casey Ortega,MALE,2023-10-17,Hannover
21682,Katrina,Goel,Katrina Goel,FEMALE,2023-10-05,Bury
21683,Henry,Suri,Henry Suri,MALE,2023-07-01,York
21684,Mariah,Bennett,Mariah Bennett,FEMALE,2023-08-11,Roubaix
21685,Bailey,Green,Bailey Green,FEMALE,2023-11-26,Port Orchard
21686,Albert,Ortega,Albert Ortega,MALE,2023-07-19,Burlingame
21687,Sarah,Brown,Sarah Brown,FEMALE,2023-10-19,El Cajon
21688,Jesse,Morris,Jesse Morris,MALE,2023-03-12,San Gabriel
21689,Olivia,Simmons,Olivia Simmons,FEMALE,2023-11-13,Bellingham
21690,Samantha,Thomas,Samantha Thomas,FEMALE,2023-04-18,Cliffside
21691,Brandon,Martin,Brandon Martin,MALE,2023-04-30,Oak Bay
21692,Savannah,Ward,Savannah Ward,FEMALE,2023-07-12,Yakima
21693,Alyssa,Ashe,Alyssa Ashe,FEMALE,2023-05-31,Berkeley
21694,Bobby,Sai,Bobby Sai,MALE,2023-09-14,Berkeley
21695,Ethan,Rodriguez,Ethan Rodriguez,MALE,2023-11-27,Berkeley
21696,Gabrielle,Watson,Gabrielle Watson,FEMALE,2023-12-29,Edmonds
21697,Dalton,Powell,Dalton Powell,MALE,2023-10-21,Woodland Hills
21698,Tracy,She,Tracy She,FEMALE,2023-03-17,Concord
21699,Logan,Sharma,Logan Sharma,MALE,2023-10-30,Mill Valley
21700,Juan,Ramirez,Juan Ramirez,MALE,2023-10-30,Palo Alto
21701,Abigail,Sanders,Abigail Sanders,FEMALE,2023-06-08,Lake Oswego
21702,Paige,Gonzales,Paige Gonzales,FEMALE,2023-03-12,Shawnee
21703,Paige,Blue,Paige Blue,FEMALE,2023-09-01,Victoria
21704,Charles,Martinez,Charles Martinez,MALE,2023-11-12,Seattle
21705,Warren,Sharma,Warren Sharma,MALE,2023-12-05,Chula Vista
21706,Haley,Murphy,Haley Murphy,FEMALE,2023-08-23,Burien
21707,Cassidy,Simmons,Cassidy Simmons,FEMALE,2023-10-22,Issaquah
21708,Andrea,Brooks,Andrea Brooks,FEMALE,2023-08-04,Everett
21709,Katherine,Torres,Katherine Torres,FEMALE,2023-11-03,Oregon City
21710,Brittany,Gonzales,Brittany Gonzales,FEMALE,2021-01-21,Royal Oak
21711,Hailey,Gray,Hailey Gray,FEMALE,2023-11-05,West Covina
21712,Megan,Ross,Megan Ross,FEMALE,2023-05-06,El Cajon
21713,Jose,Parker,Jose Parker,MALE,2023-05-27,Downey
21714,Carmen,Patel,Carmen Patel,FEMALE,2024-01-02,Burien
21715,Jonathan,Ross,Jonathan Ross,MALE,2023-02-12,Walla Walla
21716,Gerald,Sara,Gerald Sara,MALE,2023-09-09,Burien
21717,Angel,King,Angel King,MALE,2024-01-28,Torrance
21718,Devin,Roberts,Devin Roberts,MALE,2023-08-26,Lincoln Acres
21719,Morgan,Torres,Morgan Torres,FEMALE,2023-10-31,Lebanon
21720,Raul,Jai,Raul Jai,MALE,2023-02-20,Burbank
21721,Sara,Campbell,Sara Campbell,FEMALE,2023-10-13,Renton
21722,Spencer,Wood,Spencer Wood,MALE,2023-11-10,Spring Valley
21723,Tiffany,Huang,Tiffany Huang,FEMALE,2023-11-22,Burlingame
21724,Mandy,Yang,Mandy Yang,FEMALE,2023-07-12,Concord
21725,Gabrielle,Cannata,Gabrielle Cannata,FEMALE,2023-07-12,Victoria
21726,Morgan,Hall,Morgan Hall,FEMALE,2023-07-14,Shawnee
21727,Arianna,Flores,Arianna Flores,FEMALE,2021-01-27,Shawnee
21728,Madison,Harris,Madison Harris,FEMALE,2023-10-31,Burien
21729,Alexandria,Morgan,Alexandria Morgan,FEMALE,2023-09-26,Spokane
21730,Noah,Campbell,Noah Campbell,MALE,2023-12-04,Burbank
21731,Alexandra,Diaz,Alexandra Diaz,FEMALE,2023-12-20,La Jolla
21732,Ian,Johnson,Ian Johnson,MALE,2023-10-14,Newton
21733,Ian,Simmons,Ian Simmons,MALE,2023-12-15,Marysville
21734,Grace,Garcia,Grace Garcia,FEMALE,2024-01-06,Long Beach
21735,Grace,Diaz,Grace Diaz,FEMALE,2023-12-27,Daly City
21736,Thomas,Thompson,Thomas Thompson,MALE,2023-11-16,Burbank
21737,Timothy,Rivera,Timothy Rivera,MALE,2023-11-03,Saint-Denis
21738,Francis,Alonso,Francis Alonso,MALE,2023-12-04,Peterborough
21739,Dale,Rai,Dale Rai,MALE,2023-04-04,Watford
21740,Taylor,Walker,Taylor Walker,FEMALE,2024-01-14,Watford
21741,Alexa,Sanders,Alexa Sanders,FEMALE,2021-01-22,N. Vancouver
21742,Katelyn,Cox,Katelyn Cox,FEMALE,2023-04-29,Langford
21743,Theresa,Rubio,Theresa Rubio,FEMALE,2023-04-29,Chula Vista
21744,Emma,Perry,Emma Perry,FEMALE,2023-09-29,Colma
21745,Isabel,Foster,Isabel Foster,FEMALE,2023-08-10,Langley
21746,Xavier,Hernandez,Xavier Hernandez,MALE,2023-11-21,Lakewood
21747,Derrick,Munoz,Derrick Munoz,MALE,2023-02-28,Burlingame
21748,Wyatt,Harris,Wyatt Harris,MALE,2023-03-04,Glendale
21749,Ashley,Williams,Ashley Williams,FEMALE,2023-11-24,Colma
21750,Carlos,Reed,Carlos Reed,MALE,2023-04-02,Coronado
21751,Logan,Jackson,Logan Jackson,MALE,2023-08-23,Lemon Grove
21752,Rafael,Li,Rafael Li,MALE,2023-12-05,Calgary
21753,Morgan,Robinson,Morgan Robinson,FEMALE,2023-04-30,Beaverton
21754,Kaitlyn,Lopez,Kaitlyn Lopez,FEMALE,2023-09-16,Salem
21755,Lucas,White,Lucas White,MALE,2023-10-15,Coronado
21756,Allison,Carter,Allison Carter,FEMALE,2023-03-01,Santa Monica
21757,Elijah,Wang,Elijah Wang,MALE,2024-01-23,Kirkland
21758,Patricia,Malhotra,Patricia Malhotra,FEMALE,2023-10-13,Burien
21759,Jennifer,Moore,Jennifer Moore,FEMALE,2023-12-16,Westminster
21760,Margaret,She,Margaret She,FEMALE,2023-10-05,Concord
21761,Makayla,Sanders,Makayla Sanders,FEMALE,2023-07-16,Torrance
21762,Andrea,Hernandez,Andrea Hernandez,FEMALE,2023-01-31,Everett
21763,Madison,Brown,Madison Brown,FEMALE,2023-11-14,Redmond
21764,Nathan,Smith,Nathan Smith,MALE,2023-03-24,Newton
21765,Nathaniel,Kelly,Nathaniel Kelly,MALE,2023-06-08,Oregon City
21766,Jesse,Baker,Jesse Baker,MALE,2023-03-10,Bellflower
21767,Mariah,Ramirez,Mariah Ramirez,FEMALE,2023-08-03,Bellflower
21768,Cole,Watson,Cole Watson,MALE,2020-12-29,Metchosin
21769,Michele,Rubio,Michele Rubio,FEMALE,2023-03-03,Concord
21770,Brandon,Thomas,Brandon Thomas,MALE,2023-07-19,Renton
21771,Sheena,Shen,Sheena Shen,FEMALE,2023-07-11,Chula Vista
21772,Sarah,Patterson,Sarah Patterson,FEMALE,2023-09-21,Portland
21773,Alyssa,Rogers,Alyssa Rogers,FEMALE,2023-05-27,Beaverton
21774,Brian,James,Brian James,MALE,2023-12-12,Torrance
21775,Sean,Ramirez,Sean Ramirez,MALE,2023-03-31,Newport Beach
21776,Daniel,Thompson,Daniel Thompson,MALE,2023-05-02,Kirkland
21777,Emily,Gonzales,Emily Gonzales,FEMALE,2023-11-24,Sooke
21778,Louis,Shen,Louis Shen,MALE,2023-10-18,Burien
21779,Maurice,Black,Maurice Black,MALE,2023-12-19,Concord
21780,Pedro,Gonzalez,Pedro Gonzalez,MALE,2023-04-06,Concord
21781,Jared,Rivera,Jared Rivera,MALE,2023-11-04,Lynnwood
21782,Blake,Martin,Blake Martin,MALE,2023-04-28,Beaverton
21783,Kate,Goel,Kate Goel,FEMALE,2023-02-25,Burien
21784,Mackenzie,Hernandez,Mackenzie Hernandez,FEMALE,2023-05-14,Edmonds
21785,Tabitha,Rodriguez,Tabitha Rodriguez,FEMALE,2023-11-22,Chula Vista
21786,Alexis,Bennett,Alexis Bennett,FEMALE,2023-08-29,El Cajon
21787,Rebecca,Allen,Rebecca Allen,FEMALE,2023-02-19,Grossmont
21788,Spencer,Barnes,Spencer Barnes,MALE,2023-11-26,La Jolla
21789,Lauren,Griffin,Lauren Griffin,FEMALE,2023-05-07,National City
21790,James,Diaz,James Diaz,MALE,2023-06-09,San Carlos
21791,Richard,Price,Richard Price,MALE,2023-03-29,San Gabriel
21792,Cassidy,Butler,Cassidy Butler,FEMALE,2023-11-30,Victoria
21793,Kaylee,Scott,Kaylee Scott,FEMALE,2023-11-26,Oregon City
21794,Alyssa,James,Alyssa James,FEMALE,2023-11-01,Downey
21795,Tristan,Bennett,Tristan Bennett,MALE,2023-03-12,San Gabriel
21796,Emma,Ward,Emma Ward,FEMALE,2023-08-18,Sooke
21797,Kelvin,Gao,Kelvin Gao,MALE,2023-11-03,Bellingham
21798,Jade,Sanders,Jade Sanders,FEMALE,2023-11-11,Lebanon
21799,Angel,Cook,Angel Cook,MALE,2023-07-30,Lebanon
21800,Heidi,Raman,Heidi Raman,FEMALE,2023-09-04,Concord
21801,Kaylee,Cooper,Kaylee Cooper,FEMALE,2023-08-05,Palo Alto
21802,Lucas,Roberts,Lucas Roberts,MALE,2023-04-01,Spring Valley
21803,Emily,Thomas,Emily Thomas,FEMALE,2023-10-26,Cliffside
21804,Brooke,Cook,Brooke Cook,FEMALE,2023-07-24,Port Orchard
21805,Lucas,Russell,Lucas Russell,MALE,2023-04-15,Renton
21806,Kelvin,Xie,Kelvin Xie,MALE,2023-09-11,Burbank
21807,Amanda,Campbell,Amanda Campbell,FEMALE,2023-11-13,Colma
21808,Amanda,Green,Amanda Green,FEMALE,2023-11-01,Downey
21809,Sydney,Thompson,Sydney Thompson,FEMALE,2023-10-11,Lakewood
21810,Justin,Miller,Justin Miller,MALE,2023-03-01,Spring Valley
21811,Olivia,Williams,Olivia Williams,FEMALE,2023-11-27,Colma
21812,Adrian,Bailey,Adrian Bailey,MALE,2023-11-13,Seattle
21813,Dalton,Brown,Dalton Brown,MALE,2021-02-15,Shawnee
21814,Noah,Edwards,Noah Edwards,MALE,2023-07-10,W. Linn
21815,Gabrielle,Green,Gabrielle Green,FEMALE,2023-04-05,Shawnee
21816,Jackson,Roberts,Jackson Roberts,MALE,2023-07-01,Saarlouis
21817,Jerome,Carlson,Jerome Carlson,MALE,2023-10-26,Watford
21818,Willie,Chander,Willie Chander,MALE,2023-05-02,Orly
21819,Chloe,Howard,Chloe Howard,FEMALE,2023-03-09,Tremblay-en-France
21820,Priscilla,Nath,Priscilla Nath,FEMALE,2023-08-09,Villeneuve-d'Ascq
21821,Clayton,Tang,Clayton Tang,MALE,2023-07-27,Bonn
21822,Gregory,Yuan,Gregory Yuan,MALE,2023-05-27,York
21823,Lacey,She,Lacey She,FEMALE,2023-09-25,Berlin
21824,Warren,She,Warren She,MALE,2023-12-10,London
21825,Randy,Zhou,Randy Zhou,MALE,2023-12-29,Berlin
21826,Abigail,Russell,Abigail Russell,FEMALE,2023-11-14,Ingolstadt
21827,Mallory,Gutierrez,Mallory Gutierrez,FEMALE,2023-12-19,Neunkirchen
21828,Megan,Gonzales,Megan Gonzales,FEMALE,2023-12-11,Paderborn
21829,Carolyn,Rana,Carolyn Rana,FEMALE,2023-10-12,W. York
21830,Briana,Alonso,Briana Alonso,FEMALE,2023-06-10,Warrington
21831,Yolanda,Anand,Yolanda Anand,FEMALE,2023-10-06,Roubaix
21832,Pedro,Gill,Pedro Gill,MALE,2024-01-15,Roncq
21833,Terrance,Gonzalez,Terrance Gonzalez,MALE,2023-12-09,Duesseldorf
21834,Jillian,Mehta,Jillian Mehta,FEMALE,2023-10-02,Hof
21835,Susan,Sun,Susan Sun,FEMALE,2023-12-09,Saarlouis
21836,Kristi,Raman,Kristi Raman,FEMALE,2023-07-26,Werne
21837,Megan,Alexander,Megan Alexander,FEMALE,2024-01-04,Frankfurt
21838,Gerald,Ruiz,Gerald Ruiz,MALE,2023-06-11,Poing
21839,Billy,Diaz,Billy Diaz,MALE,2023-08-27,Kirkby
21840,Stacey,Ma,Stacey Ma,FEMALE,2023-02-02,Maidenhead
21841,Lindsay,Nath,Lindsay Nath,FEMALE,2023-07-19,York
21842,Neil,Navarro,Neil Navarro,MALE,2023-09-13,Hamburg
21843,Erica,He,Erica He,FEMALE,2023-04-06,Leipzig
21844,James,Long,James Long,MALE,2023-07-28,Hof
21845,Cameron,Miller,Cameron Miller,MALE,2023-03-29,Metz
21846,Kevin,Patterson,Kevin Patterson,MALE,2023-03-15,Ingolstadt
21847,Dominic,Madan,Dominic Madan,MALE,2023-07-24,London
21848,Jerry,Raje,Jerry Raje,MALE,2023-06-15,London
21849,Todd,Chow,Todd Chow,MALE,2023-03-22,Saint Ouen
21850,Bruce,Subram,Bruce Subram,MALE,2023-09-23,Paris
21851,Stuart,Railson,Stuart Railson,MALE,2023-03-25,Frankfurt
21852,Eduardo,Johnson,Eduardo Johnson,MALE,2023-08-12,Kassel
21853,Stacy,Gutierrez,Stacy Gutierrez,FEMALE,2023-08-31,Saarlouis
21854,Theresa,Schmidt,Theresa Schmidt,FEMALE,2023-10-30,London
21855,Paula,Martin,Paula Martin,FEMALE,2023-08-19,Woolston
21856,Emmanuel,Sanchez,Emmanuel Sanchez,MALE,2023-10-20,Lancaster
21857,Jay,Dominguez,Jay Dominguez,MALE,2023-01-24,London
21858,Curtis,Lin,Curtis Lin,MALE,2023-01-20,London
21859,Monica,Kim,Monica Kim,FEMALE,2023-08-18,Colombes
21860,Jacquelyn,Gill,Jacquelyn Gill,FEMALE,2023-08-03,Les Ulis
21861,Kari,Romero,Kari Romero,FEMALE,2023-01-31,Paris
21862,Michele,Prasad,Michele Prasad,FEMALE,2023-05-23,Roissy en Brie
21863,Shawna,Anand,Shawna Anand,FEMALE,2023-04-08,München
21864,Martin,Lopez,Martin Lopez,MALE,2023-06-28,Billericay
21865,Kathryn,Andersen,Kathryn Andersen,FEMALE,2023-05-30,London
21866,Shannon,Zhu,Shannon Zhu,FEMALE,2023-10-23,Cergy
21867,Michael,Ruggiero,Michael Ruggiero,MALE,2023-09-09,Saint-Denis
21868,Aimee,Ma,Aimee Ma,FEMALE,2023-02-05,Berlin
21869,Tina,Prasad,Tina Prasad,FEMALE,2023-12-01,Bonn
21870,Jenny,Raji,Jenny Raji,FEMALE,2023-11-14,Runcorn
21871,Devin,Adams,Devin Adams,MALE,2023-12-04,Cranbourne
21872,Alisha,Lal,Alisha Lal,FEMALE,2023-09-17,Silverwater
21873,Kellie,Navarro,Kellie Navarro,FEMALE,2022-03-23,Lane Cove
21874,Brandi,Suarez,Brandi Suarez,FEMALE,2022-03-18,Port Macquarie
21875,Cedric,Nara,Cedric Nara,MALE,2022-03-02,Silverwater
21876,Philip,Rubio,Philip Rubio,MALE,2022-03-21,Newcastle
21877,Clarence,Xu,Clarence Xu,MALE,2022-03-17,Coffs Harbour
21878,Bryant,Rana,Bryant Rana,MALE,2022-03-13,Newcastle
21879,Louis,Ma,Louis Ma,MALE,2023-10-14,Cranbourne
21880,Marc,Gomez,Marc Gomez,MALE,2023-08-31,Cranbourne
21881,Nicole,Lewis,Nicole Lewis,FEMALE,2023-09-18,Caloundra
21882,Jay,Ramos,Jay Ramos,MALE,2022-03-29,Gold Coast
21883,Patricia,Kapoor,Patricia Kapoor,FEMALE,2023-02-02,Sunbury
21884,Tabitha,Gutierrez,Tabitha Gutierrez,FEMALE,2023-10-06,Sydney
21885,Rafael,Xu,Rafael Xu,MALE,2022-03-16,Port Macquarie
21886,Jill,Carlson,Jill Carlson,FEMALE,2022-03-11,Newcastle
21887,Ashley,White,Ashley White,FEMALE,2023-02-04,Hobart
21888,Evan,Edwards,Evan Edwards,MALE,2022-03-05,Gold Coast
21889,Sheila,Navarro,Sheila Navarro,FEMALE,2022-03-10,Goulburn
21890,Tiffany,Zeng,Tiffany Zeng,FEMALE,2023-07-27,Darlinghurst
21891,Dawn,Nara,Dawn Nara,FEMALE,2022-03-17,Lane Cove
21892,Joan,Hernandez,Joan Hernandez,FEMALE,2022-03-08,Springwood
21893,Brandi,Hernandez,Brandi Hernandez,FEMALE,2022-03-02,Malabar
21894,David,Li,David Li,MALE,2022-03-25,Hobart
21895,Kaylee,Gonzalez,Kaylee Gonzalez,FEMALE,2022-03-05,Gold Coast
21896,Roy,Subram,Roy Subram,MALE,2023-06-06,Geelong
21897,Francisco,Subram,Francisco Subram,MALE,2022-03-28,St. Leonards
21898,Devon,Raji,Devon Raji,MALE,2023-11-02,Cranbourne
21899,Marie,Vazquez,Marie Vazquez,FEMALE,2022-03-03,Lavender Bay
21900,Robert,Jones,Robert Jones,MALE,2023-06-02,Beaverton
21901,Elizabeth,Taylor,Elizabeth Taylor,FEMALE,2024-01-02,Lake Oswego
21902,Natalie,James,Natalie James,FEMALE,2023-11-02,Glendale
21903,Fernando,Jenkins,Fernando Jenkins,MALE,2023-03-17,Santa Cruz
21904,Chase,Sandberg,Chase Sandberg,MALE,2023-09-06,Langley
21905,Pedro,Hernandez,Pedro Hernandez,MALE,2023-07-18,Bellingham
21906,Miranda,Simmons,Miranda Simmons,FEMALE,2023-08-20,Bellingham
21907,Jordan,Hall,Jordan Hall,FEMALE,2023-09-12,Everett
21908,Isabel,Hayes,Isabel Hayes,FEMALE,2023-08-12,Oregon City
21909,Allison,Ward,Allison Ward,FEMALE,2023-03-13,Palo Alto
21910,Rebekah,Perez,Rebekah Perez,FEMALE,2023-12-14,Bonn
21911,Joan,Ross,Joan Ross,FEMALE,2023-07-08,Saint-Denis
21912,Colleen,Kumar,Colleen Kumar,FEMALE,2023-05-12,Dunkerque
21913,Arthur,Blanco,Arthur Blanco,MALE,2023-12-22,Morangis
21914,Emily,Brown,Emily Brown,FEMALE,2023-04-20,Hof
21915,Tristan,Wood,Tristan Wood,MALE,2023-03-11,San Francisco
21916,Jesse,Evans,Jesse Evans,MALE,2023-08-14,Vancouver
21917,Dalton,Johnson,Dalton Johnson,MALE,2023-06-03,Redwood City
21918,Carol,Serrano,Carol Serrano,FEMALE,2023-01-30,Concord
21919,Melissa,Howard,Melissa Howard,FEMALE,2023-11-24,Bremerton
21920,Destiny,Bennett,Destiny Bennett,FEMALE,2023-11-24,Lemon Grove
21921,Lucas,Collins,Lucas Collins,MALE,2021-02-20,Oak Bay
21922,Bailey,Ward,Bailey Ward,FEMALE,2023-11-06,Torrance
21923,Justin,Williams,Justin Williams,MALE,2023-12-06,Seattle
21924,Eduardo,Cook,Eduardo Cook,MALE,2023-12-26,Yakima
21925,Tabitha,Dominguez,Tabitha Dominguez,FEMALE,2024-01-01,Cliffside
21926,Melanie,Henderson,Melanie Henderson,FEMALE,2023-12-08,Woodburn
21927,Meredith,Browning,Meredith Browning,FEMALE,2023-12-24,Colma
21928,Karl,Luo,Karl Luo,MALE,2023-12-08,Colma
21929,Karen,Perry,Karen Perry,FEMALE,2023-12-05,Coronado
21930,Marissa,Perry,Marissa Perry,FEMALE,2023-12-12,Glendale
21931,Marcus,Wood,Marcus Wood,MALE,2023-12-12,San Francisco
21932,Leonard,Kumar,Leonard Kumar,MALE,2023-12-17,Colma
21933,Nicole,Martin,Nicole Martin,FEMALE,2023-11-23,San Carlos
21934,Jennifer,Cox,Jennifer Cox,FEMALE,2023-08-19,Glendale
21935,Victoria,Simmons,Victoria Simmons,FEMALE,2024-01-02,Walla Walla
21936,Emma,Reed,Emma Reed,FEMALE,2023-09-01,Burbank
21937,Morgan,Ross,Morgan Ross,FEMALE,2023-12-05,San Diego
21938,Savannah,Hall,Savannah Hall,FEMALE,2023-08-13,Milwaukie
21939,Thomas,Roberts,Thomas Roberts,MALE,2021-02-09,Langford
21940,Alejandro,Sharma,Alejandro Sharma,MALE,2023-03-21,Coronado
21941,Gail,Moore,Gail Moore,FEMALE,2023-12-01,Santa Monica
21942,Julia,Roberts,Julia Roberts,FEMALE,2023-03-04,Lynnwood
21943,Cindy,Mehta,Cindy Mehta,FEMALE,2022-03-23,Wollongong
21944,Daisy,Jiménez,Daisy Jiménez,FEMALE,2022-03-15,Matraville
21945,Pearlie,Rusek,Pearlie Rusek,FEMALE,2022-03-02,Seaford
21946,Michele,Deng,Michele Deng,FEMALE,2022-03-09,Port Macquarie
21947,Diane,Romero,Diane Romero,FEMALE,2022-03-23,Seaford
21948,Ann,Madan,Ann Madan,FEMALE,2022-03-03,Findon
21949,Clayton,Chavez,Clayton Chavez,MALE,2022-03-24,Cloverdale
21950,Armando,Hernandez,Armando Hernandez,MALE,2022-03-13,Goulburn
21951,Orlando,Hernandez,Orlando Hernandez,MALE,2022-03-07,Gold Coast
21952,Latasha,Vazquez,Latasha Vazquez,FEMALE,2023-05-28,Geelong
21953,Marvin,Vazquez,Marvin Vazquez,MALE,2023-04-21,Melton
21954,Yolanda,Andersen,Yolanda Andersen,FEMALE,2023-12-31,Hobart
21955,Jenny,Ferrier,Jenny Ferrier,FEMALE,2022-03-15,Malabar
21956,Jay,Kapoor,Jay Kapoor,MALE,2022-03-12,Newcastle
21957,Kathryn,Shen,Kathryn Shen,FEMALE,2022-03-08,North Sydney
21958,Mallory,Blanco,Mallory Blanco,FEMALE,2022-03-24,Springwood
21959,Jimmy,Dominguez,Jimmy Dominguez,MALE,2022-03-16,Sydney
21960,Dawn,Liu,Dawn Liu,FEMALE,2023-09-13,Cranbourne
21961,Chelsea,Garcia,Chelsea Garcia,FEMALE,2023-03-02,Hawthorne
21962,Kristi,Smith,Kristi Smith,FEMALE,2023-02-27,Melton
21963,Jacquelyn,Serrano,Jacquelyn Serrano,FEMALE,2023-05-05,Milsons Point
21964,Devon,Nara,Devon Nara,MALE,2023-09-22,Caloundra
21965,Bethany,Raheem,Bethany Raheem,FEMALE,2023-11-17,Seaford
21966,Ross,Sai,Ross Sai,MALE,2022-04-17,South Melbourne
21967,Charles,Sanders,Charles Sanders,MALE,2023-11-30,Wollongong
21968,Jaime,Deng,Jaime Deng,MALE,2022-04-11,Findon
21969,Latoya,Deng,Latoya Deng,FEMALE,2022-04-27,Malabar
21970,Jada,Rivera,Jada Rivera,FEMALE,2023-11-15,Warrnambool
21971,Warren,Shan,Warren Shan,MALE,2023-07-12,Gold Coast
21972,Mandy,She,Mandy She,FEMALE,2023-05-28,Coffs Harbour
21973,Janet,Vazquez,Janet Vazquez,FEMALE,2023-11-26,Cloverdale
21974,Whitney,Suri,Whitney Suri,FEMALE,2022-04-28,Melton
21975,Alfredo,Ruiz,Alfredo Ruiz,MALE,2023-12-28,Perth
21976,Jacqueline,Torres,Jacqueline Torres,FEMALE,2022-04-01,Sydney
21977,Phillip,Malhotra,Phillip Malhotra,MALE,2023-06-11,St. Leonards
21978,Tracy,Deng,Tracy Deng,FEMALE,2023-04-22,Silverwater
21979,Philip,Gutierrez,Philip Gutierrez,MALE,2022-04-09,Hobart
21980,Beth,Moreno,Beth Moreno,FEMALE,2022-04-05,East Brisbane
21981,Isabella,Henderson,Isabella Henderson,FEMALE,2023-11-10,Brisbane
21982,Deborah,Lal,Deborah Lal,FEMALE,2022-04-25,Bendigo
21983,Glenn,Liang,Glenn Liang,MALE,2022-04-01,Cloverdale
21984,Kristy,Suarez,Kristy Suarez,FEMALE,2022-04-12,Lane Cove
21985,Eddie,Torres,Eddie Torres,MALE,2022-04-04,Rhodes
21986,Kristi,Chapman,Kristi Chapman,FEMALE,2022-04-09,Findon
21987,Theodore,Dominguez,Theodore Dominguez,MALE,2022-04-27,East Brisbane
21988,Alisha,Zhao,Alisha Zhao,FEMALE,2023-11-22,Port Macquarie
21989,Erik,Jimenez,Erik Jimenez,MALE,2023-03-26,Rhodes
21990,Alejandro,Rai,Alejandro Rai,MALE,2023-04-06,Rockhampton
21991,Teresa,Gill,Teresa Gill,FEMALE,2024-01-22,Seaford
21992,Alejandro,Zhang,Alejandro Zhang,MALE,2023-12-28,Warrnambool
21993,Craig,Sanz,Craig Sanz,MALE,2023-03-08,Bendigo
21994,Natasha,Ruiz,Natasha Ruiz,FEMALE,2022-04-01,Seaford
21995,Kathryn,Raji,Kathryn Raji,FEMALE,2023-08-17,Port Macquarie
21996,Amy,Gao,Amy Gao,FEMALE,2022-04-14,East Brisbane
21997,Dennis,Xu,Dennis Xu,MALE,2023-11-03,Warrnambool
21998,Erik,Hernandez,Erik Hernandez,MALE,2023-07-14,East Brisbane
21999,Julia,Barnes,Julia Barnes,FEMALE,2022-04-22,Geelong
22000,Cynthia,Chandra,Cynthia Chandra,FEMALE,2022-04-10,Hervey Bay
22001,Gregory,Chander,Gregory Chander,MALE,2023-05-04,Hobart
22002,Kristen,Chen,Kristen Chen,FEMALE,2023-08-29,Malabar
22003,Jill,Navarro,Jill Navarro,FEMALE,2023-07-07,South Melbourne
22004,Meghan,Ortega,Meghan Ortega,FEMALE,2022-04-09,Coffs Harbour
22005,Pamela,Mehta,Pamela Mehta,FEMALE,2023-12-27,Melbourne
22006,Jon,Nara,Jon Nara,MALE,2023-03-18,South Melbourne
22007,Kaylee,Hernandez,Kaylee Hernandez,FEMALE,2023-12-10,Issaquah
22008,Alisha,Ye,Alisha Ye,FEMALE,2021-02-19,Cliffside
22009,Ross,Alvarez,Ross Alvarez,MALE,2023-03-18,Coronado
22010,Henry,Lopez,Henry Lopez,MALE,2023-10-28,Burlingame
22011,Richard,Patterson,Richard Patterson,MALE,2023-11-29,Redmond
22012,Regina,Malhotra,Regina Malhotra,FEMALE,2023-06-30,Colma
22013,Marcus,Jenkins,Marcus Jenkins,MALE,2023-12-14,Milwaukie
22014,Jose,Gonzales,Jose Gonzales,MALE,2023-06-11,Haney
22015,Mary,Turner,Mary Turner,FEMALE,2023-07-08,Shawnee
22016,Terrence,Andersen,Terrence Andersen,MALE,2023-12-25,Burien
22017,Sharon,She,Sharon She,FEMALE,2023-06-05,Matraville
22018,Todd,Sun,Todd Sun,MALE,2023-06-12,Warrnambool
22019,Rachel,Bryant,Rachel Bryant,FEMALE,2023-02-27,Shawnee
22020,Jaime,Shan,Jaime Shan,MALE,2023-09-26,Geelong
22021,Ethan,White,Ethan White,MALE,2023-11-02,Renton
22022,Christopher,Davis,Christopher Davis,MALE,2023-11-12,Redwood City
22023,Rafael,Chen,Rafael Chen,MALE,2023-03-20,Beverly Hills
22024,Samuel,Chen,Samuel Chen,MALE,2023-05-03,Colma
22025,Riley,Peterson,Riley Peterson,FEMALE,2023-07-08,Coronado
22026,Bridget,Kennedy,Bridget Kennedy,FEMALE,2023-08-29,Cliffside
22027,Franklin,Luo,Franklin Luo,MALE,2023-05-11,Cliffside
22028,Jodi,Shen,Jodi Shen,FEMALE,2023-02-02,Hobart
22029,Laura,Gao,Laura Gao,FEMALE,2023-12-13,Silverwater
22030,Barbara,Shen,Barbara Shen,FEMALE,2022-04-19,Seaford
22031,Jorge,Cai,Jorge Cai,MALE,2022-04-13,Wollongong
22032,Ivan,Fernandez,Ivan Fernandez,MALE,2022-04-06,Melbourne
22033,Marshall,Zhao,Marshall Zhao,MALE,2022-04-11,Springwood
22034,Seth,Clark,Seth Clark,MALE,2023-03-31,Grossmont
22035,Ryan,Wilson,Ryan Wilson,MALE,2023-03-31,Redwood City
22036,Gabriella,Hall,Gabriella Hall,FEMALE,2023-12-16,Downey
22037,Angela,Gonzales,Angela Gonzales,FEMALE,2023-09-14,Seattle
22038,Isabella,Jackson,Isabella Jackson,FEMALE,2023-02-04,Grossmont
22039,Marissa,Simmons,Marissa Simmons,FEMALE,2023-12-13,Lemon Grove
22040,Devin,Brown,Devin Brown,MALE,2023-05-16,Woodland Hills
22041,Paige,Morris,Paige Morris,FEMALE,2021-01-29,Haney
22042,Abigail,Bryant,Abigail Bryant,FEMALE,2023-03-18,Beverly Hills
22043,Trinity,Cox,Trinity Cox,FEMALE,2023-04-06,La Jolla
22044,Connor,Young,Connor Young,MALE,2023-04-11,San Carlos
22045,Cameron,Chen,Cameron Chen,MALE,2023-04-13,Burien
22046,Jasmine,Sanders,Jasmine Sanders,FEMALE,2023-04-05,Walla Walla
22047,David,Gonzales,David Gonzales,MALE,2023-09-20,Beverly Hills
22048,Grace,Washington,Grace Washington,FEMALE,2023-04-09,San Francisco
22049,Allen,Patel,Allen Patel,MALE,2023-05-05,Berkeley
22050,Richard,Bailey,Richard Bailey,MALE,2021-02-27,Burnaby
22051,Lauren,Rogers,Lauren Rogers,FEMALE,2023-12-22,Bellingham
22052,Zachary,Butler,Zachary Butler,MALE,2023-02-09,Bellflower
22053,Jaime,Goel,Jaime Goel,MALE,2023-10-06,Berkeley
22054,Russell,Raji,Russell Raji,MALE,2023-04-12,Berkeley
22055,Hannah,Clark,Hannah Clark,FEMALE,2023-02-10,Beverly Hills
22056,Alex,Howard,Alex Howard,MALE,2023-09-07,Olympia
22057,Kyle,Ross,Kyle Ross,MALE,2024-01-11,Yakima
22058,Jake,Zukowski,Jake Zukowski,MALE,2021-03-02,Cliffside
22059,Jonathan,Johnson,Jonathan Johnson,MALE,2023-04-01,Langley
22060,Evan,Hill,Evan Hill,MALE,2023-03-07,Lake Oswego
22061,Jenny,Goel,Jenny Goel,FEMALE,2023-12-26,Cerritos
22062,Cameron,Flores,Cameron Flores,MALE,2023-12-20,Downey
22063,Joanna,Suarez,Joanna Suarez,FEMALE,2024-01-15,Malabar
22064,Lawrence,Carlson,Lawrence Carlson,MALE,2023-02-16,Sunbury
22065,Roy,Martin,Roy Martin,MALE,2023-02-26,Brisbane
22066,Paula,Munoz,Paula Munoz,FEMALE,2023-04-01,Berkeley
22067,Julia,Jackson,Julia Jackson,FEMALE,2023-04-26,Bellingham
22068,Sean,James,Sean James,MALE,2023-04-12,Beverly Hills
22069,Bailey,Reed,Bailey Reed,FEMALE,2023-07-29,Beverly Hills
22070,Eduardo,Brown,Eduardo Brown,MALE,2023-08-06,Colma
22071,Gabriel,Carter,Gabriel Carter,MALE,2023-05-07,Coronado
22072,Devin,Russell,Devin Russell,MALE,2023-03-31,Woodland Hills
22073,Timothy,Sanders,Timothy Sanders,MALE,2023-05-23,Bellingham
22074,Richard,Washington,Richard Washington,MALE,2023-04-28,W. Linn
22075,Pedro,Patel,Pedro Patel,MALE,2023-09-27,Bellflower
22076,Nelson,Vazquez,Nelson Vazquez,MALE,2023-05-26,Colma
22077,Marvin,Rubio,Marvin Rubio,MALE,2023-04-06,Concord
22078,William,Martin,William Martin,MALE,2023-04-28,Glendale
22079,Katherine,Perez,Katherine Perez,FEMALE,2023-10-09,N. Vancouver
22080,Caitlin,Sanchez,Caitlin Sanchez,FEMALE,2023-11-28,Sooke
22081,Olivia,Clark,Olivia Clark,FEMALE,2023-04-05,W. Linn
22082,Lucas,Barnes,Lucas Barnes,MALE,2023-04-13,Berkeley
22083,David,Flores,David Flores,MALE,2023-08-27,Berkeley
22084,Francis,Gomez,Francis Gomez,MALE,2023-10-08,Chula Vista
22085,Toni,Mehta,Toni Mehta,FEMALE,2023-08-05,Colma
22086,Chelsea,Sanchez,Chelsea Sanchez,FEMALE,2023-06-12,Concord
22087,Joan,Coleman,Joan Coleman,FEMALE,2023-07-10,Coronado
22088,Hannah,Diaz,Hannah Diaz,FEMALE,2023-04-14,Glendale
22089,Mason,Gray,Mason Gray,MALE,2023-04-08,Novato
22090,Alexandra,Miller,Alexandra Miller,FEMALE,2023-02-09,West Covina
22091,Kayla,Griffin,Kayla Griffin,FEMALE,2023-04-25,Lynnwood
22092,Andrea,Young,Andrea Young,FEMALE,2023-04-12,Tacoma
22093,Sydney,Baker,Sydney Baker,FEMALE,2023-05-16,Portland
22094,Jared,Watson,Jared Watson,MALE,2023-05-08,Walla Walla
22095,Brandon,Perry,Brandon Perry,MALE,2023-11-10,Victoria
22096,Bryce,Cooper,Bryce Cooper,MALE,2023-05-03,Bellingham
22097,David,Anderson,David Anderson,MALE,2023-02-16,Victoria
22098,Katherine,Brooks,Katherine Brooks,FEMALE,2023-06-28,W. Linn
22099,Joel,Schmidt,Joel Schmidt,MALE,2023-05-13,Colma
22100,Fernando,Hall,Fernando Hall,MALE,2023-08-08,Port Hammond
22101,Carol,White,Carol White,FEMALE,2023-10-06,Everett
22102,Eduardo,Cox,Eduardo Cox,MALE,2023-10-06,Salem
22103,Alexandra,Hernandez,Alexandra Hernandez,FEMALE,2023-05-23,Burlingame
22104,Richard,Adams,Richard Adams,MALE,2023-05-07,Daly City
22105,Taylor,Cooper,Taylor Cooper,FEMALE,2024-01-01,Lemon Grove
22106,Olivia,Long,Olivia Long,FEMALE,2023-05-11,Palo Alto
22107,Michael,Jones,Michael Jones,MALE,2023-06-12,Oak Bay
22108,Eduardo,Powell,Eduardo Powell,MALE,2023-04-18,Novato
22109,Jonathan,Mitchell,Jonathan Mitchell,MALE,2021-03-19,Vancouver
22110,Eduardo,King,Eduardo King,MALE,2023-12-24,Beaverton
22111,Gabriella,King,Gabriella King,FEMALE,2023-12-01,Concord
22112,Paige,Reed,Paige Reed,FEMALE,2021-03-27,Port Hammond
22113,Katherine,Garcia,Katherine Garcia,FEMALE,2023-05-17,W. Linn
22114,Lucas,Martin,Lucas Martin,MALE,2021-03-01,Cliffside
22115,Dalton,Rogers,Dalton Rogers,MALE,2023-05-07,Redmond
22116,Robert,Lopez,Robert Lopez,MALE,2023-05-28,Grossmont
22117,Sydney,Perez,Sydney Perez,FEMALE,2021-03-22,Vancouver
22118,Jennifer,Parker,Jennifer Parker,FEMALE,2021-04-22,Vancouver
22119,Hailey,Flores,Hailey Flores,FEMALE,2023-05-28,Burlingame
22120,Jennifer,Perry,Jennifer Perry,FEMALE,2021-04-28,Victoria
22121,Jackson,Henderson,Jackson Henderson,MALE,2021-05-18,Haney
22122,Rachel,Butler,Rachel Butler,FEMALE,2023-04-13,Redmond
22123,Isabella,Bailey,Isabella Bailey,FEMALE,2023-05-24,Beverly Hills
22124,Desiree,Alonso,Desiree Alonso,FEMALE,2023-11-12,Chicago
22125,Zachary,Garcia,Zachary Garcia,MALE,2023-03-11,National City
22126,Rachel,Ward,Rachel Ward,FEMALE,2023-08-20,Burlingame
22127,Marcus,Thompson,Marcus Thompson,MALE,2023-05-09,Colma
22128,Melissa,Perry,Melissa Perry,FEMALE,2021-05-26,Langford
22129,Chloe,Hall,Chloe Hall,FEMALE,2023-05-13,Beverly Hills
22130,Xavier,Bryant,Xavier Bryant,MALE,2023-05-09,San Diego
22131,Jessica,Cook,Jessica Cook,FEMALE,2023-05-19,Grossmont
22132,Rachael,Mehta,Rachael Mehta,FEMALE,2023-05-28,Colma
22133,Xavier,Adams,Xavier Adams,MALE,2023-05-19,Olympia
22134,Leonard,Raji,Leonard Raji,MALE,2023-09-25,Burbank
22135,Julia,Hernandez,Julia Hernandez,FEMALE,2023-05-06,Renton
22136,Devin,Evans,Devin Evans,MALE,2023-05-06,El Cajon
22137,Elizabeth,Griffin,Elizabeth Griffin,FEMALE,2023-12-05,Newport Beach
22138,Alexandra,Brooks,Alexandra Brooks,FEMALE,2023-04-17,Chula Vista
22139,Jaime,Pal,Jaime Pal,MALE,2023-05-12,Concord
22140,Makayla,Sanchez,Makayla Sanchez,FEMALE,2023-12-25,Renton
22141,Jesse,Carter,Jesse Carter,MALE,2023-08-26,Sooke
22142,Nelson,Alonso,Nelson Alonso,MALE,2023-03-27,Burlingame
22143,Summer,Prasad,Summer Prasad,FEMALE,2023-02-15,Cliffside
22144,Zachary,Wang,Zachary Wang,MALE,2023-07-13,Haney
22145,Eduardo,Kelly,Eduardo Kelly,MALE,2023-03-22,Berkeley
22146,Benjamin,Chen,Benjamin Chen,MALE,2023-12-11,Torrance
22147,Brett,Kapoor,Brett Kapoor,MALE,2023-08-24,Caloundra
22148,Candace,Prasad,Candace Prasad,FEMALE,2023-06-22,Cranbourne
22149,Gregory,Shen,Gregory Shen,MALE,2023-12-30,Hobart
22150,Damien,Liang,Damien Liang,MALE,2023-03-11,Townsville
22151,Neil,Jimenez,Neil Jimenez,MALE,2023-09-08,Cloverdale
22152,Marcus,King,Marcus King,MALE,2023-12-07,Long Beach
22153,Alyssa,Kelly,Alyssa Kelly,FEMALE,2023-05-28,San Gabriel
22154,Yolanda,Yuan,Yolanda Yuan,FEMALE,2023-02-04,Chalk Riber
22155,Steve,Cai,Steve Cai,MALE,2023-09-07,Sunbury
22156,Jamie,Zheng,Jamie Zheng,FEMALE,2023-03-06,Brisbane
22157,Maria,Richardson,Maria Richardson,FEMALE,2023-10-08,Beaverton
22158,Amber,Phillips,Amber Phillips,FEMALE,2023-06-06,Beaverton
22159,David,Davis,David Davis,MALE,2023-12-11,Olympia
22160,Alex,Richardson,Alex Richardson,MALE,2023-06-03,Portland
22161,Rachel,Clark,Rachel Clark,FEMALE,2023-12-20,Berkeley
22162,Brad,Yuan,Brad Yuan,MALE,2023-06-05,Burbank
22163,Morgan,Scott,Morgan Scott,FEMALE,2023-02-04,Lakewood
22164,Destiny,Morris,Destiny Morris,FEMALE,2023-06-10,Spring Valley
22165,Aaron,Perez,Aaron Perez,MALE,2023-05-18,Glendale
22166,Katherine,Gray,Katherine Gray,FEMALE,2023-06-12,Yakima
22167,Colleen,Yang,Colleen Yang,FEMALE,2023-02-10,Lane Cove
22168,Erica,Wang,Erica Wang,FEMALE,2022-04-12,Wollongong
22169,Jenny,Li,Jenny Li,FEMALE,2023-06-19,Melbourne
22170,Cynthia,Martinez,Cynthia Martinez,FEMALE,2022-04-03,Warrnambool
22171,Meredith,Gonzalez,Meredith Gonzalez,FEMALE,2022-04-24,Cranbourne
22172,Cesar,Sara,Cesar Sara,MALE,2022-04-01,Rhodes
22173,Bianca,Cai,Bianca Cai,FEMALE,2022-04-08,Rhodes
22174,Micah,Lu,Micah Lu,MALE,2022-04-11,Perth
22175,Joy,Dominguez,Joy Dominguez,FEMALE,2022-04-12,Warrnambool
22176,Alejandro,Yang,Alejandro Yang,MALE,2023-07-05,Wollongong
22177,Meghan,Suarez,Meghan Suarez,FEMALE,2023-07-13,Port Macquarie
22178,Jessica,Bell,Jessica Bell,FEMALE,2022-04-10,Port Macquarie
22179,Abby,Mehta,Abby Mehta,FEMALE,2023-06-15,Springwood
22180,Joe,Srini,Joe Srini,MALE,2022-03-31,North Ryde
22181,Gary,Romero,Gary Romero,MALE,2022-04-05,North Ryde
22182,Madeline,Parker,Madeline Parker,FEMALE,2021-05-26,Sooke
22183,Benjamin,Jones,Benjamin Jones,MALE,2023-10-17,Bremerton
22184,Jeremy,Carter,Jeremy Carter,MALE,2023-10-13,Lakewood
22185,Connor,Henderson,Connor Henderson,MALE,2023-03-26,Palo Alto
22186,Jonathan,Foster,Jonathan Foster,MALE,2023-12-23,San Carlos
22187,Hannah,Russell,Hannah Russell,FEMALE,2024-01-01,Corvallis
22188,Sarah,Barnes,Sarah Barnes,FEMALE,2023-12-20,Bellingham
22189,Linda,Hernandez,Linda Hernandez,FEMALE,2023-06-20,Burien
22190,Carlos,Richardson,Carlos Richardson,MALE,2023-10-22,Lemon Grove
22191,Jack,Adams,Jack Adams,MALE,2023-05-17,Seattle
22192,Henry,Zimmerman,Henry Zimmerman,MALE,2023-06-24,Marysville
22193,Toni,Garcia,Toni Garcia,FEMALE,2022-04-28,Seaford
22194,Bruce,Sai,Bruce Sai,MALE,2022-04-26,Lavender Bay
22195,Philip,Romero,Philip Romero,MALE,2022-04-05,Brisbane
22196,Francis,Romero,Francis Romero,MALE,2022-04-13,Townsville
22197,Larry,Dominguez,Larry Dominguez,MALE,2022-04-06,Cloverdale
22198,Frank,Hernandez,Frank Hernandez,MALE,2022-04-10,Coffs Harbour
22199,David,Lee,David Lee,MALE,2022-04-17,Geelong
22200,Martha,Ye,Martha Ye,FEMALE,2022-04-11,Matraville
22201,Lindsey,Luo,Lindsey Luo,FEMALE,2022-05-19,Townsville
22202,Roberto,Diaz,Roberto Diaz,MALE,2022-05-07,St. Leonards
22203,Alisha,Zheng,Alisha Zheng,FEMALE,2022-05-23,Seaford
22204,Dustin,Xie,Dustin Xie,MALE,2023-07-15,Hobart
22205,Bobby,Saunders,Bobby Saunders,MALE,2023-07-20,Coffs Harbour
22206,Cynthia,Rodriguez,Cynthia Rodriguez,FEMALE,2023-08-12,Caloundra
22207,Nancy,Sanchez,Nancy Sanchez,FEMALE,2022-05-05,Lane Cove
22208,Candice,Liang,Candice Liang,FEMALE,2023-03-31,Rhodes
22209,Cedric,Shen,Cedric Shen,MALE,2023-05-03,Port Macquarie
22210,Martha,Yang,Martha Yang,FEMALE,2023-06-11,North Sydney
22211,Richard,Gray,Richard Gray,MALE,2023-05-15,Olympia
22212,Kara,Xu,Kara Xu,FEMALE,2023-05-03,Darlinghurst
22213,Jay,Patel,Jay Patel,MALE,2023-02-27,Perth
22214,Sabrina,Ruiz,Sabrina Ruiz,FEMALE,2023-09-29,Geelong
22215,Samuel,Lal,Samuel Lal,MALE,2023-04-14,Lincoln Acres
22216,Marcus,Howard,Marcus Howard,MALE,2023-06-11,Spring Valley
22217,Dylan,Powell,Dylan Powell,MALE,2024-01-17,Oak Bay
22218,Christian,Bryant,Christian Bryant,MALE,2023-12-24,Bremerton
22219,Juha-Pekka,Posti,Juha-Pekka Posti,FEMALE,2023-11-22,Metchosin
22220,Brandon,Sharma,Brandon Sharma,MALE,2023-12-26,Lebanon
22221,Benjamin,Kumar,Benjamin Kumar,MALE,2023-12-14,Colma
22222,Angel,Hill,Angel Hill,MALE,2023-12-19,Torrance
22223,Gabrielle,Parker,Gabrielle Parker,FEMALE,2023-09-27,Mill Valley
22224,Katherine,Alexander,Katherine Alexander,FEMALE,2023-06-10,Chula Vista
22225,Jessica,Murphy,Jessica Murphy,FEMALE,2023-06-27,Issaquah
22226,Morgan,Sanders,Morgan Sanders,FEMALE,2023-03-18,Grossmont
22227,Barbara,Cai,Barbara Cai,FEMALE,2023-03-26,Burbank
22228,Katelyn,Gonzalez,Katelyn Gonzalez,FEMALE,2023-10-31,Everett
22229,Wyatt,Perry,Wyatt Perry,MALE,2023-12-04,Burbank
22230,Jordyn,Bennett,Jordyn Bennett,FEMALE,2021-05-26,N. Vancouver
22231,Grace,Brooks,Grace Brooks,FEMALE,2023-05-30,Glendale
22232,Paige,Brooks,Paige Brooks,FEMALE,2021-05-21,Haney
22233,Xavier,Martin,Xavier Martin,MALE,2021-05-18,Haney
22234,Katherine,Gonzalez,Katherine Gonzalez,FEMALE,2021-05-23,Shawnee
22235,Sebastian,Peterson,Sebastian Peterson,MALE,2023-12-19,Coronado
22236,Jose,Gonzalez,Jose Gonzalez,MALE,2023-12-27,Newport Beach
22237,Angel,Morris,Angel Morris,MALE,2023-07-27,Glendale
22238,Alex,Murphy,Alex Murphy,MALE,2023-12-27,Lebanon
22239,Jesse,Cook,Jesse Cook,MALE,2023-07-01,San Francisco
22240,Miguel,Powell,Miguel Powell,MALE,2023-06-04,Marysville
22241,Alexandria,Washington,Alexandria Washington,FEMALE,2023-12-11,Redmond
22242,Cameron,Walker,Cameron Walker,MALE,2023-03-06,Yakima
22243,Emma,Lewis,Emma Lewis,FEMALE,2023-12-04,Marysville
22244,Shelby,Howard,Shelby Howard,FEMALE,2023-04-05,Edmonds
22245,Evan,Lopez,Evan Lopez,MALE,2023-12-08,Lake Oswego
22246,Jacqueline,Cox,Jacqueline Cox,FEMALE,2023-12-02,Grossmont
22247,Ryan,Williams,Ryan Williams,MALE,2021-06-20,Royal Oak
22248,Gary,Ramos,Gary Ramos,MALE,2023-12-01,Beverly Hills
22249,Kevin,Chen,Kevin Chen,MALE,2023-06-27,Lemon Grove
22250,Michael,Wilson,Michael Wilson,MALE,2023-06-27,Santa Cruz
22251,Martha,She,Martha She,FEMALE,2021-06-18,Calgary
22252,Makayla,Brooks,Makayla Brooks,FEMALE,2021-06-23,Oak Bay
22253,Stephanie,Reed,Stephanie Reed,FEMALE,2023-12-28,Bremerton
22254,Fernando,Scott,Fernando Scott,MALE,2023-01-13,Marysville
22255,Nicole,Rogers,Nicole Rogers,FEMALE,2023-06-26,Seattle
22256,Edwin,Lu,Edwin Lu,MALE,2023-06-01,Chula Vista
22257,Carrie,Romero,Carrie Romero,FEMALE,2023-06-06,Concord
22258,Jessica,Reed,Jessica Reed,FEMALE,2023-06-16,Glendale
22259,Dalton,Mitchell,Dalton Mitchell,MALE,2023-01-08,Lebanon
22260,Courtney,Allen,Courtney Allen,FEMALE,2023-01-07,Salem
22261,Isaac,Allen,Isaac Allen,MALE,2022-12-28,Berkeley
22262,Marcus,Collins,Marcus Collins,MALE,2023-01-22,Mill Valley
22263,Patrick,Blue,Patrick Blue,MALE,2024-01-22,Kirkland
22264,Stephanie,Coleman,Stephanie Coleman,FEMALE,2023-06-10,Cliffside
22265,Jeremiah,Sanchez,Jeremiah Sanchez,MALE,2023-03-10,Shawnee
22266,Rachel,Sanders,Rachel Sanders,FEMALE,2023-06-26,Newport Beach
22267,Brianna,Rodriguez,Brianna Rodriguez,FEMALE,2021-06-12,Newton
22268,Alexandra,Barnes,Alexandra Barnes,FEMALE,2021-06-27,Newton
22269,Caleb,Yang,Caleb Yang,MALE,2023-07-23,Concord
22270,Antonio,Gonzales,Antonio Gonzales,MALE,2023-06-07,Glendale
22271,Connor,Mitchell,Connor Mitchell,MALE,2023-06-19,Lincoln Acres
22272,Isabella,Kelly,Isabella Kelly,FEMALE,2023-06-21,Palo Alto
22273,Patricia,Rodriguez,Patricia Rodriguez,FEMALE,2023-01-17,Chula Vista
22274,Adam,Chen,Adam Chen,MALE,2023-01-21,Tacoma
22275,Ian,Bailey,Ian Bailey,MALE,2023-02-08,Lincoln Acres
22276,Gabriella,Gray,Gabriella Gray,FEMALE,2023-02-02,San Gabriel
22277,Arianna,Torres,Arianna Torres,FEMALE,2024-01-25,Port Orchard
22278,Mariah,Gray,Mariah Gray,FEMALE,2023-03-16,N. Vancouver
22279,Riley,Kelly,Riley Kelly,FEMALE,2023-12-04,Burlingame
22280,Luis,Scott,Luis Scott,MALE,2023-05-17,Daly City
22281,Alexia,Diaz,Alexia Diaz,FEMALE,2023-02-15,Woodland Hills
22282,Jonathan,Hughes,Jonathan Hughes,MALE,2023-01-30,Lake Oswego
22283,Eduardo,Davis,Eduardo Davis,MALE,2023-08-20,Oregon City
22284,Kristy,Sanz,Kristy Sanz,FEMALE,2023-01-28,Beverly Hills
22285,Meredith,Moreno,Meredith Moreno,FEMALE,2023-07-14,Cliffside
22286,Gabriel,Hughes,Gabriel Hughes,MALE,2023-05-12,San Gabriel
22287,Megan,Griffin,Megan Griffin,FEMALE,2023-02-18,Lincoln Acres
22288,Isabel,Patterson,Isabel Patterson,FEMALE,2023-02-07,Beaverton
22289,Thomas,Long,Thomas Long,MALE,2023-02-06,Bellflower
22290,Jocelyn,Jenkins,Jocelyn Jenkins,FEMALE,2023-06-05,Seattle
22291,Carlos,Morris,Carlos Morris,MALE,2023-05-31,Berkeley
22292,Stacy,Gomez,Stacy Gomez,FEMALE,2023-06-26,Burbank
22293,Jasmine,Johnson,Jasmine Johnson,FEMALE,2023-06-06,Fremont
22294,Rachel,Brown,Rachel Brown,FEMALE,2023-06-22,Glendale
22295,Jade,Morgan,Jade Morgan,FEMALE,2023-06-23,Imperial Beach
22296,Benjamin,Johnson,Benjamin Johnson,MALE,2023-10-27,Lemon Grove
22297,Jasmine,Garcia,Jasmine Garcia,FEMALE,2023-06-16,Redwood City
22298,Marcus,Williams,Marcus Williams,MALE,2023-07-24,Spring Valley
22299,Richard,Murphy,Richard Murphy,MALE,2021-06-07,Oak Bay
22300,Kaitlyn,Price,Kaitlyn Price,FEMALE,2023-02-22,Redmond
22301,Abigail,Rodriguez,Abigail Rodriguez,FEMALE,2023-02-06,Lakewood
22302,Clayton,Guo,Clayton Guo,MALE,2023-07-10,Leeds
22303,Philip,Alonso,Philip Alonso,MALE,2023-12-14,Verrieres Le Buisson
22304,Jaime,Vazquez,Jaime Vazquez,FEMALE,2023-07-22,London
22305,Anne,Carlson,Anne Carlson,FEMALE,2024-01-05,London
22306,Ivan,Kapoor,Ivan Kapoor,MALE,2023-05-05,Paris
22307,Sarah,Ross,Sarah Ross,FEMALE,2023-10-01,Hof
22308,Cassandra,Lopez,Cassandra Lopez,FEMALE,2023-06-30,Esher-Molesey
22309,Leah,Zhou,Leah Zhou,FEMALE,2023-08-13,London
22310,Christina,Sanders,Christina Sanders,FEMALE,2023-06-24,Neunkirchen
22311,Bruce,Sara,Bruce Sara,MALE,2023-07-15,York
22312,Kristi,Mehta,Kristi Mehta,FEMALE,2023-01-11,Orleans
22313,Jarrod,Martinez,Jarrod Martinez,MALE,2023-08-03,Warrington
22314,Brandy,Patel,Brandy Patel,FEMALE,2023-08-01,Orly
22315,Darren,Raman,Darren Raman,MALE,2023-10-23,York
22316,Deanna,Sara,Deanna Sara,FEMALE,2023-05-29,Paris
22317,Karla,Nath,Karla Nath,FEMALE,2023-03-01,Solingen
22318,Ramon,Xu,Ramon Xu,MALE,2023-12-26,Bonn
22319,Jorge,Zhou,Jorge Zhou,MALE,2023-05-25,Paris
22320,Danny,Gill,Danny Gill,MALE,2023-08-06,Berkshire
22321,Alan,Zeng,Alan Zeng,MALE,2023-08-12,Woolston
22322,Roger,Zhao,Roger Zhao,MALE,2023-05-03,Bobigny
22323,Erica,Liang,Erica Liang,FEMALE,2023-01-21,Les Ulis
22324,Kari,Gill,Kari Gill,FEMALE,2023-03-28,Paris La Defense
22325,Noah,Rodriguez,Noah Rodriguez,MALE,2023-07-29,Leeds
22326,Riley,Howard,Riley Howard,FEMALE,2023-11-06,Renton
22327,Jake,Cai,Jake Cai,MALE,2023-02-16,Burien
22328,Grace,Anderson,Grace Anderson,FEMALE,2023-02-08,Burien
22329,Grace,Peterson,Grace Peterson,FEMALE,2023-02-24,Lake Oswego
22330,Jose,Walker,Jose Walker,MALE,2023-01-28,Concord
22331,Michele,Yuan,Michele Yuan,FEMALE,2024-01-15,Chula Vista
22332,Brittany,Bennett,Brittany Bennett,FEMALE,2023-06-16,Royal Oak
22333,Gabriella,Watson,Gabriella Watson,FEMALE,2023-03-04,Oregon City
22334,Juan,Serrano,Juan Serrano,MALE,2023-02-23,Burien
22335,Anthony,Taylor,Anthony Taylor,MALE,2023-03-11,Kirkland
22336,Frank,Moreno,Frank Moreno,MALE,2023-03-26,Burlingame
22337,Haley,Jenkins,Haley Jenkins,FEMALE,2023-10-14,Colma
22338,Thomas,Russell,Thomas Russell,MALE,2023-02-02,Daly City
22339,Richard,Nelson,Richard Nelson,MALE,2023-08-01,Redmond
22340,Isaac,Young,Isaac Young,MALE,2023-09-02,Santa Cruz
22341,Tristan,Washington,Tristan Washington,MALE,2024-01-27,Lake Oswego
22342,Jon,Lal,Jon Lal,MALE,2023-10-01,Burien
22343,Brittany,Powell,Brittany Powell,FEMALE,2023-04-04,Spokane
22344,Krystal,Yang,Krystal Yang,FEMALE,2023-05-28,Chula Vista
22345,Amanda,James,Amanda James,FEMALE,2023-02-17,Santa Cruz
22346,Catherine,Howard,Catherine Howard,FEMALE,2023-03-01,Beverly Hills
22347,Abigail,Long,Abigail Long,FEMALE,2023-09-18,West Covina
22348,Zoe,Torres,Zoe Torres,FEMALE,2023-05-26,Novato
22349,Mason,Morris,Mason Morris,MALE,2023-08-17,Royal Oak
22350,Riley,Powell,Riley Powell,FEMALE,2023-10-19,Seattle
22351,Sarah,Davis,Sarah Davis,FEMALE,2023-06-19,Burien
22352,Elizabeth,Moore,Elizabeth Moore,FEMALE,2023-09-07,Lakewood
22353,Amanda,Allen,Amanda Allen,FEMALE,2023-07-20,Newton
22354,Sara,King,Sara King,FEMALE,2023-07-06,Westminster
22355,Logan,Jones,Logan Jones,MALE,2023-06-04,Concord
22356,Charles,Ward,Charles Ward,MALE,2024-01-26,Glendale
22357,Justin,Lal,Justin Lal,MALE,2024-01-14,El Cajon
22358,Sydney,Butler,Sydney Butler,FEMALE,2023-05-22,El Cajon
22359,Ethan,Lee,Ethan Lee,MALE,2023-05-03,Vancouver
22360,Caleb,Collins,Caleb Collins,MALE,2023-07-27,Burien
22361,Nathan,White,Nathan White,MALE,2023-06-23,National City
22362,Austin,Russell,Austin Russell,MALE,2023-09-10,Coronado
22363,Faith,Diaz,Faith Diaz,FEMALE,2023-06-26,Haney
22364,Katherine,Jenkins,Katherine Jenkins,FEMALE,2023-07-18,San Francisco
22365,Sebastian,Richardson,Sebastian Richardson,MALE,2023-02-07,San Gabriel
22366,Logan,Henderson,Logan Henderson,MALE,2023-08-06,Sooke
22367,Jasmine,Griffin,Jasmine Griffin,FEMALE,2023-04-26,Palo Alto
22368,Edward,Ross,Edward Ross,MALE,2023-03-22,Puyallup
22369,Louis,Deng,Louis Deng,MALE,2023-06-11,Burlingame
22370,Carol,Patterson,Carol Patterson,FEMALE,2023-12-26,Lakewood
22371,Blake,Powell,Blake Powell,MALE,2023-07-28,Newton
22372,Melanie,Perry,Melanie Perry,FEMALE,2023-03-07,San Gabriel
22373,Gabrielle,Bell,Gabrielle Bell,FEMALE,2021-06-20,Port Hammond
22374,Luke,Patterson,Luke Patterson,MALE,2023-03-27,Issaquah
22375,Jasmine,Williams,Jasmine Williams,FEMALE,2023-09-12,Lemon Grove
22376,Marcus,Martin,Marcus Martin,MALE,2023-06-14,Lake Oswego
22377,Roger,Zeng,Roger Zeng,MALE,2023-10-13,Orleans
22378,Rebekah,Malhotra,Rebekah Malhotra,FEMALE,2023-04-08,Suresnes
22379,Fernando,Hayes,Fernando Hayes,MALE,2023-10-30,Tremblay-en-France
22380,Brendan,Nath,Brendan Nath,MALE,2023-04-03,Berlin
22381,Hunter,Patterson,Hunter Patterson,MALE,2023-05-18,Hof
22382,Bethany,Xu,Bethany Xu,FEMALE,2024-01-09,London
22383,Devin,Jenkins,Devin Jenkins,MALE,2023-08-01,Newcastle upon Tyne
22384,Paige,Sanchez,Paige Sanchez,FEMALE,2023-06-25,Ingolstadt
22385,Misty,Lal,Misty Lal,FEMALE,2023-09-11,Berkshire
22386,Jerome,Gill,Jerome Gill,MALE,2023-09-20,Saarbrücken
22387,Audrey,Romero,Audrey Romero,FEMALE,2023-10-15,Poing
22388,Bradley,Beck,Bradley Beck,MALE,2023-03-25,Kirkby
22389,Edwin,Luo,Edwin Luo,MALE,2024-01-12,Ingolstadt
22390,Kelvin,Zheng,Kelvin Zheng,MALE,2023-07-13,Stuttgart
22391,Angela,Watson,Angela Watson,FEMALE,2023-12-16,Saarlouis
22392,Bailey,Gray,Bailey Gray,FEMALE,2023-06-05,Bobigny
22393,Chelsea,Perez,Chelsea Perez,FEMALE,2023-01-17,München
22394,Meagan,Suri,Meagan Suri,FEMALE,2024-01-25,Pantin
22395,Jermaine,Patel,Jermaine Patel,MALE,2023-05-31,Paris
22396,Rebekah,Patel,Rebekah Patel,FEMALE,2023-08-10,West Sussex
22397,Marie,Patel,Marie Patel,FEMALE,2023-05-28,Colombes
22398,Sheila,Moreno,Sheila Moreno,FEMALE,2023-01-26,Hamburg
22399,Arthur,Fernandez,Arthur Fernandez,MALE,2022-05-17,Milsons Point
22400,Ruben,Martin,Ruben Martin,MALE,2022-04-30,South Melbourne
22401,Ian,Price,Ian Price,MALE,2022-05-17,Rockhampton
22402,Clarence,Xie,Clarence Xie,MALE,2022-05-10,Rockhampton
22403,Cedric,Beck,Cedric Beck,MALE,2023-05-05,Lane Cove
22404,Margaret,Xu,Margaret Xu,FEMALE,2022-05-28,Hobart
22405,Leonard,Becker,Leonard Becker,MALE,2023-05-07,Cloverdale
22406,Kelvin,Shen,Kelvin Shen,MALE,2022-05-27,Malabar
22407,Carolyn,Gonzalez,Carolyn Gonzalez,FEMALE,2022-05-19,Lavender Bay
22408,Clarence,Shan,Clarence Shan,MALE,2022-05-10,South Melbourne
22409,Candace,Madan,Candace Madan,FEMALE,2022-05-21,Hervey Bay
22410,Cassandra,Arthur,Cassandra Arthur,FEMALE,2022-05-05,Hervey Bay
22411,Amy,He,Amy He,FEMALE,2022-05-24,Wollongong
22412,Drew,Andersen,Drew Andersen,MALE,2022-04-30,Melbourne
22413,Kristi,Diaz,Kristi Diaz,FEMALE,2023-12-23,Paris
22414,Eugene,Wu,Eugene Wu,MALE,2023-01-08,Hamburg
22415,Natalie,Phillips,Natalie Phillips,FEMALE,2023-01-07,Solingen
22416,Tabitha,Romero,Tabitha Romero,FEMALE,2023-08-06,London
22417,Shaun,Goel,Shaun Goel,MALE,2023-09-16,Paris
22418,Jacob,Smith,Jacob Smith,MALE,2023-08-09,Bury
22419,Damien,Xu,Damien Xu,MALE,2023-09-24,Saint Germain en Laye
22420,Richard,Moore,Richard Moore,MALE,2023-05-29,Metz
22421,Barbara,Sharma,Barbara Sharma,FEMALE,2023-06-06,Berkshire
22422,Nichole,Black,Nichole Black,FEMALE,2023-09-18,Runcorn
22423,Byron,Hernandez,Byron Hernandez,MALE,2023-06-12,Paris
22424,Edwin,Rai,Edwin Rai,MALE,2023-04-07,Roissy en Brie
22425,Roy,Sullivan,Roy Sullivan,MALE,2023-10-24,Verrieres Le Buisson
22426,Heather,Zhu,Heather Zhu,FEMALE,2023-06-26,Sèvres
22427,Willie,Sharma,Willie Sharma,MALE,2023-08-29,Maidenhead
22428,Destiny,Smith,Destiny Smith,FEMALE,2023-09-22,York
22429,Jesse,Reed,Jesse Reed,MALE,2023-08-31,Newcastle upon Tyne
22430,Brad,Chande,Brad Chande,MALE,2022-12-28,Roncq
22431,Marie,Dominguez,Marie Dominguez,FEMALE,2023-03-06,Paris
22432,Bridget,Xie,Bridget Xie,FEMALE,2023-01-05,Frankfurt
22433,Miguel,Hill,Miguel Hill,MALE,2023-08-30,Watford
22434,Billy,Schmidt,Billy Schmidt,MALE,2023-10-18,London
22435,Ross,Navarro,Ross Navarro,MALE,2023-05-17,Lille
22436,Roger,Raji,Roger Raji,MALE,2023-01-15,Bonn
22437,Trisha,Zheng,Trisha Zheng,FEMALE,2023-08-19,Wokingham
22438,Casey,Jiménez,Casey Jiménez,MALE,2023-06-05,Colombes
22439,Tracy,Raji,Tracy Raji,FEMALE,2023-10-26,Runcorn
22440,Robyn,Sanz,Robyn Sanz,FEMALE,2023-06-18,Verrieres Le Buisson
22441,Andrea,Torres,Andrea Torres,FEMALE,2023-01-23,Hof
22442,Trisha,Sun,Trisha Sun,FEMALE,2023-10-27,High Wycombe
22443,Marvin,Suarez,Marvin Suarez,MALE,2023-06-02,Metz
22444,Colin,Xie,Colin Xie,MALE,2023-11-01,Frankfurt
22445,Diane,Suarez,Diane Suarez,FEMALE,2023-01-24,Colomiers
22446,Jake,Wu,Jake Wu,MALE,2023-09-17,Gloucestershire
22447,Tara,Shan,Tara Shan,FEMALE,2023-11-08,Kiel
22448,Cindy,Weber,Cindy Weber,FEMALE,2023-02-21,Morangis
22449,Heather,He,Heather He,FEMALE,2023-02-24,Roissy en Brie
22450,Audrey,Alvarez,Audrey Alvarez,FEMALE,2023-10-29,Sulzbach Taunus
22451,Barbara,Rai,Barbara Rai,FEMALE,2023-09-18,Cheltenham
22452,Carly,Deng,Carly Deng,FEMALE,2023-08-29,High Wycombe
22453,Dakota,Long,Dakota Long,MALE,2023-11-16,Darmstadt
22454,Rebekah,Raman,Rebekah Raman,FEMALE,2023-11-07,Maidenhead
22455,Roy,Kapoor,Roy Kapoor,MALE,2023-02-08,Hamburg
22456,Brittney,Guo,Brittney Guo,FEMALE,2023-10-17,Warrington
22457,Kimberly,Cooper,Kimberly Cooper,FEMALE,2023-04-23,Bury
22458,Kendra,Vazquez,Kendra Vazquez,FEMALE,2023-06-21,Verrieres Le Buisson
22459,Johnny,Xu,Johnny Xu,MALE,2023-01-20,Bonn
22460,Julio,Torres,Julio Torres,MALE,2023-10-11,London
22461,Arturo,Luo,Arturo Luo,MALE,2023-10-14,Watford
22462,Lydia,Chandra,Lydia Chandra,FEMALE,2023-02-08,Duesseldorf
22463,Raymond,Chandra,Raymond Chandra,MALE,2023-07-06,Drancy
22464,Erik,Sanz,Erik Sanz,MALE,2023-04-27,Les Ulis
22465,Arturo,Shan,Arturo Shan,MALE,2023-04-21,Suresnes
22466,Raul,Tang,Raul Tang,MALE,2023-06-30,Paris
22467,Neil,Alvarez,Neil Alvarez,MALE,2023-10-16,Maidenhead
22468,Ruben,Gonzalez,Ruben Gonzalez,MALE,2023-11-16,London
22469,Sabrina,Moreno,Sabrina Moreno,FEMALE,2023-03-15,Erlangen
22470,Carly,Tang,Carly Tang,FEMALE,2023-11-02,High Wycombe
22471,Joel,Martinez,Joel Martinez,MALE,2023-07-23,Lieusaint
22472,Bridget,Sharma,Bridget Sharma,FEMALE,2023-07-07,Morangis
22473,Clifford,Patel,Clifford Patel,MALE,2023-03-22,Berlin
22474,Leah,Zhu,Leah Zhu,FEMALE,2023-12-07,Frankfurt am Main
22475,Heidi,Rana,Heidi Rana,FEMALE,2023-04-10,Berks
22476,Shane,Martinez,Shane Martinez,MALE,2023-11-12,Saarlouis
22477,Kevin,Diaz,Kevin Diaz,MALE,2023-03-04,Kassel
22478,Carolyn,Browning,Carolyn Browning,FEMALE,2023-03-19,Salzgitter
22479,Tammy,Malhotra,Tammy Malhotra,FEMALE,2023-03-22,Hannover
22480,Abby,Gonzalez,Abby Gonzalez,FEMALE,2023-07-05,Orly
22481,Erik,Ortega,Erik Ortega,MALE,2023-03-01,Stuttgart
22482,Cassidy,Jenkins,Cassidy Jenkins,FEMALE,2024-01-08,Frankfurt
22483,Lee,Ramos,Lee Ramos,MALE,2023-12-04,Paris
22484,Kristy,Ruiz,Kristy Ruiz,FEMALE,2023-07-30,Paris
22485,Andy,Suarez,Andy Suarez,MALE,2023-10-21,Saint-Denis
22486,Jimmy,Ruiz,Jimmy Ruiz,MALE,2023-03-21,Bonn
22487,Jonathon,Gill,Jonathon Gill,MALE,2023-08-01,Tremblay-en-France
22488,Frederick,Patel,Frederick Patel,MALE,2023-04-27,Eilenburg
22489,Roger,Xie,Roger Xie,MALE,2023-12-12,Verrieres Le Buisson
22490,Desiree,Vazquez,Desiree Vazquez,FEMALE,2023-08-11,Paris La Defense
22491,Jerry,Nara,Jerry Nara,MALE,2023-02-08,Neunkirchen
22492,Jorge,She,Jorge She,MALE,2023-02-19,Solingen
22493,Dwayne,Sanz,Dwayne Sanz,MALE,2024-01-24,Münster
22494,Jon,Andersen,Jon Andersen,MALE,2023-03-07,Darmstadt
22495,Andy,Serrano,Andy Serrano,MALE,2023-08-04,Courbevoie
22496,Christina,Brooks,Christina Brooks,FEMALE,2023-10-05,Cheltenham
22497,Casey,Gomez,Casey Gomez,MALE,2023-06-01,Dresden
22498,Pedro,Jimenez,Pedro Jimenez,MALE,2023-08-11,Bobigny
22499,Dawn,Zhou,Dawn Zhou,FEMALE,2023-08-27,Sèvres
22500,Brent,Zhao,Brent Zhao,MALE,2023-05-15,Paris
22501,Colin,Ye,Colin Ye,MALE,2023-06-19,Paris
22502,Grace,Miller,Grace Miller,FEMALE,2023-08-29,Cheltenham
22503,Sandra,Zhao,Sandra Zhao,FEMALE,2023-09-09,Newcastle upon Tyne
22504,Arturo,Rai,Arturo Rai,MALE,2023-08-29,Runcorn
22505,Julie,Shen,Julie Shen,FEMALE,2023-10-31,W. York
22506,Brenda,Prasad,Brenda Prasad,FEMALE,2023-04-25,Erlangen
22507,Louis,Wang,Louis Wang,MALE,2023-06-24,Erlangen
22508,Jon,Huang,Jon Huang,MALE,2023-11-12,München
22509,Lacey,Nara,Lacey Nara,FEMALE,2023-11-09,Paderborn
22510,Lori,Gill,Lori Gill,FEMALE,2023-10-02,Runcorn
22511,Wendy,Suarez,Wendy Suarez,FEMALE,2023-07-29,Dunkerque
22512,Meagan,Mehta,Meagan Mehta,FEMALE,2023-08-12,Saint-Denis
22513,Kenneth,Anand,Kenneth Anand,MALE,2023-04-24,Colombes
22514,Marvin,Johnsen,Marvin Johnsen,MALE,2024-01-14,Paderborn
22515,Alexa,Morris,Alexa Morris,FEMALE,2023-08-10,Chatou
22516,Adrienne,Ortega,Adrienne Ortega,FEMALE,2023-06-13,Hannover
22517,Luis,Adams,Luis Adams,MALE,2023-04-19,Hof
22518,Jillian,Sai,Jillian Sai,FEMALE,2023-11-15,Reading
22519,Logan,Hughes,Logan Hughes,MALE,2023-10-31,Saarlouis
22520,Rodney,Torres,Rodney Torres,MALE,2023-10-14,London
22521,Christina,Rivera,Christina Rivera,FEMALE,2024-01-02,Frankfurt
22522,Benjamin,Hayes,Benjamin Hayes,MALE,2023-04-10,Neunkirchen
22523,Jon,Xu,Jon Xu,MALE,2023-12-19,Frankfurt
22524,Michele,Hernandez,Michele Hernandez,FEMALE,2023-06-04,Roubaix
22525,Julio,Gutierrez,Julio Gutierrez,MALE,2023-04-19,Sulzbach Taunus
22526,Jamie,Moreno,Jamie Moreno,MALE,2023-11-19,Oxford
22527,Rachel,Flores,Rachel Flores,FEMALE,2023-03-20,Dunkerque
22528,Jaime,Blanco,Jaime Blanco,FEMALE,2023-08-08,Bracknell
22529,Ross,Raman,Ross Raman,MALE,2023-08-09,Lieusaint
22530,Kelli,Jai,Kelli Jai,FEMALE,2023-09-24,Oxon
22531,Tiffany,Zhou,Tiffany Zhou,FEMALE,2023-10-02,Paris
22532,Ryan,Thomas,Ryan Thomas,MALE,2023-12-03,Stoke-on-Trent
22533,Jake,Liu,Jake Liu,MALE,2023-11-27,Hamburg
22534,Suzanne,Liang,Suzanne Liang,FEMALE,2023-12-19,Paris
22535,Rachael,Prasad,Rachael Prasad,FEMALE,2023-11-16,Esher-Molesey
22536,Brianna,Rogers,Brianna Rogers,FEMALE,2023-11-17,Oxford
22537,Xavier,Jenkins,Xavier Jenkins,MALE,2023-12-14,Paderborn
22538,Bianca,Wang,Bianca Wang,FEMALE,2024-01-24,Tremblay-en-France
22539,Randall,Sanz,Randall Sanz,MALE,2023-05-26,Woolston
22540,Latasha,Ramos,Latasha Ramos,FEMALE,2023-04-24,Billericay
22541,Stefanie,Martinez,Stefanie Martinez,FEMALE,2023-04-29,Paderborn
22542,Teresa,Alvarez,Teresa Alvarez,FEMALE,2023-10-24,Paris
22543,Jeremy,Campbell,Jeremy Campbell,MALE,2023-03-20,Portland
22544,Maria,Evans,Maria Evans,FEMALE,2023-02-04,Royal Oak
22545,Brittany,Bryant,Brittany Bryant,FEMALE,2023-08-05,Langford
22546,Nicholas,Jones,Nicholas Jones,MALE,2023-08-21,Lebanon
22547,Elijah,Flores,Elijah Flores,MALE,2023-05-07,National City
22548,Angela,Brooks,Angela Brooks,FEMALE,2024-01-02,San Carlos
22549,Isabel,Russell,Isabel Russell,FEMALE,2023-03-02,Olympia
22550,Kristopher,Rana,Kristopher Rana,MALE,2023-08-17,York
22551,Andy,Rubio,Andy Rubio,MALE,2023-10-29,München
22552,Andrea,Rusko,Andrea Rusko,FEMALE,2023-06-28,Pantin
22553,Melinda,Vazquez,Melinda Vazquez,FEMALE,2023-07-06,Oxford
22554,Gilbert,Xu,Gilbert Xu,MALE,2023-03-11,York
22555,Ethan,Taylor,Ethan Taylor,MALE,2023-09-15,Saint-Denis
22556,Oscar,Griffin,Oscar Griffin,MALE,2023-07-13,Tremblay-en-France
22557,Jason,Scott,Jason Scott,MALE,2023-07-31,Leeds
22558,Ernest,Ye,Ernest Ye,MALE,2023-05-26,Warrington
22559,Stacy,Vazquez,Stacy Vazquez,FEMALE,2023-02-13,York
22560,Casey,Jai,Casey Jai,FEMALE,2023-04-23,Billericay
22561,Katie,Nara,Katie Nara,FEMALE,2023-07-25,Croix
22562,Kelli,Li,Kelli Li,FEMALE,2023-03-14,Drancy
22563,Darren,Weber,Darren Weber,MALE,2023-09-26,Saarbrücken
22564,Autumn,Sun,Autumn Sun,FEMALE,2023-10-02,Oxon
22565,Brenda,Subram,Brenda Subram,FEMALE,2023-11-19,Frankfurt am Main
22566,Damien,Pal,Damien Pal,MALE,2023-11-26,Bracknell
22567,Glenn,Zhu,Glenn Zhu,MALE,2023-06-09,Paris
22568,Autumn,Wu,Autumn Wu,FEMALE,2023-07-17,Berlin
22569,Johnny,Goel,Johnny Goel,MALE,2023-03-19,Maidenhead
22570,Jackson,Yang,Jackson Yang,MALE,2023-11-01,Watford
22571,Armando,Vazquez,Armando Vazquez,MALE,2022-05-07,Milsons Point
22572,Karen,Cai,Karen Cai,FEMALE,2022-05-25,Wollongong
22573,Lance,Sanz,Lance Sanz,MALE,2022-05-22,Goulburn
22574,Randy,Zheng,Randy Zheng,MALE,2023-06-03,Port Macquarie
22575,Orlando,Blanco,Orlando Blanco,MALE,2022-05-01,Melbourne
22576,Tony,Xu,Tony Xu,MALE,2022-05-01,North Ryde
22577,Bryant,Sai,Bryant Sai,MALE,2022-05-29,Port Macquarie
22578,Juan,Vazquez,Juan Vazquez,MALE,2022-05-09,Seaford
22579,Kara,Lal,Kara Lal,FEMALE,2022-05-16,Port Macquarie
22580,Alexis,Long,Alexis Long,FEMALE,2022-05-02,Gold Coast
22581,Theresa,Vazquez,Theresa Vazquez,FEMALE,2022-05-10,Wollongong
22582,Evelyn,Madan,Evelyn Madan,FEMALE,2022-05-06,Townsville
22583,Troy,Sara,Troy Sara,MALE,2022-05-15,Hervey Bay
22584,Meagan,Lopez,Meagan Lopez,FEMALE,2023-06-26,Les Ulis
22585,Kelvin,He,Kelvin He,MALE,2023-05-28,Essen
22586,Derek,Shen,Derek Shen,MALE,2023-11-26,York
22587,Gina,Alonso,Gina Alonso,FEMALE,2023-05-01,München
22588,Teresa,Martin,Teresa Martin,FEMALE,2023-07-09,Gloucestershire
22589,Cynthia,Suri,Cynthia Suri,FEMALE,2023-08-27,Oxford
22590,Oscar,Hughes,Oscar Hughes,MALE,2023-05-13,Neunkirchen
22591,Jon,Becker,Jon Becker,MALE,2023-05-23,Hamburg
22592,Lindsey,Anand,Lindsey Anand,FEMALE,2023-11-16,Stoke-on-Trent
22593,Thomas,Johnson,Thomas Johnson,MALE,2023-08-26,Villeneuve-d'Ascq
22594,Gabriella,James,Gabriella James,FEMALE,2023-11-04,Billericay
22595,Nicolas,Xie,Nicolas Xie,MALE,2023-07-06,Colomiers
22596,Omar,Xu,Omar Xu,MALE,2023-11-01,London
22597,Rachael,Chandra,Rachael Chandra,FEMALE,2023-05-16,Berlin
22598,Donald,Sanchez,Donald Sanchez,MALE,2023-05-26,Berlin
22599,Philip,Gill,Philip Gill,MALE,2023-11-11,London
22600,Maurice,Kumar,Maurice Kumar,MALE,2023-12-16,Kirkby
22601,Aimee,Gao,Aimee Gao,FEMALE,2023-08-22,Orleans
22602,Kelli,Andersen,Kelli Andersen,FEMALE,2023-12-07,Wokingham
22603,Autumn,He,Autumn He,FEMALE,2023-08-27,Roubaix
22604,Wyatt,Simmons,Wyatt Simmons,MALE,2023-12-12,Leeds
22605,Derrick,Schmidt,Derrick Schmidt,MALE,2023-12-12,Watford
22606,Alfredo,Hernandez,Alfredo Hernandez,MALE,2023-05-06,Mühlheim
22607,Whitney,Gonzalez,Whitney Gonzalez,FEMALE,2023-06-13,Neunkirchen
22608,Arthur,Munoz,Arthur Munoz,MALE,2023-12-17,Bracknell
22609,Clarence,Cai,Clarence Cai,MALE,2023-06-07,Berlin
22610,Brent,Chen,Brent Chen,MALE,2023-06-04,Berlin
22611,Chad,Deng,Chad Deng,MALE,2023-11-24,Runcorn
22612,Franklin,Huang,Franklin Huang,MALE,2023-08-07,Boulogne-sur-Mer
22613,Dale,Luo,Dale Luo,MALE,2023-01-10,Oxon
22614,Tommy,Shan,Tommy Shan,MALE,2023-01-18,London
22615,Misty,Xu,Misty Xu,FEMALE,2023-06-19,Hannover
22616,Jake,Zhang,Jake Zhang,MALE,2023-11-28,Maidenhead
22617,Andres,Nath,Andres Nath,MALE,2023-12-16,Erlangen
22618,Rosa,Cai,Rosa Cai,FEMALE,2023-12-06,London
22619,Robin,Hernandez,Robin Hernandez,FEMALE,2023-12-12,Hamburg
22620,Stefanie,Suri,Stefanie Suri,FEMALE,2023-02-09,Hannover
22621,Xavier,Davis,Xavier Davis,MALE,2023-04-21,Werne
22622,Neil,Sanz,Neil Sanz,MALE,2023-08-27,London
22623,Jamie,Suarez,Jamie Suarez,MALE,2023-06-28,Stuttgart
22624,Sandra,Wu,Sandra Wu,FEMALE,2024-01-02,Roubaix
22625,Meagan,Patel,Meagan Patel,FEMALE,2023-02-25,Drancy
22626,Arturo,Anand,Arturo Anand,MALE,2023-08-07,Saint Germain en Laye
22627,Shawna,Sharma,Shawna Sharma,FEMALE,2023-06-25,Essen
22628,Marshall,Lu,Marshall Lu,MALE,2023-06-04,Duesseldorf
22629,Matthew,Rodriguez,Matthew Rodriguez,MALE,2023-06-06,Kirkby
22630,Roger,Wu,Roger Wu,MALE,2023-01-19,Esher-Molesey
22631,Theodore,Serrano,Theodore Serrano,MALE,2023-01-06,Esher-Molesey
22632,Tabitha,Perez,Tabitha Perez,FEMALE,2023-08-08,Paris
22633,Claudia,Zhao,Claudia Zhao,FEMALE,2023-05-08,Hof
22634,Giraldo,Sandoval,Giraldo Sandoval,FEMALE,2023-12-23,Kirkby
22635,Kristi,Hernandez,Kristi Hernandez,FEMALE,2023-12-10,London
22636,Stacey,Zhu,Stacey Zhu,FEMALE,2023-12-23,Peterborough
22637,Ana,Alexander,Ana Alexander,FEMALE,2023-12-05,Runcorn
22638,Kristi,Gutierrez,Kristi Gutierrez,FEMALE,2023-06-12,Solingen
22639,Lori,Munoz,Lori Munoz,FEMALE,2023-02-20,Gloucestershire
22640,Caleb,Li,Caleb Li,MALE,2023-02-13,Newcastle upon Tyne
22641,Abigail,Diaz,Abigail Diaz,FEMALE,2023-09-18,Saint-Denis
22642,Garrett,Rivera,Garrett Rivera,MALE,2023-02-14,Stoke-on-Trent
22643,Brenda,Suri,Brenda Suri,FEMALE,2023-02-22,Berkshire
22644,Marc,Ortega,Marc Ortega,MALE,2023-06-23,Hamburg
22645,Isabella,Murphy,Isabella Murphy,FEMALE,2023-09-15,Metz
22646,Cara,She,Cara She,FEMALE,2023-02-16,London
22647,Taylor,Martinez,Taylor Martinez,FEMALE,2023-08-29,Chatou
22648,Kaitlin,Srini,Kaitlin Srini,FEMALE,2023-09-06,Pantin
22649,Corey,Tang,Corey Tang,MALE,2023-09-20,Metz
22650,Kristina,Suri,Kristina Suri,FEMALE,2023-06-07,Eilenburg
22651,Frederick,Sara,Frederick Sara,MALE,2023-09-22,Les Ulis
22652,Gilbert,Shan,Gilbert Shan,MALE,2023-06-18,Kiel
22653,Carolyn,Dominguez,Carolyn Dominguez,FEMALE,2023-02-11,London
22654,Orlando,Romero,Orlando Romero,MALE,2023-09-16,Colombes
22655,Lucas,Young,Lucas Young,MALE,2023-07-16,Hof
22656,Willie,Goel,Willie Goel,MALE,2023-03-22,Leeds
22657,Clinton,Suarez,Clinton Suarez,MALE,2023-09-08,Watford
22658,Devin,Rodriguez,Devin Rodriguez,MALE,2023-11-06,Bobigny
22659,Shawna,Luo,Shawna Luo,FEMALE,2023-11-09,Hof
22660,Monica,Lopez,Monica Lopez,FEMALE,2024-01-13,Bottrop
22661,Tracy,Shan,Tracy Shan,FEMALE,2023-10-31,Colombes
22662,Tyrone,Carlson,Tyrone Carlson,MALE,2023-11-20,Kirkby
22663,Terrence,Deng,Terrence Deng,MALE,2023-09-24,Boulogne-sur-Mer
22664,Dawn,Yang,Dawn Yang,FEMALE,2023-10-08,Lille
22665,Orlando,Diaz,Orlando Diaz,MALE,2023-05-16,Hof
22666,Mayra,Srini,Mayra Srini,FEMALE,2023-06-16,München
22667,Roy,Rana,Roy Rana,MALE,2023-01-03,Gloucestershire
22668,Adrienne,Hernandez,Adrienne Hernandez,FEMALE,2023-01-16,London
22669,Lindsay,Raji,Lindsay Raji,FEMALE,2023-01-19,London
22670,Erika,Sanz,Erika Sanz,FEMALE,2023-03-14,York
22671,Wyatt,King,Wyatt King,MALE,2023-03-05,Leeds
22672,Crystal,Wu,Crystal Wu,FEMALE,2023-07-01,Kirkby
22673,Andy,Gill,Andy Gill,MALE,2023-09-14,Pantin
22674,Troy,Prasad,Troy Prasad,MALE,2023-07-02,Hof
22675,Alexandra,Winston,Alexandra Winston,FEMALE,2023-09-15,Paris
22676,Stefanie,Jordan,Stefanie Jordan,FEMALE,2023-02-23,Paris
22677,Reginald,Carlson,Reginald Carlson,MALE,2023-11-12,Hamburg
22678,Sydney,Lee,Sydney Lee,FEMALE,2023-07-16,Hof
22679,Derrick,Dominguez,Derrick Dominguez,MALE,2023-08-31,München
22680,Lee,Suarez,Lee Suarez,MALE,2023-11-18,Paderborn
22681,Tristan,Barnes,Tristan Barnes,MALE,2023-06-10,Bobigny
22682,Willie,Luo,Willie Luo,MALE,2024-01-17,Cergy
22683,David,Garcia,David Garcia,MALE,2023-05-18,Villeneuve-d'Ascq
22684,Lauren,Cooper,Lauren Cooper,FEMALE,2023-11-27,Hamburg
22685,Barbara,Ma,Barbara Ma,FEMALE,2023-07-25,Hamburg
22686,Wayne,Anand,Wayne Anand,MALE,2023-03-11,London
22687,Javier,Jiménez,Javier Jiménez,MALE,2022-12-29,London
22688,Seth,Perez,Seth Perez,MALE,2023-07-25,Ingolstadt
22689,Gilbert,Zheng,Gilbert Zheng,MALE,2023-10-15,Les Ulis
22690,Kurt,Luo,Kurt Luo,MALE,2023-10-25,Les Ulis
22691,Gerald,Raman,Gerald Raman,MALE,2023-10-17,Suresnes
22692,Paula,Alonso,Paula Alonso,FEMALE,2023-11-15,Croix
22693,Darryl,Gao,Darryl Gao,MALE,2023-02-02,Cergy
22694,Molly,Kapoor,Molly Kapoor,FEMALE,2023-07-07,Duesseldorf
22695,Darren,Martin,Darren Martin,MALE,2023-03-10,London
22696,Kari,Vazquez,Kari Vazquez,FEMALE,2023-11-15,Boulogne-sur-Mer
22697,Harold,Sara,Harold Sara,MALE,2023-03-06,Drancy
22698,Bradley,Andersen,Bradley Andersen,MALE,2023-04-13,Les Ulis
22699,Clarence,Chande,Clarence Chande,MALE,2023-11-23,Paderborn
22700,Gina,Serrano,Gina Serrano,FEMALE,2023-07-18,Berlin
22701,Anne,Navarro,Anne Navarro,FEMALE,2023-07-04,Kiel
22702,Patricia,Gonzalez,Patricia Gonzalez,FEMALE,2023-11-13,Colombes
22703,Melvin,Raji,Melvin Raji,MALE,2024-01-07,Les Ulis
22704,Bethany,Raje,Bethany Raje,FEMALE,2023-06-15,Paris
22705,Adriana,Kapoor,Adriana Kapoor,FEMALE,2023-02-11,Berlin
22706,Andy,Ruth,Andy Ruth,FEMALE,2024-01-16,Hamburg
22707,Haley,Russell,Haley Russell,FEMALE,2023-08-11,Neunkirchen
22708,Anne,Ruiz,Anne Ruiz,FEMALE,2023-09-10,Suresnes
22709,Tamara,Gao,Tamara Gao,FEMALE,2023-09-13,Dunkerque
22710,Trisha,Zhao,Trisha Zhao,FEMALE,2023-04-18,Frankfurt am Main
22711,Isaiah,Hernandez,Isaiah Hernandez,MALE,2023-07-17,Frankfurt
22712,Monique,Romero,Monique Romero,FEMALE,2023-10-20,Metz
22713,Joseph,Miller,Joseph Miller,MALE,2021-06-21,Cliffside
22714,Angelica,Alexander,Angelica Alexander,FEMALE,2023-06-25,Shawnee
22715,Marcus,Watson,Marcus Watson,MALE,2023-05-16,Sooke
22716,Caleb,Nelson,Caleb Nelson,MALE,2023-07-17,Edmonds
22717,Nicole,Watson,Nicole Watson,FEMALE,2023-07-09,Walla Walla
22718,Zachary,Simmons,Zachary Simmons,MALE,2023-07-28,Berkeley
22719,Jesse,Brooks,Jesse Brooks,MALE,2023-07-18,Concord
22720,Jonathan,Alexander,Jonathan Alexander,MALE,2023-12-26,Long Beach
22721,Colleen,Lin,Colleen Lin,FEMALE,2023-08-07,Ballard
22722,Tina,Fernandez,Tina Fernandez,FEMALE,2023-07-20,Burlingame
22723,Alexander,Anderson,Alexander Anderson,MALE,2023-09-29,West Covina
22724,Noah,Evans,Noah Evans,MALE,2023-07-28,Downey
22725,Richard,Gonzales,Richard Gonzales,MALE,2023-08-03,Puyallup
22726,Anna,Morris,Anna Morris,FEMALE,2023-12-28,Kirkland
22727,Jodi,She,Jodi She,FEMALE,2023-04-06,Bremerton
22728,Arianna,Russell,Arianna Russell,FEMALE,2023-02-24,Cliffside
22729,Seth,Nelson,Seth Nelson,MALE,2023-04-06,Grossmont
22730,Timothy,Perez,Timothy Perez,MALE,2023-09-02,Royal Oak
22731,Brandon,Henderson,Brandon Henderson,MALE,2023-07-09,La Jolla
22732,Sean,Turner,Sean Turner,MALE,2021-06-01,Sooke
22733,Alexandria,Powell,Alexandria Powell,FEMALE,2023-07-04,Bremerton
22734,Maria,Adams,Maria Adams,FEMALE,2023-02-24,San Francisco
22735,Katherine,Jones,Katherine Jones,FEMALE,2023-05-02,Corvallis
22736,Katherine,Morgan,Katherine Morgan,FEMALE,2023-03-12,Tacoma
22737,Heidi,Sai,Heidi Sai,FEMALE,2023-06-13,Berkeley
22738,Haley,Diaz,Haley Diaz,FEMALE,2023-10-16,Novato
22739,Destiny,Rodriguez,Destiny Rodriguez,FEMALE,2023-02-13,Langley
22740,Kimberly,Rogers,Kimberly Rogers,FEMALE,2023-11-07,Berkeley
22741,Darryl,He,Darryl He,MALE,2023-03-24,Ballard
22742,Nathan,Nelson,Nathan Nelson,MALE,2023-03-04,Beaverton
22743,Kaylee,Murphy,Kaylee Murphy,FEMALE,2023-03-01,Kirkland
22744,Edward,Wright,Edward Wright,MALE,2023-09-30,Concord
22745,Alexandria,Patterson,Alexandria Patterson,FEMALE,2023-03-09,Woodland Hills
22746,Erica,Zhang,Erica Zhang,FEMALE,2023-07-17,Concord
22747,Brianna,Martinez,Brianna Martinez,FEMALE,2023-04-15,Glendale
22748,Adam,Phillips,Adam Phillips,MALE,2021-07-05,Royal Oak
22749,Miranda,Patterson,Miranda Patterson,FEMALE,2023-07-11,Port Orchard
22750,Jesse,Gonzalez,Jesse Gonzalez,MALE,2023-10-18,Downey
22751,Samuel,Rodriguez,Samuel Rodriguez,MALE,2023-06-13,El Cajon
22752,Daniel,Brown,Daniel Brown,MALE,2023-05-18,Lebanon
22753,Hailey,Morgan,Hailey Morgan,FEMALE,2023-07-29,Portland
22754,Robert,Foster,Robert Foster,MALE,2023-09-12,Marysville
22755,Christian,Brown,Christian Brown,MALE,2023-12-12,Cliffside
22756,Jon,Nath,Jon Nath,MALE,2023-05-01,Berkeley
22757,Savannah,Peterson,Savannah Peterson,FEMALE,2024-01-16,Mill Valley
22758,Katherine,Jackson,Katherine Jackson,FEMALE,2023-04-04,Corvallis
22759,Julia,Ramirez,Julia Ramirez,FEMALE,2023-06-18,Olympia
22760,Hunter,Chen,Hunter Chen,MALE,2023-04-20,Olympia
22761,Eduardo,Price,Eduardo Price,MALE,2023-09-18,Renton
22762,Melissa,Diaz,Melissa Diaz,FEMALE,2023-09-28,Renton
22763,Rebecca,Gonzalez,Rebecca Gonzalez,FEMALE,2023-10-09,Seattle
22764,Chase,Brooks,Chase Brooks,MALE,2023-09-03,Yakima
22765,Luis,Collins,Luis Collins,MALE,2021-07-06,Westminster
22766,Cassidy,Hayes,Cassidy Hayes,FEMALE,2023-05-20,Port Orchard
22767,Luis,Hernandez,Luis Hernandez,MALE,2023-03-25,Woodburn
22768,Aaron,Zhang,Aaron Zhang,MALE,2023-04-19,Burbank
22769,Benjamin,Martin,Benjamin Martin,MALE,2023-06-08,Long Beach
22770,Chloe,Morgan,Chloe Morgan,FEMALE,2023-07-20,Oakland
22771,Mason,King,Mason King,MALE,2024-01-08,Victoria
22772,Erin,Watson,Erin Watson,FEMALE,2023-03-23,Victoria
22773,Autumn,Zhang,Autumn Zhang,FEMALE,2023-10-29,Bellingham
22774,Caleb,Alexander,Caleb Alexander,MALE,2023-12-25,Everett
22775,Madison,Martinez,Madison Martinez,FEMALE,2023-07-03,Concord
22776,Julia,Perry,Julia Perry,FEMALE,2023-05-30,La Jolla
22777,Tyler,Garcia,Tyler Garcia,MALE,2023-06-05,Edmonds
22778,Monique,Dominguez,Monique Dominguez,FEMALE,2023-04-24,Bellflower
22779,Lance,Ruiz,Lance Ruiz,MALE,2024-01-14,Berkeley
22780,Jennifer,Rogers,Jennifer Rogers,FEMALE,2023-04-21,Long Beach
22781,Hunter,Powell,Hunter Powell,MALE,2024-01-07,Palo Alto
22782,Dakota,Wood,Dakota Wood,MALE,2023-07-22,San Gabriel
22783,Isaac,Green,Isaac Green,MALE,2023-09-09,Lynnwood
22784,Nicholas,Jackson,Nicholas Jackson,MALE,2023-07-08,Los Angeles
22785,Oscar,Perry,Oscar Perry,MALE,2021-07-03,N. Vancouver
22786,Wyatt,Goldstein,Wyatt Goldstein,MALE,2023-11-02,Burien
22787,Andrea,Sanchez,Andrea Sanchez,FEMALE,2023-07-05,Woodland Hills
22788,Jordan,Jenkins,Jordan Jenkins,MALE,2023-07-13,Torrance
22789,Richard,Taylor,Richard Taylor,MALE,2023-07-17,San Diego
22790,Luke,Phillips,Luke Phillips,MALE,2023-07-25,Santa Cruz
22791,Taylor,Jenkins,Taylor Jenkins,FEMALE,2023-04-23,Chula Vista
22792,Thomas,Carter,Thomas Carter,MALE,2023-08-09,Portland
22793,Antonio,Jenkins,Antonio Jenkins,MALE,2023-09-24,Yakima
22794,Kelli,Deng,Kelli Deng,FEMALE,2023-03-04,Gloucestershire
22795,Tara,Yuan,Tara Yuan,FEMALE,2023-02-21,Paris
22796,Brad,Nath,Brad Nath,MALE,2023-05-16,Saint Ouen
22797,Leonard,She,Leonard She,MALE,2023-12-20,Grevenbroich
22798,Heidi,Fernandez,Heidi Fernandez,FEMALE,2023-05-07,Gateshead
22799,Riley,Alexander,Riley Alexander,FEMALE,2023-11-23,Billericay
22800,Dwayne,Alvarez,Dwayne Alvarez,MALE,2023-12-08,Colombes
22801,Alicia,Raje,Alicia Raje,FEMALE,2023-09-13,Bonn
22802,Ann,Van,Ann Van,FEMALE,2024-01-21,Frankfurt
22803,Marshall,Shan,Marshall Shan,MALE,2023-12-20,Werne
22804,Kelly,Butler,Kelly Butler,FEMALE,2023-04-06,Hamburg
22805,Cristina,Goel,Cristina Goel,FEMALE,2023-12-06,Bonn
22806,Crystal,Sun,Crystal Sun,FEMALE,2023-10-15,Eilenburg
22807,Cindy,Garcia,Cindy Garcia,FEMALE,2024-01-12,London
22808,Ebony,Suri,Ebony Suri,FEMALE,2023-01-19,West Sussex
22809,Martin,Sara,Martin Sara,MALE,2023-12-30,Frankfurt am Main
22810,Nathaniel,Sanchez,Nathaniel Sanchez,MALE,2023-12-22,Paderborn
22811,Brent,Stone,Brent Stone,MALE,2023-11-17,Gloucestershire
22812,Destiny,Washington,Destiny Washington,FEMALE,2023-08-14,Leeds
22813,Jerry,Deng,Jerry Deng,MALE,2023-10-27,London
22814,Edwin,Kumar,Edwin Kumar,MALE,2023-03-24,Suresnes
22815,Margaret,Wang,Margaret Wang,FEMALE,2023-08-28,Hamburg
22816,Erica,Cai,Erica Cai,FEMALE,2023-12-13,Offenbach
22817,Calvin,Nath,Calvin Nath,MALE,2023-12-13,Salzgitter
22818,Janet,Ruiz,Janet Ruiz,FEMALE,2023-01-29,Oxon
22819,Daisy,Alvarez,Daisy Alvarez,FEMALE,2023-08-16,London
22820,Alex,Nelson,Alex Nelson,MALE,2024-01-25,Villeneuve-d'Ascq
22821,Wendy,Munoz,Wendy Munoz,FEMALE,2023-06-07,Kassel
22822,Devin,Anderson,Devin Anderson,MALE,2022-12-31,Warrington
22823,Isabel,Alexander,Isabel Alexander,FEMALE,2023-09-10,Runcorn
22824,April,Nath,April Nath,FEMALE,2023-12-14,Roncq
22825,Kelli,Zeng,Kelli Zeng,FEMALE,2023-09-06,Billericay
22826,Christian,Russell,Christian Russell,MALE,2023-03-15,Gateshead
22827,Clayton,Gao,Clayton Gao,MALE,2023-06-07,Versailles
22828,Francisco,Suri,Francisco Suri,MALE,2023-01-14,Oxon
22829,Chelsea,Chandra,Chelsea Chandra,FEMALE,2023-12-05,Cergy
22830,Lee,Travers,Lee Travers,MALE,2023-12-27,Hamburg
22831,Victor,Ruiz,Victor Ruiz,MALE,2023-05-01,Boulogne-Billancourt
22832,Martin,Gonzalez,Martin Gonzalez,MALE,2023-03-13,Boulogne-Billancourt
22833,Bruce,Prasad,Bruce Prasad,MALE,2023-10-23,Croix
22834,Darryl,Zhou,Darryl Zhou,MALE,2023-09-06,Berlin
22835,Alan,Zhang,Alan Zhang,MALE,2023-03-14,Essen
22836,Michele,Sai,Michele Sai,FEMALE,2023-12-08,Kiel
22837,Sergio,Chandra,Sergio Chandra,MALE,2023-09-12,London
22838,Cedric,Rai,Cedric Rai,MALE,2023-07-18,Newcastle upon Tyne
22839,Brandy,Mehta,Brandy Mehta,FEMALE,2023-02-05,Gold Coast
22840,Dominic,Sullivan,Dominic Sullivan,MALE,2023-10-21,Coffs Harbour
22841,Douglas,Martinez,Douglas Martinez,MALE,2023-03-05,Findon
22842,Michele,Nara,Michele Nara,FEMALE,2023-06-17,Brisbane
22843,Tiffany,Lu,Tiffany Lu,FEMALE,2023-04-12,Darlinghurst
22844,Marie,Arun,Marie Arun,FEMALE,2023-03-31,Springwood
22845,Jake,Chen,Jake Chen,MALE,2022-05-09,Sydney
22846,Frank,Gutierrez,Frank Gutierrez,MALE,2023-01-30,Melbourne
22847,Jaclyn,Chen,Jaclyn Chen,FEMALE,2023-05-11,Goulburn
22848,Peter,Pal,Peter Pal,MALE,2023-02-05,Malabar
22849,Kristopher,Suri,Kristopher Suri,MALE,2023-12-09,South Melbourne
22850,Devon,Luo,Devon Luo,MALE,2022-05-23,Rhodes
22851,Kaylee,Edwards,Kaylee Edwards,FEMALE,2022-05-10,Caloundra
22852,Billy,Alonso,Billy Alonso,MALE,2023-11-20,Cranbourne
22853,Tasha,Pal,Tasha Pal,FEMALE,2023-05-27,Newcastle
22854,Ebony,Mehta,Ebony Mehta,FEMALE,2022-05-11,Townsville
22855,Summer,Sai,Summer Sai,FEMALE,2023-11-28,Cloverdale
22856,Lance,Carlson,Lance Carlson,MALE,2023-07-25,Caloundra
22857,Julio,Romero,Julio Romero,MALE,2022-05-08,Warrnambool
22858,Deborah,Tang,Deborah Tang,FEMALE,2024-01-16,Matraville
22859,Arianna,Sanders,Arianna Sanders,FEMALE,2023-07-15,Geelong
22860,Cedric,Kumar,Cedric Kumar,MALE,2022-05-24,Hawthorne
22861,Devin,Hughes,Devin Hughes,MALE,2023-07-24,Lake Oswego
22862,Derrick,Navarro,Derrick Navarro,MALE,2023-07-28,Berkeley
22863,Hunter,Thomas,Hunter Thomas,MALE,2023-04-19,Lake Oswego
22864,Mason,Hall,Mason Hall,MALE,2023-07-23,Issaquah
22865,Stephanie,Hall,Stephanie Hall,FEMALE,2023-10-02,Concord
22866,William,Thompson,William Thompson,MALE,2023-03-25,Paderborn
22867,Max,Ruiz,Max Ruiz,MALE,2023-07-31,Saarlouis
22868,Ernest,Sun,Ernest Sun,MALE,2023-12-13,Saint Germain en Laye
22869,Rafael,Lu,Rafael Lu,MALE,2023-09-19,London
22870,Barbara,Chen,Barbara Chen,FEMALE,2023-04-24,Cergy
22871,David,Coleman,David Coleman,MALE,2023-07-24,Walla Walla
22872,Sara,Bailey,Sara Bailey,FEMALE,2023-07-18,Burien
22873,Robert,Williams,Robert Williams,MALE,2023-07-21,Bellflower
22874,Drew,Anand,Drew Anand,MALE,2023-04-21,Burien
22875,Robert,Russell,Robert Russell,MALE,2023-04-13,Glendale
22876,Jenna,Campbell,Jenna Campbell,FEMALE,2023-04-18,Newport Beach
22877,Xavier,Griffin,Xavier Griffin,MALE,2021-07-30,Cliffside
22878,Angelica,Ross,Angelica Ross,FEMALE,2023-04-09,W. Linn
22879,Jocelyn,Russell,Jocelyn Russell,FEMALE,2023-04-14,Downey
22880,Ashley,Harris,Ashley Harris,FEMALE,2023-04-27,Corvallis
22881,Wyatt,Martinez,Wyatt Martinez,MALE,2021-07-16,Newton
22882,Charles,Jones,Charles Jones,MALE,2023-08-26,Port Hammond
22883,Xavier,Morgan,Xavier Morgan,MALE,2023-03-21,Milwaukie
22884,Danielle,Richardson,Danielle Richardson,FEMALE,2023-12-26,Salem
22885,Caleb,Henderson,Caleb Henderson,MALE,2023-03-30,Yakima
22886,Andrea,King,Andrea King,FEMALE,2023-04-16,Grossmont
22887,Mason,Richardson,Mason Richardson,MALE,2023-04-27,Novato
22888,Abigail,Long,Abigail Long,FEMALE,2023-04-26,Olympia
22889,Julia,Long,Julia Long,FEMALE,2021-07-20,Newton
22890,Alexis,Hall,Alexis Hall,FEMALE,2023-11-09,San Diego
22891,Andrea,Gonzalez,Andrea Gonzalez,FEMALE,2023-05-12,Imperial Beach
22892,Timothy,Mitchell,Timothy Mitchell,MALE,2023-08-25,Downey
22893,Chloe,Miller,Chloe Miller,FEMALE,2021-07-24,Cliffside
22894,Danielle,Ramirez,Danielle Ramirez,FEMALE,2023-03-07,Daly City
22895,Eduardo,Perez,Eduardo Perez,MALE,2021-07-11,Shawnee
22896,Logan,Miller,Logan Miller,MALE,2023-04-01,Everett
22897,Arianna,Ramirez,Arianna Ramirez,FEMALE,2023-05-08,Port Orchard
22898,Melanie,Washington,Melanie Washington,FEMALE,2023-05-02,El Cajon
22899,Charles,Carter,Charles Carter,MALE,2023-04-30,El Cajon
22900,Hunter,Li,Hunter Li,MALE,2023-05-16,Woodburn
22901,Katherine,Stewart,Katherine Stewart,FEMALE,2021-07-12,Newton
22902,Pedro,Madan,Pedro Madan,MALE,2023-09-21,Bellingham
22903,Hailey,Stewart,Hailey Stewart,FEMALE,2021-07-24,Port Hammond
22904,Mitchell,Shen,Mitchell Shen,MALE,2022-05-12,Hobart
22905,Joe,Schmidt,Joe Schmidt,MALE,2022-06-11,Springwood
22906,Jessie,Moreno,Jessie Moreno,FEMALE,2022-06-13,North Ryde
22907,Barry,Sai,Barry Sai,MALE,2022-06-03,Rhodes
22908,Eddie,Ortega,Eddie Ortega,MALE,2022-06-10,Seaford
22909,Tommy,Goel,Tommy Goel,MALE,2022-06-05,Hervey Bay
22910,Latoya,Tang,Latoya Tang,FEMALE,2022-06-28,Hervey Bay
22911,Gregory,Raje,Gregory Raje,MALE,2023-08-26,Silverwater
22912,Mallory,Moreno,Mallory Moreno,FEMALE,2022-06-01,Lane Cove
22913,Valerie,Lu,Valerie Lu,FEMALE,2022-05-30,Silverwater
22914,Faith,Gray,Faith Gray,FEMALE,2023-04-04,Melton
22915,Carly,Shen,Carly Shen,FEMALE,2023-06-27,Perth
22916,Raquel,Romero,Raquel Romero,FEMALE,2023-09-10,East Brisbane
22917,Maurice,She,Maurice She,MALE,2023-03-03,Warrnambool
22918,Calvin,Jai,Calvin Jai,MALE,2023-10-06,Brisbane
22919,Stanley,Rana,Stanley Rana,MALE,2023-08-12,Lane Cove
22920,Calvin,Andersen,Calvin Andersen,MALE,2023-11-26,Gold Coast
22921,Kelsey,Shen,Kelsey Shen,FEMALE,2022-06-11,East Brisbane
22922,Heidi,Martinez,Heidi Martinez,FEMALE,2023-07-27,Gold Coast
22923,Mason,Lopez,Mason Lopez,MALE,2023-12-28,Gold Coast
22924,Marie,Sanchez,Marie Sanchez,FEMALE,2023-02-11,Springwood
22925,Karla,Shen,Karla Shen,FEMALE,2023-09-03,St. Leonards
22926,Keith,Yuan,Keith Yuan,MALE,2022-06-21,Hervey Bay
22927,Jon,Guo,Jon Guo,MALE,2022-05-30,Malabar
22928,Natalie,Nelson,Natalie Nelson,FEMALE,2023-06-13,Coffs Harbour
22929,Isabella,Davis,Isabella Davis,FEMALE,2022-06-06,Brisbane
22930,Brett,Raman,Brett Raman,MALE,2022-06-28,Sunbury
22931,Logan,Johnson,Logan Johnson,MALE,2022-06-11,Caloundra
22932,Maurice,Jai,Maurice Jai,MALE,2022-05-31,Matraville
22933,Kelli,Chande,Kelli Chande,FEMALE,2022-06-26,North Sydney
22934,Tonya,Kumar,Tonya Kumar,FEMALE,2022-06-18,Rockhampton
22935,Tamara,Shen,Tamara Shen,FEMALE,2022-06-15,Rhodes
22936,Jill,Diaz,Jill Diaz,FEMALE,2022-06-12,Geelong
22937,Jose,Baker,Jose Baker,MALE,2022-06-28,Rockhampton
22938,Hector,Blanco,Hector Blanco,MALE,2022-06-22,Hawthorne
22939,Rebekah,Arthur,Rebekah Arthur,FEMALE,2022-06-06,Milsons Point
22940,Briana,Ashe,Briana Ashe,FEMALE,2022-05-30,Cloverdale
22941,Destiny,Bailey,Destiny Bailey,FEMALE,2023-07-04,Hervey Bay
22942,Brittney,She,Brittney She,FEMALE,2022-06-05,Perth
22943,Timothy,Parker,Timothy Parker,MALE,2022-06-11,Sydney
22944,Jodi,Lal,Jodi Lal,FEMALE,2023-05-07,Lavender Bay
22945,Linda,Sanz,Linda Sanz,FEMALE,2023-03-20,Port Macquarie
22946,Bryant,Kapoor,Bryant Kapoor,MALE,2022-06-17,Lavender Bay
22947,Danielle,Torres,Danielle Torres,FEMALE,2023-03-03,Wollongong
22948,Lucas,Turner,Lucas Turner,MALE,2023-05-01,Brisbane
22949,Gavin,Butler,Gavin Butler,MALE,2023-04-18,Port Macquarie
22950,Nicole,Cox,Nicole Cox,FEMALE,2022-06-23,Brisbane
22951,Chelsea,Mehta,Chelsea Mehta,FEMALE,2022-06-21,Findon
22952,Luke,Baker,Luke Baker,MALE,2023-02-23,Geelong
22953,Barbara,Liang,Barbara Liang,FEMALE,2022-06-01,Hobart
22954,Justin,Thompson,Justin Thompson,MALE,2022-06-07,Townsville
22955,Leslie,Suarez,Leslie Suarez,FEMALE,2023-08-26,Milsons Point
22956,Randy,Guo,Randy Guo,MALE,2023-10-20,Port Macquarie
22957,Nicole,Davis,Nicole Davis,FEMALE,2023-08-11,Townsville
22958,Brandy,Fernandez,Brandy Fernandez,FEMALE,2022-06-12,Findon
22959,Julie,Yuan,Julie Yuan,FEMALE,2022-06-09,Gold Coast
22960,Douglas,Malhotra,Douglas Malhotra,MALE,2023-09-18,Melton
22961,Nina,She,Nina She,FEMALE,2022-06-05,Wollongong
22962,Casey,Martin,Casey Martin,MALE,2023-05-30,Port Macquarie
22963,Willie,Ye,Willie Ye,MALE,2023-03-23,Hawthorne
22964,Eric,Hayes,Eric Hayes,MALE,2023-05-27,Cranbourne
22965,Carrie,Gomez,Carrie Gomez,FEMALE,2023-09-21,Hawthorne
22966,Jodi,Chapman,Jodi Chapman,FEMALE,2022-06-25,Warrnambool
22967,Rachel,Smith,Rachel Smith,FEMALE,2023-08-24,Olympia
22968,Logan,Perez,Logan Perez,MALE,2023-05-25,Puyallup
22969,Taylor,Martin,Taylor Martin,FEMALE,2024-01-08,Newton
22970,Mary,Phillips,Mary Phillips,FEMALE,2023-02-15,Bellingham
22971,Morgan,Howard,Morgan Howard,FEMALE,2021-07-09,Cliffside
22972,Bailey,James,Bailey James,FEMALE,2023-05-28,Woodburn
22973,Alan,Lin,Alan Lin,MALE,2023-12-28,Melton
22974,Erika,Vazquez,Erika Vazquez,FEMALE,2023-03-23,Cranbourne
22975,Courtney,Turner,Courtney Turner,FEMALE,2021-07-06,Metchosin
22976,Eric,Foster,Eric Foster,MALE,2021-08-24,Oak Bay
22977,Ian,Patterson,Ian Patterson,MALE,2023-05-27,San Carlos
22978,Devon,Jai,Devon Jai,MALE,2023-12-31,St. Leonards
22979,Theodore,Hernandez,Theodore Hernandez,MALE,2023-11-06,Burlingame
22980,Oscar,Washington,Oscar Washington,MALE,2023-02-05,Bellflower
22981,Amanda,Flores,Amanda Flores,FEMALE,2023-12-12,Salem
22982,Madison,Miller,Madison Miller,FEMALE,2023-03-05,Coronado
22983,Maria,Bennett,Maria Bennett,FEMALE,2023-07-21,Haney
22984,Cameron,Robinson,Cameron Robinson,MALE,2023-12-20,Bellingham
22985,Hailey,Phillips,Hailey Phillips,FEMALE,2023-10-01,Edmonds
22986,Carly,Jai,Carly Jai,FEMALE,2022-06-21,Caloundra
22987,Jerome,Dominguez,Jerome Dominguez,MALE,2022-06-03,Milsons Point
22988,Patricia,Madan,Patricia Madan,FEMALE,2022-06-17,Rhodes
22989,Megan,Butler,Megan Butler,FEMALE,2023-05-16,Concord
22990,Alyssa,Stewart,Alyssa Stewart,FEMALE,2023-04-24,Lincoln Acres
22991,Morgan,Jenkins,Morgan Jenkins,FEMALE,2023-06-03,Colma
22992,Austin,Yang,Austin Yang,MALE,2023-05-14,Kirkland
22993,Xavier,Sanchez,Xavier Sanchez,MALE,2023-08-25,Redwood City
22994,Chloe,Allen,Chloe Allen,FEMALE,2023-08-26,Olympia
22995,Isabella,Bryant,Isabella Bryant,FEMALE,2021-08-26,Langley
22996,Jordan,Henderson,Jordan Henderson,MALE,2021-08-05,Langford
22997,Lucas,Williams,Lucas Williams,MALE,2023-08-18,Bellingham
22998,Lauren,Washington,Lauren Washington,FEMALE,2021-08-27,Metchosin
22999,Jackson,Hill,Jackson Hill,MALE,2023-08-01,Lemon Grove
23000,Victoria,Henderson,Victoria Henderson,FEMALE,2024-01-13,Lake Oswego
23001,Julio,Munoz,Julio Munoz,MALE,2023-10-07,Beaverton
23002,Arthur,Hernandez,Arthur Hernandez,MALE,2023-04-12,Bellingham
23003,Ashley,Robinson,Ashley Robinson,FEMALE,2023-04-22,Oregon City
23004,Raymond,Fernandez,Raymond Fernandez,MALE,2023-10-30,Burlingame
23005,Luke,Sharma,Luke Sharma,MALE,2023-04-20,Portland
23006,Seth,Lee,Seth Lee,MALE,2023-10-30,Downey
23007,Isaac,Sanchez,Isaac Sanchez,MALE,2023-04-06,La Jolla
23008,Sheena,She,Sheena She,FEMALE,2023-05-16,Rockhampton
23009,Dalton,Thomas,Dalton Thomas,MALE,2023-12-06,Cliffside
23010,Seth,Cook,Seth Cook,MALE,2023-10-30,Sooke
23011,Isaiah,Rivera,Isaiah Rivera,MALE,2023-06-30,Berkeley
23012,Mathew,Carlson,Mathew Carlson,MALE,2023-09-07,Darlinghurst
23013,Louis,Yang,Louis Yang,MALE,2023-06-20,Goulburn
23014,Cassandra,Mehta,Cassandra Mehta,FEMALE,2023-08-08,Lane Cove
23015,Juan,Rivera,Juan Rivera,MALE,2023-08-13,Colma
23016,Victoria,Powell,Victoria Powell,FEMALE,2023-08-05,Berkeley
23017,Alison,Rai,Alison Rai,FEMALE,2023-08-13,Bellingham
23018,Richard,White,Richard White,MALE,2023-08-22,Redmond
23019,Emma,Garcia,Emma Garcia,FEMALE,2023-05-15,Oakland
23020,Hannah,Jones,Hannah Jones,FEMALE,2024-01-04,Kirkland
23021,Stefanie,Mehta,Stefanie Mehta,FEMALE,2023-08-14,Bellflower
23022,Jocelyn,Bradley,Jocelyn Bradley,FEMALE,2023-05-24,Royal Oak
23023,Naomi,Vazquez,Naomi Vazquez,FEMALE,2023-03-25,Bellingham
23024,Emma,Davis,Emma Davis,FEMALE,2023-05-13,Lebanon
23025,Richard,Richardson,Richard Richardson,MALE,2023-08-28,Walla Walla
23026,Jessica,Rogers,Jessica Rogers,FEMALE,2023-08-20,Glendale
23027,Fernando,Griffin,Fernando Griffin,MALE,2023-08-10,Los Angeles
23028,Anna,Taylor,Anna Taylor,FEMALE,2023-08-24,Palo Alto
23029,Ian,Ross,Ian Ross,MALE,2023-04-03,Bellingham
23030,Aidan,Jenkins,Aidan Jenkins,MALE,2023-08-30,Salem
23031,Brooke,Morgan,Brooke Morgan,FEMALE,2023-08-16,Sedro Woolley
23032,Jesse,Parker,Jesse Parker,MALE,2023-08-18,Lakewood
23033,Alex,Turner,Alex Turner,MALE,2023-08-18,Lakewood
23034,Melanie,Cooper,Melanie Cooper,FEMALE,2023-08-21,Los Angeles
23035,Maria,Howard,Maria Howard,FEMALE,2023-08-14,Newport Beach
23036,Caleb,Green,Caleb Green,MALE,2023-08-16,San Carlos
23037,Lucas,Wood,Lucas Wood,MALE,2024-01-21,Seattle
23038,Sydney,Reed,Sydney Reed,FEMALE,2023-05-13,Redmond
23039,Wyatt,Scott,Wyatt Scott,MALE,2023-05-16,Colma
23040,Seth,Morgan,Seth Morgan,MALE,2023-05-24,Palo Alto
23041,Natalie,Garcia,Natalie Garcia,FEMALE,2023-08-11,Long Beach
23042,Riley,Blue,Riley Blue,FEMALE,2023-08-12,Beverly Hills
23043,Katherine,Moore,Katherine Moore,FEMALE,2023-12-20,Tacoma
23044,Aidan,Patterson,Aidan Patterson,MALE,2023-04-09,Corvallis
23045,Gabriel,Patterson,Gabriel Patterson,MALE,2023-06-15,Spokane
23046,Pamela,Malhotra,Pamela Malhotra,FEMALE,2023-02-16,Beaverton
23047,Valerie,Xu,Valerie Xu,FEMALE,2023-08-11,Chula Vista
23048,Isabella,Hughes,Isabella Hughes,FEMALE,2023-05-01,Oak Bay
23049,Gina,Moreno,Gina Moreno,FEMALE,2023-03-02,Beaverton
23050,Jack,Hall,Jack Hall,MALE,2023-02-04,Salem
23051,Jesse,Green,Jesse Green,MALE,2023-03-18,W. Linn
23052,Steven,Stewart,Steven Stewart,MALE,2023-08-04,National City
23053,Anna,Bailey,Anna Bailey,FEMALE,2023-10-28,Kirkland
23054,David,Moore,David Moore,MALE,2023-07-14,Marysville
23055,Seth,Diaz,Seth Diaz,MALE,2023-08-20,Portland
23056,Alyssa,Perry,Alyssa Perry,FEMALE,2023-08-16,La Jolla
23057,Caitlin,Richardson,Caitlin Richardson,FEMALE,2021-08-03,Shawnee
23058,Michelle,Rivera,Michelle Rivera,FEMALE,2023-07-31,Burlingame
23059,Spencer,Price,Spencer Price,MALE,2023-08-10,W. Linn
23060,Isabella,Long,Isabella Long,FEMALE,2023-05-31,Palo Alto
23061,Jeremiah,Sanders,Jeremiah Sanders,MALE,2023-03-10,National City
23062,Natalie,Reed,Natalie Reed,FEMALE,2023-10-13,Lebanon
23063,Jennifer,Thompson,Jennifer Thompson,FEMALE,2023-12-16,Mill Valley
23064,Alexander,Rodriguez,Alexander Rodriguez,MALE,2023-04-11,Bellingham
23065,Derek,Nath,Derek Nath,MALE,2023-06-24,Bellingham
23066,Austin,Lal,Austin Lal,MALE,2023-05-03,Bellflower
23067,Kelli,Pal,Kelli Pal,FEMALE,2023-05-31,Burlingame
23068,Ryan,Shan,Ryan Shan,MALE,2023-11-11,Chula Vista
23069,Anna,Gray,Anna Gray,FEMALE,2023-02-14,Berkeley
23070,Natalie,Hall,Natalie Hall,FEMALE,2023-02-03,Victoria
23071,Haley,Gonzales,Haley Gonzales,FEMALE,2023-06-08,Concord
23072,Toni,Srini,Toni Srini,FEMALE,2023-04-21,Bellingham
23073,Christian,Griffin,Christian Griffin,MALE,2023-08-16,Puyallup
23074,Megan,Flores,Megan Flores,FEMALE,2021-08-18,Royal Oak
23075,Rebekah,Sandberg,Rebekah Sandberg,FEMALE,2023-05-05,Bellflower
23076,Adrian,Brooks,Adrian Brooks,MALE,2023-12-25,Beverly Hills
23077,Marvin,Hernandez,Marvin Hernandez,MALE,2023-03-23,Rhodes
23078,Julio,Hernandez,Julio Hernandez,MALE,2023-07-07,Findon
23079,Justine,Ryan,Justine Ryan,FEMALE,2023-07-07,Warrnambool
23080,Jocelyn,Barnes,Jocelyn Barnes,FEMALE,2023-05-16,Lemon Grove
23081,Brandon,Powell,Brandon Powell,MALE,2023-08-03,Redwood City
23082,Jonathan,Williams,Jonathan Williams,MALE,2023-08-07,Spring Valley
23083,Samuel,Smith,Samuel Smith,MALE,2023-08-04,Burnaby
23084,Christian,Shan,Christian Shan,MALE,2023-06-19,Haney
23085,Ross,Subram,Ross Subram,MALE,2023-10-17,Perth
23086,Tracy,Lal,Tracy Lal,FEMALE,2023-03-24,South Melbourne
23087,Clifford,Martinez,Clifford Martinez,MALE,2023-08-28,Townsville
23088,Wesley,Hu,Wesley Hu,MALE,2023-02-08,Bellingham
23089,Lucas,Walker,Lucas Walker,MALE,2023-03-11,Issaquah
23090,Christopher,Lee,Christopher Lee,MALE,2023-08-22,Lynnwood
23091,Richard,Peterson,Richard Peterson,MALE,2023-11-24,La Jolla
23092,Gabrielle,Brooks,Gabrielle Brooks,FEMALE,2023-06-25,National City
23093,Nathan,Parker,Nathan Parker,MALE,2024-01-06,San Diego
23094,Carolyn,Gill,Carolyn Gill,FEMALE,2023-04-27,Melton
23095,Gerald,Patel,Gerald Patel,MALE,2023-06-18,Perth
23096,Ashlee,Chande,Ashlee Chande,FEMALE,2023-04-29,North Ryde
23097,Tony,Natsuhara,Tony Natsuhara,MALE,2022-06-16,South Melbourne
23098,Pedro,Rubio,Pedro Rubio,MALE,2022-06-01,Coffs Harbour
23099,Kristi,Suarez,Kristi Suarez,FEMALE,2022-06-28,Sydney
23100,Christy,Raje,Christy Raje,FEMALE,2022-06-26,Brisbane
23101,Barbara,Lal,Barbara Lal,FEMALE,2022-06-16,Coffs Harbour
23102,Barbara,Zeng,Barbara Zeng,FEMALE,2022-06-01,Sydney
23103,Dwayne,Moreno,Dwayne Moreno,MALE,2023-05-17,Goulburn
23104,Isabelle,Long,Isabelle Long,FEMALE,2022-06-27,Brisbane
23105,Karl,Andersen,Karl Andersen,MALE,2022-06-05,Rockhampton
23106,Kathryn,Yuan,Kathryn Yuan,FEMALE,2022-06-15,Wollongong
23107,Michele,Kumar,Michele Kumar,FEMALE,2022-06-27,Lavender Bay
23108,Savannah,Wright,Savannah Wright,FEMALE,2023-08-14,Everett
23109,Lauren,Hughes,Lauren Hughes,FEMALE,2023-02-17,Woodburn
23110,Mackenzie,Gonzalez,Mackenzie Gonzalez,FEMALE,2023-05-26,Glendale
23111,Sara,Wright,Sara Wright,FEMALE,2023-05-28,Lincoln Acres
23112,James,Butler,James Butler,MALE,2023-05-09,Daly City
23113,Elijah,Powell,Elijah Powell,MALE,2021-08-19,Shawnee
23114,Caroline,Washington,Caroline Washington,FEMALE,2021-08-10,Haney
23115,Stephanie,Nicholls,Stephanie Nicholls,FEMALE,2023-03-02,Chula Vista
23116,Jerome,Vazquez,Jerome Vazquez,MALE,2022-07-28,Hawthorne
23117,Bruce,Sanz,Bruce Sanz,MALE,2022-07-15,Goulburn
23118,Monique,Moreno,Monique Moreno,FEMALE,2022-07-04,Seaford
23119,Gilbert,Zhao,Gilbert Zhao,MALE,2022-07-29,Lavender Bay
23120,Javier,Browning,Javier Browning,MALE,2022-07-03,Findon
23121,Danny,Ramos,Danny Ramos,MALE,2022-07-03,Melton
23122,Colleen,Zhou,Colleen Zhou,FEMALE,2023-07-30,Sunbury
23123,Zoe,Kelly,Zoe Kelly,FEMALE,2023-11-03,Goulburn
23124,Cameron,Wang,Cameron Wang,MALE,2024-01-13,Beaverton
23125,Madeline,Scott,Madeline Scott,FEMALE,2023-08-01,Everett
23126,Carolyn,Van,Carolyn Van,FEMALE,2023-12-10,Beverly Hills
23127,Haley,Hughes,Haley Hughes,FEMALE,2023-05-11,Burlingame
23128,Dylan,Jai,Dylan Jai,MALE,2023-06-27,Wollongong
23129,Misty,Ashe,Misty Ashe,FEMALE,2023-05-06,St. Leonards
23130,Lauren,Russell,Lauren Russell,FEMALE,2023-02-16,Daly City
23131,Caitlin,Peterson,Caitlin Peterson,FEMALE,2023-10-01,Redmond
23132,Anthony,Lee,Anthony Lee,MALE,2023-03-17,Santa Cruz
23133,Alexis,White,Alexis White,FEMALE,2023-08-31,Long Beach
23134,Alyssa,Robinson,Alyssa Robinson,FEMALE,2023-11-09,Westminster
23135,Dylan,Clark,Dylan Clark,MALE,2023-08-27,Berkeley
23136,Stephanie,Peterson,Stephanie Peterson,FEMALE,2023-09-06,Concord
23137,Chloe,Sanders,Chloe Sanders,FEMALE,2021-08-11,Royal Oak
23138,Angela,Peterson,Angela Peterson,FEMALE,2023-09-22,Beverly Hills
23139,Christian,Yang,Christian Yang,MALE,2023-06-06,Chula Vista
23140,Tyler,Lee,Tyler Lee,MALE,2023-02-16,Burien
23141,Katherine,Long,Katherine Long,FEMALE,2023-09-13,W. Linn
23142,Cara,Wu,Cara Wu,FEMALE,2023-09-13,Beaverton
23143,Jada,Phillips,Jada Phillips,FEMALE,2023-06-12,Issaquah
23144,Zachary,Alexander,Zachary Alexander,MALE,2023-06-05,Marysville
23145,Nichole,Xie,Nichole Xie,FEMALE,2023-06-26,Concord
23146,Sarah,Clark,Sarah Clark,FEMALE,2023-09-23,Torrance
23147,Wyatt,Smith,Wyatt Smith,MALE,2023-11-14,Newport Beach
23148,Nathan,Ross,Nathan Ross,MALE,2023-06-18,Yakima
23149,Brandi,Rubio,Brandi Rubio,FEMALE,2023-08-30,Concord
23150,Gabriella,Allen,Gabriella Allen,FEMALE,2023-12-06,Mill Valley
23151,Michael,Brown,Michael Brown,MALE,2023-06-19,Milwaukie
23152,Michelle,Howard,Michelle Howard,FEMALE,2023-11-06,Salem
23153,Jenna,Hill,Jenna Hill,FEMALE,2023-03-21,Coronado
23154,Connor,Phillips,Connor Phillips,MALE,2023-06-14,Walla Walla
23155,Victoria,Hall,Victoria Hall,FEMALE,2023-06-10,Santa Cruz
23156,Samantha,Barnes,Samantha Barnes,FEMALE,2023-06-26,Salem
23157,Valerie,Gao,Valerie Gao,FEMALE,2023-08-15,Beaverton
23158,Ana,Patterson,Ana Patterson,FEMALE,2023-06-24,Marysville
23159,Dalton,Phillips,Dalton Phillips,MALE,2023-09-24,Beverly Hills
23160,Aimee,Huang,Aimee Huang,FEMALE,2023-09-17,Burlingame
23161,Samuel,Scott,Samuel Scott,MALE,2023-08-31,Mill Valley
23162,Sarah,Flores,Sarah Flores,FEMALE,2023-09-13,Redwood City
23163,Madison,Ross,Madison Ross,FEMALE,2023-09-17,Torrance
23164,Kyle,Bryant,Kyle Bryant,MALE,2021-08-22,Metchosin
23165,Natalie,Mitchell,Natalie Mitchell,FEMALE,2023-06-13,Woodland Hills
23166,Cody,Ward,Cody Ward,MALE,2023-06-18,Grossmont
23167,Hailey,Jenkins,Hailey Jenkins,FEMALE,2023-09-22,Marysville
23168,Mya,Hayes,Mya Hayes,FEMALE,2023-09-02,W. Linn
23169,Corey,Andersen,Corey Andersen,MALE,2023-09-22,Bellingham
23170,Aaron,Jai,Aaron Jai,MALE,2023-09-03,Burbank
23171,Ethan,Griffin,Ethan Griffin,MALE,2023-05-07,Coronado
23172,Alexandra,Thomas,Alexandra Thomas,FEMALE,2021-08-03,Haney
23173,Nathan,Rodriguez,Nathan Rodriguez,MALE,2023-06-01,Marysville
23174,Gloria,Gonzales,Gloria Gonzales,FEMALE,2023-09-03,Beverly Hills
23175,Melanie,Flores,Melanie Flores,FEMALE,2023-09-05,Redwood City
23176,Jesse,Ward,Jesse Ward,MALE,2023-06-29,San Carlos
23177,Savannah,Richardson,Savannah Richardson,FEMALE,2023-06-11,Lake Oswego
23178,Dalton,Morris,Dalton Morris,MALE,2023-06-21,Port Orchard
23179,Jordan,Phillips,Jordan Phillips,MALE,2023-05-30,Port Orchard
23180,Olivia,Cook,Olivia Cook,FEMALE,2023-06-29,Marysville
23181,Evan,Evans,Evan Evans,MALE,2023-07-19,Bellingham
23182,Savannah,Rivera,Savannah Rivera,FEMALE,2024-01-09,El Cajon
23183,Megan,Davis,Megan Davis,FEMALE,2023-07-04,Oakland
23184,Hailey,Carter,Hailey Carter,FEMALE,2023-05-28,Mill Valley
23185,Fernando,Edwards,Fernando Edwards,MALE,2023-09-24,Long Beach
23186,Jordan,Young,Jordan Young,MALE,2023-09-28,Los Angeles
23187,Andy,Munoz,Andy Munoz,MALE,2023-09-18,Bremerton
23188,Austin,Jai,Austin Jai,MALE,2023-02-26,Port Orchard
23189,Megan,Moore,Megan Moore,FEMALE,2023-09-01,Torrance
23190,Nathaniel,Ramirez,Nathaniel Ramirez,MALE,2023-11-26,Bellflower
23191,Gilbert,Raji,Gilbert Raji,MALE,2023-07-15,Burien
23192,Emily,Garcia,Emily Garcia,FEMALE,2023-09-05,Palo Alto
23193,Alexis,Flores,Alexis Flores,FEMALE,2023-06-25,Ballard
23194,Shelby,Cook,Shelby Cook,FEMALE,2023-11-05,Daly City
23195,Xavier,Mohamed,Xavier Mohamed,MALE,2023-07-14,Portland
23196,Carlos,Roberts,Carlos Roberts,MALE,2023-06-06,Vancouver
23197,Cole,Cook,Cole Cook,MALE,2023-07-30,Los Angeles
23198,Jacqueline,Sanders,Jacqueline Sanders,FEMALE,2023-04-01,Beaverton
23199,Brandon,Hayes,Brandon Hayes,MALE,2023-07-16,Walla Walla
23200,Grace,Rodriguez,Grace Rodriguez,FEMALE,2023-06-06,Issaquah
23201,Alyssa,Butler,Alyssa Butler,FEMALE,2023-08-13,Lincoln Acres
23202,Terrance,Chandra,Terrance Chandra,MALE,2023-11-04,Bellingham
23203,Dalton,Jenkins,Dalton Jenkins,MALE,2023-10-24,Renton
23204,Katherine,Mitchell,Katherine Mitchell,FEMALE,2023-07-27,Spokane
23205,Katherine,Sanders,Katherine Sanders,FEMALE,2023-05-09,Burbank
23206,Jackson,Lal,Jackson Lal,MALE,2023-08-04,West Covina
23207,Dalton,Baker,Dalton Baker,MALE,2023-08-07,West Covina
23208,Janet,Watson,Janet Watson,FEMALE,2023-08-01,Westminster
23209,Lucas,Lewis,Lucas Lewis,MALE,2021-08-10,Royal Oak
23210,Timothy,Gray,Timothy Gray,MALE,2023-10-22,Concord
23211,Rebekah,Kovár,Rebekah Kovár,FEMALE,2023-10-13,Beaverton
23212,James,Jones,James Jones,MALE,2023-11-23,Fremont
23213,Noah,Green,Noah Green,MALE,2023-10-22,Long Beach
23214,Kaylee,James,Kaylee James,FEMALE,2023-10-19,Lemon Grove
23215,Juan,Richardson,Juan Richardson,MALE,2023-09-23,San Carlos
23216,Kevin,Hall,Kevin Hall,MALE,2023-07-28,Woodland Hills
23217,Michelle,Morgan,Michelle Morgan,FEMALE,2023-07-03,Palo Alto
23218,Alisha,Gao,Alisha Gao,FEMALE,2023-12-15,Ingolstadt
23219,Alyssa,West,Alyssa West,FEMALE,2023-04-24,Bury
23220,Roy,Malhotra,Roy Malhotra,MALE,2023-03-26,Lancaster
23221,Leonard,Rai,Leonard Rai,MALE,2023-07-13,Poing
23222,Kristen,Wu,Kristen Wu,FEMALE,2023-09-29,Metz
23223,Angel,Howard,Angel Howard,MALE,2023-02-15,Esher-Molesey
23224,Jonathan,Scott,Jonathan Scott,MALE,2023-02-02,Leeds
23225,Heidi,Patel,Heidi Patel,FEMALE,2023-02-08,Warrington
23226,Leonard,Xie,Leonard Xie,MALE,2023-07-15,Darmstadt
23227,Anne,Alonso,Anne Alonso,FEMALE,2023-09-30,Chatou
23228,Candice,Guo,Candice Guo,FEMALE,2023-03-31,Berlin
23229,Deborah,Raje,Deborah Raje,FEMALE,2023-10-08,Bottrop
23230,Mya,Foster,Mya Foster,FEMALE,2023-03-27,Watford
23231,Dylan,Moore,Dylan Moore,MALE,2023-10-09,Metz
23232,Frank,Serrano,Frank Serrano,MALE,2023-04-06,London
23233,Bradley,Sharma,Bradley Sharma,MALE,2023-12-26,München
23234,Brent,Lu,Brent Lu,MALE,2022-12-30,München
23235,Cedric,Pal,Cedric Pal,MALE,2023-02-04,London
23236,Nichole,Kumar,Nichole Kumar,FEMALE,2023-08-28,York
23237,Caleb,Young,Caleb Young,MALE,2023-02-22,Kassel
23238,Thomas,Lee,Thomas Lee,MALE,2023-07-08,Burbank
23239,Curtis,Wu,Curtis Wu,MALE,2023-07-14,Berkeley
23240,Phillip,Chapman,Phillip Chapman,MALE,2023-09-26,Bremerton
23241,Armando,Torres,Armando Torres,MALE,2023-06-13,Bremerton
23242,Andrew,Garcia,Andrew Garcia,MALE,2023-07-19,Bremerton
23243,Jasmine,Rogers,Jasmine Rogers,FEMALE,2024-01-04,Salem
23244,Alexandra,Wagner,Alexandra Wagner,FEMALE,2023-05-13,Shawnee
23245,Morgan,James,Morgan James,FEMALE,2023-06-22,Vancouver
23246,Renee,Gill,Renee Gill,FEMALE,2023-08-16,Ballard
23247,Alexander,Garcia,Alexander Garcia,MALE,2023-11-11,Beverly Hills
23248,Bailey,Peterson,Bailey Peterson,FEMALE,2023-09-18,Renton
23249,Tasha,Nara,Tasha Nara,FEMALE,2023-02-03,Bremerton
23250,Ashley,Lee,Ashley Lee,FEMALE,2023-09-24,Lynnwood
23251,Evan,Scott,Evan Scott,MALE,2023-03-17,Seattle
23252,Alexia,Wood,Alexia Wood,FEMALE,2023-02-17,Oakland
23253,Brooke,Bell,Brooke Bell,FEMALE,2023-07-09,Shawnee
23254,Jack,Gonzalez,Jack Gonzalez,MALE,2023-02-23,Chula Vista
23255,Xavier,Johnson,Xavier Johnson,MALE,2023-02-22,Langford
23256,Mario,Chande,Mario Chande,MALE,2023-09-20,Bellflower
23257,Charles,Stewart,Charles Stewart,MALE,2023-07-13,Fremont
23258,Megan,Watson,Megan Watson,FEMALE,2023-06-22,Torrance
23259,John,Taylor,John Taylor,MALE,2023-11-10,Port Orchard
23260,Edwin,Goel,Edwin Goel,MALE,2023-10-23,Beaverton
23261,Jada,Peterson,Jada Peterson,FEMALE,2023-07-10,Issaquah
23262,Sydney,Kelly,Sydney Kelly,FEMALE,2023-10-13,Corvallis
23263,Angel,Lopez,Angel Lopez,MALE,2023-08-15,Burien
23264,Warren,Hu,Warren Hu,MALE,2023-07-21,Bellingham
23265,Savannah,James,Savannah James,FEMALE,2023-07-04,Everett
23266,Jessica,Watson,Jessica Watson,FEMALE,2023-07-13,Olympia
23267,Juan,James,Juan James,MALE,2021-08-24,Cliffside
23268,Katelyn,Morris,Katelyn Morris,FEMALE,2023-07-21,Palo Alto
23269,Taylor,Griffin,Taylor Griffin,FEMALE,2023-07-27,El Cajon
23270,Anna,Anderson,Anna Anderson,FEMALE,2023-08-02,Daly City
23271,Alexandra,Clark,Alexandra Clark,FEMALE,2023-08-08,Beverly Hills
23272,Tristan,Hayes,Tristan Hayes,MALE,2023-03-22,Long Beach
23273,Benjamin,Long,Benjamin Long,MALE,2024-01-27,Tacoma
23274,Ethan,Jackson,Ethan Jackson,MALE,2023-02-27,Seattle
23275,Miguel,Jackson,Miguel Jackson,MALE,2023-11-06,Los Angeles
23276,Vincent,Zhou,Vincent Zhou,MALE,2023-07-11,Bellflower
23277,Isaiah,Torres,Isaiah Torres,MALE,2023-02-04,Redwood City
23278,Chloe,Flores,Chloe Flores,FEMALE,2023-06-14,Coronado
23279,Edward,Johnson,Edward Johnson,MALE,2023-10-28,Royal Oak
23280,Hannah,Alexander,Hannah Alexander,FEMALE,2023-05-07,Oregon City
23281,Megan,Harris,Megan Harris,FEMALE,2021-09-28,Sooke
23282,Ariana,James,Ariana James,FEMALE,2023-05-01,Milwaukie
23283,Haley,Torres,Haley Torres,FEMALE,2021-09-13,Royal Oak
23284,Wyatt,Coleman,Wyatt Coleman,MALE,2023-07-23,Metchosin
23285,Latoya,Luo,Latoya Luo,FEMALE,2024-01-17,Bremerton
23286,Taylor,Bell,Taylor Bell,FEMALE,2023-07-17,Redwood City
23287,Juan,Kelly,Juan Kelly,MALE,2023-08-01,Grossmont
23288,Eduardo,Evans,Eduardo Evans,MALE,2023-08-02,Oakland
23289,Justin,Robinson,Justin Robinson,MALE,2023-02-13,Woodburn
23290,Angelica,Bennett,Angelica Bennett,FEMALE,2024-01-11,Cliffside
23291,Timothy,Evans,Timothy Evans,MALE,2024-01-22,Milwaukie
23292,Jose,Russell,Jose Russell,MALE,2023-07-30,Kirkland
23293,Kaylee,Peterson,Kaylee Peterson,FEMALE,2023-09-01,Woodland Hills
23294,Suzanne,Chen,Suzanne Chen,FEMALE,2023-06-01,Bellingham
23295,Jaime,Torres,Jaime Torres,FEMALE,2023-09-13,Bellflower
23296,Molly,Mehta,Molly Mehta,FEMALE,2023-08-22,Bellflower
23297,Tyrone,Gomez,Tyrone Gomez,MALE,2023-09-03,Beverly Hills
23298,Robert,Martinez,Robert Martinez,MALE,2023-09-16,Kirkland
23299,Kristy,Jimenez,Kristy Jimenez,FEMALE,2023-02-26,Bellingham
23300,Julia,Henderson,Julia Henderson,FEMALE,2023-04-18,Tacoma
23301,Noah,Anderson,Noah Anderson,MALE,2023-12-16,Burbank
23302,Fernando,Walker,Fernando Walker,MALE,2023-08-18,Port Orchard
23303,Connor,Lal,Connor Lal,MALE,2023-10-24,Portland
23304,Jordan,Simmons,Jordan Simmons,MALE,2023-09-29,Glendale
23305,Robyn,Dominguez,Robyn Dominguez,FEMALE,2023-05-04,Hervey Bay
23306,Byron,Ortega,Byron Ortega,MALE,2021-09-07,Burnaby
23307,Meredith,Ramos,Meredith Ramos,FEMALE,2023-05-11,Milsons Point
23308,Madison,Perry,Madison Perry,FEMALE,2023-12-08,Wollongong
23309,Latoya,Chande,Latoya Chande,FEMALE,2023-03-11,St. Leonards
23310,Sydney,Wood,Sydney Wood,FEMALE,2022-07-20,Bendigo
23311,Veronica,Gonzalez,Veronica Gonzalez,FEMALE,2022-07-05,Findon
23312,Sheena,Lal,Sheena Lal,FEMALE,2023-09-06,Hervey Bay
23313,Corey,Lal,Corey Lal,MALE,2022-07-12,Newcastle
23314,Alfredo,Munoz,Alfredo Munoz,MALE,2022-07-09,South Melbourne
23315,Carmen,Chandra,Carmen Chandra,FEMALE,2023-10-27,South Melbourne
23316,Billy,Blanco,Billy Blanco,MALE,2022-07-09,Brisbane
23317,Beth,Martin,Beth Martin,FEMALE,2023-09-20,Hobart
23318,Patrick,Morgan,Patrick Morgan,MALE,2023-08-03,Lemon Grove
23319,Luis,Green,Luis Green,MALE,2023-10-12,Santa Cruz
23320,Kendra,Gomez,Kendra Gomez,FEMALE,2022-07-21,Sydney
23321,Karl,Xu,Karl Xu,MALE,2022-07-30,Melbourne
23322,Wesley,Li,Wesley Li,MALE,2022-07-22,Hobart
23323,Alfredo,Alonso,Alfredo Alonso,MALE,2022-07-25,Springwood
23324,Deborah,Deng,Deborah Deng,FEMALE,2022-07-10,Seaford
23325,Tiffany,Zimmerman,Tiffany Zimmerman,FEMALE,2022-07-25,Geelong
23326,Tiffany,Ye,Tiffany Ye,FEMALE,2023-08-18,Bellflower
23327,Madison,Moore,Madison Moore,FEMALE,2023-10-03,Daly City
23328,Julian,Butler,Julian Butler,MALE,2023-08-26,El Cajon
23329,Sharon,Raji,Sharon Raji,FEMALE,2023-08-23,Milsons Point
23330,Julian,Washington,Julian Washington,MALE,2023-06-15,Geelong
23331,Jeremiah,Gray,Jeremiah Gray,MALE,2022-07-27,Bendigo
23332,Martin,Garcia,Martin Garcia,MALE,2022-06-30,Caloundra
23333,Steve,Sun,Steve Sun,MALE,2023-07-12,Beaverton
23334,Brandon,Wilson,Brandon Wilson,MALE,2023-07-31,Marysville
23335,James,Robinson,James Robinson,MALE,2023-10-19,Tacoma
23336,Jocelyn,Bryant,Jocelyn Bryant,FEMALE,2023-03-12,Colma
23337,Isaiah,Green,Isaiah Green,MALE,2023-09-28,Woodland Hills
23338,Lucas,Jenkins,Lucas Jenkins,MALE,2023-08-17,Imperial Beach
23339,Zoe,Reed,Zoe Reed,FEMALE,2023-08-09,Burien
23340,Mackenzie,Collins,Mackenzie Collins,FEMALE,2023-10-01,Coronado
23341,Kelvin,Chen,Kelvin Chen,MALE,2023-10-08,Bremerton
23342,Cristina,She,Cristina She,FEMALE,2023-10-08,Chula Vista
23343,Bruce,Rubio,Bruce Rubio,MALE,2022-07-30,Melbourne
23344,Sharon,Xu,Sharon Xu,FEMALE,2022-07-02,Gold Coast
23345,Mario,Lal,Mario Lal,MALE,2023-07-24,North Ryde
23346,Carly,Raji,Carly Raji,FEMALE,2023-04-20,Rhodes
23347,Eddie,Carlson,Eddie Carlson,MALE,2023-09-06,Hawthorne
23348,Tiffany,Chen,Tiffany Chen,FEMALE,2022-07-22,Matraville
23349,Lauren,Johnson,Lauren Johnson,FEMALE,2023-09-27,Fremont
23350,Natalie,Thomas,Natalie Thomas,FEMALE,2024-01-03,Burnaby
23351,Lucas,Sanchez,Lucas Sanchez,MALE,2021-09-06,Port Hammond
23352,Kevin,Mitchell,Kevin Mitchell,MALE,2023-08-17,Redmond
23353,Sophia,Scott,Sophia Scott,FEMALE,2023-09-30,Tacoma
23354,Eddie,Gomez,Eddie Gomez,MALE,2023-02-28,Bellflower
23355,Lance,Serrano,Lance Serrano,MALE,2023-08-07,Berkeley
23356,Grace,Ward,Grace Ward,FEMALE,2023-08-07,Burlingame
23357,Micah,Yang,Micah Yang,MALE,2023-04-15,Burlingame
23358,Alberto,Alvarez,Alberto Alvarez,MALE,2023-08-16,Colma
23359,Dalton,Alexander,Dalton Alexander,MALE,2023-10-09,Downey
23360,Marcus,Moore,Marcus Moore,MALE,2023-03-06,Redwood City
23361,Chloe,Lopez,Chloe Lopez,FEMALE,2024-01-16,Burbank
23362,Nicholas,Martin,Nicholas Martin,MALE,2023-11-07,Oak Bay
23363,David,Russell,David Russell,MALE,2024-01-06,Westminster
23364,Natalie,Young,Natalie Young,FEMALE,2023-04-07,National City
23365,Vanessa,Flores,Vanessa Flores,FEMALE,2023-09-06,Burlingame
23366,Fernando,Campbell,Fernando Campbell,MALE,2023-04-07,Santa Monica
23367,Haley,Ramirez,Haley Ramirez,FEMALE,2023-06-16,Issaquah
23368,Cassidy,Flores,Cassidy Flores,FEMALE,2023-07-02,Westminster
23369,Morgan,Washington,Morgan Washington,FEMALE,2023-09-10,Lemon Grove
23370,Mya,Alexander,Mya Alexander,FEMALE,2023-09-29,Issaquah
23371,Katherine,Roberts,Katherine Roberts,FEMALE,2023-09-05,Edmonds
23372,Jack,Diaz,Jack Diaz,MALE,2023-08-31,Lynnwood
23373,Gabrielle,Murphy,Gabrielle Murphy,FEMALE,2023-09-22,W. Linn
23374,Emma,Gray,Emma Gray,FEMALE,2023-10-12,Santa Cruz
23375,Christian,Zhang,Christian Zhang,MALE,2023-10-23,Santa Cruz
23376,Zachary,Flores,Zachary Flores,MALE,2021-09-23,Royal Oak
23377,Samantha,Hayes,Samantha Hayes,FEMALE,2023-10-21,Kirkland
23378,Jackson,Phillips,Jackson Phillips,MALE,2021-09-17,Haney
23379,Riley,Richardson,Riley Richardson,FEMALE,2023-05-27,Renton
23380,Gabriel,Campbell,Gabriel Campbell,MALE,2023-03-26,Grossmont
23381,Bianca,Hu,Bianca Hu,FEMALE,2024-01-28,Ballard
23382,Xavier,Barnes,Xavier Barnes,MALE,2023-08-29,Woodland Hills
23383,Caleb,Allen,Caleb Allen,MALE,2023-09-05,Chula Vista
23384,Taylor,Wilson,Taylor Wilson,FEMALE,2023-09-21,Burlingame
23385,Isaac,Brooks,Isaac Brooks,MALE,2021-09-03,Langford
23386,Jose,Smith,Jose Smith,MALE,2023-09-23,Lemon Grove
23387,Xavier,Perry,Xavier Perry,MALE,2023-06-09,Bremerton
23388,Ana,Henderson,Ana Henderson,FEMALE,2023-12-06,El Cajon
23389,Jack,Perry,Jack Perry,MALE,2023-04-29,Corvallis
23390,Dakota,Flores,Dakota Flores,MALE,2023-09-05,Spokane
23391,Joanna,Moreno,Joanna Moreno,FEMALE,2023-09-21,Berkeley
23392,Adrienne,Dominguez,Adrienne Dominguez,FEMALE,2023-08-29,Beverly Hills
23393,Jennifer,Anderson,Jennifer Anderson,FEMALE,2023-09-05,National City
23394,Anna,Bell,Anna Bell,FEMALE,2023-09-08,Santa Cruz
23395,Ryan,Martinez,Ryan Martinez,MALE,2023-09-13,West Covina
23396,Kaitlyn,Long,Kaitlyn Long,FEMALE,2021-10-28,Shawnee
23397,Isabelle,Bryant,Isabelle Bryant,FEMALE,2021-10-10,Newton
23398,Karl,Chander,Karl Chander,MALE,2023-09-18,Bellflower
23399,Keith,Pal,Keith Pal,MALE,2023-08-29,Berkeley
23400,Andrew,Lee,Andrew Lee,MALE,2023-12-16,Oakland
23401,Evan,Brooks,Evan Brooks,MALE,2023-09-12,Vancouver
23402,Melissa,Cox,Melissa Cox,FEMALE,2023-02-25,Spokane
23403,Justin,Powell,Justin Powell,MALE,2023-09-21,Bremerton
23404,Amanda,Peterson,Amanda Peterson,FEMALE,2023-09-20,Puyallup
23405,Kari,Madan,Kari Madan,FEMALE,2023-03-20,Bellflower
23406,Frederick,Sanchez,Frederick Sanchez,MALE,2023-02-16,Bellingham
23407,Lauren,Garcia,Lauren Garcia,FEMALE,2023-10-19,San Diego
23408,Ivan,Perez,Ivan Perez,MALE,2022-07-03,Sydney
23409,Brad,Raji,Brad Raji,MALE,2022-07-05,Perth
23410,Carrie,Alvarez,Carrie Alvarez,FEMALE,2022-07-23,Lane Cove
23411,Cesar,Prasad,Cesar Prasad,MALE,2022-07-01,North Ryde
23412,Dalton,Coleman,Dalton Coleman,MALE,2022-07-14,Gold Coast
23413,Max,Ortega,Max Ortega,MALE,2022-07-19,East Brisbane
23414,Damien,Lin,Damien Lin,MALE,2022-07-03,Cloverdale
23415,Kristi,Moreno,Kristi Moreno,FEMALE,2022-07-01,Goulburn
23416,Kristin,Shan,Kristin Shan,FEMALE,2022-07-26,Melton
23417,Emmanuel,Sai,Emmanuel Sai,MALE,2022-07-20,Coffs Harbour
23418,Brittney,Wu,Brittney Wu,FEMALE,2022-07-04,Silverwater
23419,Shawna,Xu,Shawna Xu,FEMALE,2023-10-29,Coffs Harbour
23420,Mario,Moyer,Mario Moyer,MALE,2022-07-25,Hobart
23421,Willie,Yuan,Willie Yuan,MALE,2022-07-03,Malabar
23422,Casey,Alonso,Casey Alonso,MALE,2022-08-21,North Ryde
23423,Adam,Powell,Adam Powell,MALE,2022-08-03,Brisbane
23424,Adriana,Subram,Adriana Subram,FEMALE,2023-04-18,Cranbourne
23425,Rachael,Lopez,Rachael Lopez,FEMALE,2022-08-23,Brisbane
23426,Mathew,Ferrier,Mathew Ferrier,MALE,2023-10-13,North Sydney
23427,Jay,Sai,Jay Sai,MALE,2023-12-04,Sydney
23428,Savannah,Bailey,Savannah Bailey,FEMALE,2023-08-02,Goulburn
23429,Jenny,Kumar,Jenny Kumar,FEMALE,2022-08-16,Hawthorne
23430,Savannah,Turner,Savannah Turner,FEMALE,2023-06-30,Brisbane
23431,Margaret,Guo,Margaret Guo,FEMALE,2022-07-31,Brisbane
23432,Jordan,Roberts,Jordan Roberts,MALE,2022-08-03,Gold Coast
23433,Pedro,Muñoz,Pedro Muñoz,MALE,2022-08-14,Hobart
23434,Katie,Nath,Katie Nath,FEMALE,2022-08-19,Hobart
23435,Rosa,Chen,Rosa Chen,FEMALE,2022-08-20,Matraville
23436,Tanya,Munoz,Tanya Munoz,FEMALE,2022-08-11,Milsons Point
23437,Briana,Munoz,Briana Munoz,FEMALE,2023-10-12,Geelong
23438,Toni,Vance,Toni Vance,FEMALE,2023-09-17,Lane Cove
23439,Ramon,Hu,Ramon Hu,MALE,2023-03-15,North Ryde
23440,Nancy,Sai,Nancy Sai,FEMALE,2023-07-20,Les Ulis
23441,Rafael,Zhang,Rafael Zhang,MALE,2023-06-05,Morangis
23442,Todd,She,Todd She,MALE,2023-03-04,Warrington
23443,Elijah,Jai,Elijah Jai,MALE,2023-10-18,Dunkerque
23444,Aidan,Washington,Aidan Washington,MALE,2023-10-06,Chatou
23445,Andy,Carlson,Andy Carlson,MALE,2023-09-13,Roncq
23446,Nina,Chander,Nina Chander,FEMALE,2023-05-08,Erlangen
23447,Jermaine,Weber,Jermaine Weber,MALE,2024-01-07,Grevenbroich
23448,Abigail,Peterson,Abigail Peterson,FEMALE,2023-11-16,Ballard
23449,Steven,Peterson,Steven Peterson,MALE,2023-02-13,Victoria
23450,Alex,Rogers,Alex Rogers,MALE,2023-09-05,Milwaukie
23451,Taylor,James,Taylor James,FEMALE,2023-04-24,Sedro Woolley
23452,Eduardo,Watson,Eduardo Watson,MALE,2023-02-04,San Diego
23453,Maurice,Deng,Maurice Deng,MALE,2023-10-09,Berkeley
23454,Ryan,Wang,Ryan Wang,MALE,2023-10-04,Santa Monica
23455,Jonathan,Perez,Jonathan Perez,MALE,2023-12-14,Royal Oak
23456,Aidan,Simmons,Aidan Simmons,MALE,2023-05-23,Lincoln Acres
23457,Nicole,Rivera,Nicole Rivera,FEMALE,2023-09-07,Beverly Hills
23458,Mackenzie,Edwards,Mackenzie Edwards,FEMALE,2023-08-10,Port Hammond
23459,Mason,Sanders,Mason Sanders,MALE,2023-09-20,Royal Oak
23460,Javier,Ramos,Javier Ramos,MALE,2023-10-23,Ballard
23461,Rachael,Smith,Rachael Smith,FEMALE,2024-01-07,Beaverton
23462,Seth,Jones,Seth Jones,MALE,2023-10-18,Port Orchard
23463,Sean,Hill,Sean Hill,MALE,2023-10-05,Glendale
23464,Devin,Turner,Devin Turner,MALE,2023-11-14,San Carlos
23465,Grace,Russell,Grace Russell,FEMALE,2023-03-26,Beaverton
23466,Alyssa,Miller,Alyssa Miller,FEMALE,2023-01-31,Olympia
23467,Nicole,Bennett,Nicole Bennett,FEMALE,2024-01-18,Puyallup
23468,Sean,Roberts,Sean Roberts,MALE,2023-12-24,Daly City
23469,Christina,Gray,Christina Gray,FEMALE,2023-04-17,Grossmont
23470,Samuel,Young,Samuel Young,MALE,2023-05-21,La Jolla
23471,Jeremy,Baker,Jeremy Baker,MALE,2023-10-18,Spring Valley
23472,Alyssa,Rodriguez,Alyssa Rodriguez,FEMALE,2023-03-08,Oakland
23473,Jesse,James,Jesse James,MALE,2023-02-28,W. Linn
23474,Julia,Williams,Julia Williams,FEMALE,2023-10-06,Oregon City
23475,Richard,Martin,Richard Martin,MALE,2023-07-09,Bremerton
23476,Charles,Hall,Charles Hall,MALE,2023-07-29,Sooke
23477,Marcus,Phillips,Marcus Phillips,MALE,2023-11-29,Marysville
23478,Hailey,Cooper,Hailey Cooper,FEMALE,2023-10-07,Puyallup
23479,Fernando,Robinson,Fernando Robinson,MALE,2023-10-14,Salem
23480,Sydney,Coleman,Sydney Coleman,FEMALE,2023-11-20,Seattle
23481,Dustin,Xu,Dustin Xu,MALE,2023-06-25,Beverly Hills
23482,Zoe,Gray,Zoe Gray,FEMALE,2023-11-26,Daly City
23483,David,Jai,David Jai,MALE,2023-06-23,Downey
23484,Jenna,Allen,Jenna Allen,FEMALE,2023-11-10,Lincoln Acres
23485,Isabella,Lee,Isabella Lee,FEMALE,2023-12-30,Metchosin
23486,Benjamin,Coleman,Benjamin Coleman,MALE,2021-10-16,Sooke
23487,Gabriel,Evans,Gabriel Evans,MALE,2023-11-11,Haney
23488,Luis,Nelson,Luis Nelson,MALE,2023-11-06,Langley
23489,Autumn,Huang,Autumn Huang,FEMALE,2023-12-25,Bellingham
23490,Nicholas,Wilson,Nicholas Wilson,MALE,2023-05-13,Tacoma
23491,Miguel,Taylor,Miguel Taylor,MALE,2023-07-26,Walla Walla
23492,Jamie,Blanco,Jamie Blanco,MALE,2023-11-14,Burbank
23493,Thomas,Taylor,Thomas Taylor,MALE,2023-11-22,Long Beach
23494,Nicole,Foster,Nicole Foster,FEMALE,2023-12-17,N. Vancouver
23495,James,Shan,James Shan,MALE,2023-10-12,Woodland Hills
23496,Nicholas,Harris,Nicholas Harris,MALE,2023-04-10,Milwaukie
23497,Olivia,Bryant,Olivia Bryant,FEMALE,2023-10-10,Olympia
23498,James,Johnson,James Johnson,MALE,2023-04-04,Oak Bay
23499,Spencer,Washington,Spencer Washington,MALE,2023-11-20,Burbank
23500,Adriana,Garcia,Adriana Garcia,FEMALE,2023-06-03,Concord
23501,Isabelle,Perry,Isabelle Perry,FEMALE,2023-09-24,Lemon Grove
23502,Logan,Lopez,Logan Lopez,MALE,2023-02-12,Los Angeles
23503,Dalton,Torres,Dalton Torres,MALE,2023-03-21,Shawnee
23504,George,Rana,George Rana,MALE,2023-05-28,Ballard
23505,Connor,Sharma,Connor Sharma,MALE,2023-11-01,Burlingame
23506,Jesse,Campbell,Jesse Campbell,MALE,2023-11-05,Oakland
23507,Rachel,Henderson,Rachel Henderson,FEMALE,2023-10-31,San Gabriel
23508,Blake,Jones,Blake Jones,MALE,2023-11-20,Kirkland
23509,Faith,Powell,Faith Powell,FEMALE,2023-11-01,Milwaukie
23510,Morgan,Cooper,Morgan Cooper,FEMALE,2023-09-01,Concord
23511,Joshua,Rodriguez,Joshua Rodriguez,MALE,2021-10-28,Shawnee
23512,Zachary,Henderson,Zachary Henderson,MALE,2023-05-02,Olympia
23513,Erin,Kelly,Erin Kelly,FEMALE,2023-12-28,Vancouver
23514,Chloe,Bell,Chloe Bell,FEMALE,2023-09-26,Issaquah
23515,Zachary,Walker,Zachary Walker,MALE,2023-09-20,Redwood City
23516,Ashley,Miller,Ashley Miller,FEMALE,2023-09-26,Grossmont
23517,Ronald,Martinez,Ronald Martinez,MALE,2023-10-20,Beaverton
23518,Katherine,Adams,Katherine Adams,FEMALE,2023-12-28,Cliffside
23519,Jacqueline,Long,Jacqueline Long,FEMALE,2023-10-23,Coronado
23520,Richard,Wilson,Richard Wilson,MALE,2023-09-23,Salem
23521,Alexis,Gonzales,Alexis Gonzales,FEMALE,2023-08-16,Melbourne
23522,Sydney,Green,Sydney Green,FEMALE,2023-04-11,Sydney
23523,Steve,Liu,Steve Liu,MALE,2022-08-16,Findon
23524,Ronnie,Yang,Ronnie Yang,MALE,2022-08-06,Warrnambool
23525,Derrick,Rubio,Derrick Rubio,MALE,2022-08-21,St. Leonards
23526,Cara,Xu,Cara Xu,FEMALE,2022-08-01,Hobart
23527,Alison,Luo,Alison Luo,FEMALE,2023-05-31,Seaford
23528,Jaime,Ferrier,Jaime Ferrier,MALE,2023-09-16,Coffs Harbour
23529,Kendra,Munoz,Kendra Munoz,FEMALE,2022-08-19,Warrnambool
23530,Ivan,Prasad,Ivan Prasad,MALE,2024-01-05,Goulburn
23531,Alexis,Powell,Alexis Powell,FEMALE,2022-08-03,Caloundra
23532,Brett,Martinez,Brett Martinez,MALE,2022-08-04,Sydney
23533,Rafael,Nath,Rafael Nath,MALE,2022-08-12,Port Macquarie
23534,Ashlee,Luo,Ashlee Luo,FEMALE,2022-08-24,Brisbane
23535,Dawn,Goel,Dawn Goel,FEMALE,2023-08-13,Hobart
23536,Savannah,Adams,Savannah Adams,FEMALE,2023-06-11,Sunbury
23537,Victor,Hernandez,Victor Hernandez,MALE,2023-11-12,Sydney
23538,Carlos,Evans,Carlos Evans,MALE,2022-08-22,Hobart
23539,Darren,Munoz,Darren Munoz,MALE,2022-08-17,Seaford
23540,Bruce,Lopez,Bruce Lopez,MALE,2022-08-18,Gold Coast
23541,Dana,Suarez,Dana Suarez,FEMALE,2022-08-03,Cloverdale
23542,Justin,Martin,Justin Martin,MALE,2022-08-18,Geelong
23543,Michele,Sanchez,Michele Sanchez,FEMALE,2023-08-20,Townsville
23544,Misty,Raje,Misty Raje,FEMALE,2022-08-26,Bendigo
23545,Lacey,Liu,Lacey Liu,FEMALE,2022-08-01,Sydney
23546,Kathryn,Jai,Kathryn Jai,FEMALE,2022-08-19,Cranbourne
23547,Francis,Serrano,Francis Serrano,MALE,2022-08-17,Sunbury
23548,Haley,Morris,Haley Morris,FEMALE,2023-12-21,Vancouver
23549,George,Sai,George Sai,MALE,2023-05-29,Beverly Hills
23550,Jennifer,Cook,Jennifer Cook,FEMALE,2023-10-30,Palo Alto
23551,Mason,Scott,Mason Scott,MALE,2023-09-19,Langley
23552,Caleb,Russell,Caleb Russell,MALE,2023-11-25,Oak Bay
23553,Jasmine,Anderson,Jasmine Anderson,FEMALE,2023-08-26,Shawnee
23554,Joan,Cook,Joan Cook,FEMALE,2023-07-04,Sooke
23555,Andres,Chavez,Andres Chavez,MALE,2023-03-25,Beaverton
23556,Kristi,Munoz,Kristi Munoz,FEMALE,2023-01-28,Bremerton
23557,Victoria,Washington,Victoria Washington,FEMALE,2023-05-14,Langford
23558,Dakota,Barnes,Dakota Barnes,MALE,2023-10-12,Long Beach
23559,Jocelyn,Patterson,Jocelyn Patterson,FEMALE,2023-01-31,Metchosin
23560,Jacqueline,Flores,Jacqueline Flores,FEMALE,2023-10-22,Daly City
23561,Jose,Williams,Jose Williams,MALE,2023-07-03,Tacoma
23562,Warren,Luo,Warren Luo,MALE,2023-05-29,Coffs Harbour
23563,Kurt,Chavez,Kurt Chavez,MALE,2023-08-29,Sydney
23564,Jessica,Howard,Jessica Howard,FEMALE,2023-09-15,Newport Beach
23565,Julia,Torres,Julia Torres,FEMALE,2023-12-27,Newport Beach
23566,Benjamin,Shan,Benjamin Shan,MALE,2021-10-04,Langley
23567,Xavier,Green,Xavier Green,MALE,2023-06-13,Metchosin
23568,Paige,Diaz,Paige Diaz,FEMALE,2023-10-25,Lake Oswego
23569,Vanessa,Price,Vanessa Price,FEMALE,2023-07-19,Cranbourne
23570,Deanna,Romero,Deanna Romero,FEMALE,2023-04-29,Malabar
23571,Alisha,Guo,Alisha Guo,FEMALE,2022-08-16,Milsons Point
23572,Donna,Pal,Donna Pal,FEMALE,2022-08-21,Caloundra
23573,Jorge,Gao,Jorge Gao,MALE,2022-08-24,Hervey Bay
23574,Ebony,Hernandez,Ebony Hernandez,FEMALE,2022-08-19,Goulburn
23575,Bobby,Ray,Bobby Ray,MALE,2022-08-03,Milsons Point
23576,Ann,Sara,Ann Sara,FEMALE,2023-05-21,Coffs Harbour
23577,Julia,Bennett,Julia Bennett,FEMALE,2023-02-27,Lake Oswego
23578,Eric,Lal,Eric Lal,MALE,2023-03-16,Lincoln Acres
23579,Jared,Richardson,Jared Richardson,MALE,2023-11-02,Lynnwood
23580,Ryan,Jones,Ryan Jones,MALE,2023-02-25,Concord
23581,Jan,Hill,Jan Hill,FEMALE,2023-08-17,Torrance
23582,Stephanie,Simmons,Stephanie Simmons,FEMALE,2023-09-30,Redwood City
23583,Brianna,Martin,Brianna Martin,FEMALE,2021-10-27,N. Vancouver
23584,Jason,Evans,Jason Evans,MALE,2023-11-05,Tacoma
23585,Kaitlyn,Moore,Kaitlyn Moore,FEMALE,2023-11-03,Burien
23586,Madison,Coleman,Madison Coleman,FEMALE,2023-11-09,Palo Alto
23587,Hailey,Gonzalez,Hailey Gonzalez,FEMALE,2023-11-27,Torrance
23588,Ryan,Hughes,Ryan Hughes,MALE,2023-05-01,Port Orchard
23589,Amanda,Baker,Amanda Baker,FEMALE,2023-11-18,Imperial Beach
23590,Austin,Brown,Austin Brown,MALE,2024-01-05,La Jolla
23591,Justin,Henderson,Justin Henderson,MALE,2023-03-29,Metchosin
23592,Joseph,Jackson,Joseph Jackson,MALE,2021-10-04,Oak Bay
23593,Krystal,Zhou,Krystal Zhou,FEMALE,2022-08-05,Goulburn
23594,Paula,Diaz,Paula Diaz,FEMALE,2023-06-27,Burlingame
23595,Carrie,Rubio,Carrie Rubio,FEMALE,2023-10-29,Lille
23596,Katherine,Bradley,Katherine Bradley,FEMALE,2023-09-01,Paris
23597,Meredith,Perez,Meredith Perez,FEMALE,2023-01-27,Cambridge
23598,Linda,Ramos,Linda Ramos,FEMALE,2023-09-10,Esher-Molesey
23599,Mackenzie,Roberts,Mackenzie Roberts,FEMALE,2023-12-16,Leeds
23600,Peter,Sharma,Peter Sharma,MALE,2023-03-13,Lieusaint
23601,Kari,Alan,Kari Alan,FEMALE,2023-06-24,Berlin
23602,Andrea,Lopez,Andrea Lopez,FEMALE,2023-02-15,Erlangen
23603,Shane,Malhotra,Shane Malhotra,MALE,2023-12-18,Boulogne-Billancourt
23604,Troy,Kovar,Troy Kovar,MALE,2023-09-26,Essen
23605,Deanna,Sabella,Deanna Sabella,MALE,2023-11-29,Salzgitter
23606,Kenneth,Raje,Kenneth Raje,MALE,2023-01-16,Kirkby
23607,Wayne,She,Wayne She,MALE,2023-01-14,London
23608,Jessie,Blanco,Jessie Blanco,FEMALE,2023-02-23,London
23609,Clarence,Li,Clarence Li,MALE,2023-05-16,Courbevoie
23610,Cory,Perez,Cory Perez,MALE,2024-01-21,Drancy
23611,Dave,Natsuhara,Dave Natsuhara,MALE,2023-06-14,Sèvres
23612,Rosa,Liu,Rosa Liu,FEMALE,2023-12-12,Essen
23613,Clayton,Lu,Clayton Lu,MALE,2023-06-24,Lancaster
23614,Rachel,Cook,Rachel Cook,FEMALE,2023-05-18,Oxford
23615,Kendra,Suarez,Kendra Suarez,FEMALE,2023-10-01,Wokingham
23616,Karen,Roberts,Karen Roberts,FEMALE,2023-09-20,Saarlouis
23617,Kara,She,Kara She,FEMALE,2023-12-07,Lancaster
23618,Dale,Holt,Dale Holt,MALE,2023-02-08,West Sussex
23619,Ricardo,Tang,Ricardo Tang,MALE,2023-09-16,Essen
23620,Roy,Arun,Roy Arun,MALE,2023-08-19,Oxon
23621,Felicia,Townsend,Felicia Townsend,FEMALE,2023-12-17,Drancy
23622,Darren,Moreno,Darren Moreno,MALE,2023-06-21,Münster
23623,Jocelyn,Griffin,Jocelyn Griffin,FEMALE,2023-02-22,Lille
23624,Jillian,Malhotra,Jillian Malhotra,FEMALE,2023-05-23,Frankfurt am Main
23625,Micheal,Navarro,Micheal Navarro,MALE,2023-10-17,London
23626,Ross,Mehta,Ross Mehta,MALE,2023-07-24,Chatou
23627,Adrienne,Navarro,Adrienne Navarro,FEMALE,2023-09-08,Erlangen
23628,Kara,Shen,Kara Shen,FEMALE,2023-05-18,Cheltenham
23629,Alfredo,Gill,Alfredo Gill,MALE,2023-02-07,London
23630,Dominic,Fernandez,Dominic Fernandez,MALE,2023-02-14,Warrington
23631,Colin,Wang,Colin Wang,MALE,2024-01-19,Saint Ouen
23632,Kristen,Zhou,Kristen Zhou,FEMALE,2023-04-08,München
23633,Deborah,Chande,Deborah Chande,FEMALE,2023-11-24,Paderborn
23634,Ernest,Li,Ernest Li,MALE,2023-08-13,Stuttgart
23635,Alvin,Luo,Alvin Luo,MALE,2023-02-04,Maidenhead
23636,Rachael,Gonzalez,Rachael Gonzalez,FEMALE,2023-02-22,Oxford
23637,Yolanda,Jai,Yolanda Jai,FEMALE,2023-09-10,Croix
23638,Nelson,Ruiz,Nelson Ruiz,MALE,2023-09-24,Kirkby
23639,Christy,Guo,Christy Guo,FEMALE,2023-02-26,Lancaster
23640,Bruce,Jiménez,Bruce Jiménez,MALE,2022-08-06,Springwood
23641,Megan,Morris,Megan Morris,FEMALE,2023-06-07,Rockhampton
23642,Anne,Gutierrez,Anne Gutierrez,FEMALE,2024-01-18,St. Leonards
23643,Erica,Zheng,Erica Zheng,FEMALE,2023-05-04,North Ryde
23644,Allison,Young,Allison Young,FEMALE,2023-10-05,Coffs Harbour
23645,Curtis,Zheng,Curtis Zheng,MALE,2022-08-09,Melbourne
23646,Jamie,Lu,Jamie Lu,FEMALE,2023-07-03,Rockhampton
23647,Wayne,Shen,Wayne Shen,MALE,2023-09-21,Gold Coast
23648,Karla,Chander,Karla Chander,FEMALE,2022-08-24,Gold Coast
23649,Naomi,Ruiz,Naomi Ruiz,FEMALE,2022-08-14,Springwood
23650,Carolyn,Vazquez,Carolyn Vazquez,FEMALE,2023-05-27,Findon
23651,Marvin,Alvarez,Marvin Alvarez,MALE,2022-09-05,Melbourne
23652,Roger,Goel,Roger Goel,MALE,2022-09-27,Townsville
23653,Devin,Campbell,Devin Campbell,MALE,2022-09-01,Sunbury
23654,Alisha,Wu,Alisha Wu,FEMALE,2023-07-29,Sydney
23655,Grace,Murphy,Grace Murphy,FEMALE,2022-09-02,Coffs Harbour
23656,Naomi,Ramos,Naomi Ramos,FEMALE,2022-09-24,Sunbury
23657,Alison,Jai,Alison Jai,FEMALE,2023-10-15,Gold Coast
23658,Ross,Arun,Ross Arun,MALE,2022-09-19,Malabar
23659,Drew,Shan,Drew Shan,MALE,2022-09-27,Cranbourne
23660,Christy,Tang,Christy Tang,FEMALE,2022-09-08,North Ryde
23661,Abigail,Washington,Abigail Washington,FEMALE,2022-09-22,Port Macquarie
23662,Cynthia,Sanchez,Cynthia Sanchez,FEMALE,2022-09-12,Milsons Point
23663,Neil,Dominguez,Neil Dominguez,MALE,2022-09-14,Wollongong
23664,Sandra,Guo,Sandra Guo,FEMALE,2022-09-13,Geelong
23665,Crystal,Yang,Crystal Yang,FEMALE,2022-09-06,Newcastle
23666,Olivia,Anderson,Olivia Anderson,FEMALE,2023-09-28,Tacoma
23667,Harold,Arun,Harold Arun,MALE,2023-12-22,Bremerton
23668,Jessica,Hughes,Jessica Hughes,FEMALE,2023-10-14,Beaverton
23669,Sean,Torres,Sean Torres,MALE,2023-12-19,Oakland
23670,Mya,Henderson,Mya Henderson,FEMALE,2023-01-29,Salem
23671,Fernando,Thomas,Fernando Thomas,MALE,2023-09-26,Bremerton
23672,Abigail,Flores,Abigail Flores,FEMALE,2023-06-08,Puyallup
23673,Kayla,Miller,Kayla Miller,FEMALE,2023-05-20,Newton
23674,Jeremiah,Walker,Jeremiah Walker,MALE,2023-12-22,El Cajon
23675,Emmanuel,Prasad,Emmanuel Prasad,MALE,2023-09-19,Bellingham
23676,Brandon,Diaz,Brandon Diaz,MALE,2023-02-25,Metchosin
23677,Charles,Lewis,Charles Lewis,MALE,2023-10-23,Mill Valley
23678,Kelly,Diaz,Kelly Diaz,FEMALE,2023-03-31,Lincoln Acres
23679,Jacob,Harris,Jacob Harris,MALE,2023-02-06,Oak Bay
23680,Anna,Powell,Anna Powell,FEMALE,2023-10-23,Beverly Hills
23681,Jordan,Gonzales,Jordan Gonzales,MALE,2023-11-29,Victoria
23682,Natalie,Harris,Natalie Harris,FEMALE,2023-02-10,Langford
23683,Dana,Alonso,Dana Alonso,FEMALE,2023-10-01,Bellflower
23684,Jasmine,Rodriguez,Jasmine Rodriguez,FEMALE,2024-01-23,Grossmont
23685,Alexa,Reed,Alexa Reed,FEMALE,2023-09-04,Lakewood
23686,Rachel,Murphy,Rachel Murphy,FEMALE,2023-11-28,La Jolla
23687,Melissa,Flores,Melissa Flores,FEMALE,2023-07-04,Yakima
23688,Olivia,Thomas,Olivia Thomas,FEMALE,2023-01-12,Novato
23689,Kayla,Hall,Kayla Hall,FEMALE,2023-07-04,West Covina
23690,Angel,James,Angel James,MALE,2023-02-01,Daly City
23691,Karen,Hu,Karen Hu,FEMALE,2023-06-12,Bellingham
23692,Isaac,King,Isaac King,MALE,2023-07-10,Redmond
23693,Jacqueline,Jenkins,Jacqueline Jenkins,FEMALE,2023-07-13,San Francisco
23694,Brian,Brooks,Brian Brooks,MALE,2023-06-30,W. Linn
23695,Elijah,Coleman,Elijah Coleman,MALE,2023-02-06,Burlingame
23696,Autumn,Li,Autumn Li,FEMALE,2023-03-21,Bremerton
23697,Cody,Kelly,Cody Kelly,MALE,2023-04-14,Corvallis
23698,Melissa,Coleman,Melissa Coleman,FEMALE,2023-12-26,Burbank
23699,Nicholas,Walker,Nicholas Walker,MALE,2023-08-02,Downey
23700,Katelyn,Young,Katelyn Young,FEMALE,2023-12-22,Lebanon
23701,Marissa,Barnes,Marissa Barnes,FEMALE,2023-09-29,Novato
23702,Eduardo,James,Eduardo James,MALE,2024-01-22,Coronado
23703,Jacqueline,Sanchez,Jacqueline Sanchez,FEMALE,2023-10-12,Colma
23704,Christopher,Moore,Christopher Moore,MALE,2023-10-01,Lakewood
23705,Jeremy,Bryant,Jeremy Bryant,MALE,2023-11-16,El Cajon
23706,Mackenzie,Cooper,Mackenzie Cooper,FEMALE,2023-10-31,Edmonds
23707,William,Anderson,William Anderson,MALE,2023-11-19,Marysville
23708,Victoria,Coleman,Victoria Coleman,FEMALE,2023-11-13,Beverly Hills
23709,Devin,Perry,Devin Perry,MALE,2023-11-28,Downey
23710,Anna,Sanchez,Anna Sanchez,FEMALE,2023-08-16,Bremerton
23711,Fernando,Diaz,Fernando Diaz,MALE,2023-02-21,Sedro Woolley
23712,Riley,Murphy,Riley Murphy,FEMALE,2023-08-14,National City
23713,Arianna,Butler,Arianna Butler,FEMALE,2023-12-19,Torrance
23714,Joseph,Williams,Joseph Williams,MALE,2023-03-06,Salem
23715,Isabel,Flores,Isabel Flores,FEMALE,2023-11-17,Spokane
23716,Kyle,Wright,Kyle Wright,MALE,2023-04-16,Port Hammond
23717,Aidan,Griffin,Aidan Griffin,MALE,2023-05-26,Redmond
23718,Nelson,Blanco,Nelson Blanco,MALE,2023-10-18,Burlingame
23719,Marcus,James,Marcus James,MALE,2024-01-13,Shawnee
23720,Anna,Davis,Anna Davis,FEMALE,2023-11-22,Woodburn
23721,John,Clark,John Clark,MALE,2023-10-17,Downey
23722,Andrea,Perez,Andrea Perez,FEMALE,2023-03-19,Glendale
23723,Jose,Phillips,Jose Phillips,MALE,2023-10-04,Lincoln Acres
23724,Gabrielle,Hughes,Gabrielle Hughes,FEMALE,2023-11-17,Spring Valley
23725,Dennis,Ware,Dennis Ware,MALE,2021-10-01,Westminster
23726,Darrell,Xie,Darrell Xie,MALE,2023-10-25,Burien
23727,Bruce,Serrano,Bruce Serrano,MALE,2023-06-26,Colma
23728,Paige,Kelly,Paige Kelly,FEMALE,2023-04-10,Downey
23729,Marcus,Allen,Marcus Allen,MALE,2023-02-03,Novato
23730,Morgan,Rodriguez,Morgan Rodriguez,FEMALE,2021-10-15,Haney
23731,Jose,Thompson,Jose Thompson,MALE,2021-10-15,N. Vancouver
23732,Xavier,Wood,Xavier Wood,MALE,2023-04-05,Bellingham
23733,Natasha,Gomez,Natasha Gomez,FEMALE,2023-10-08,Bremerton
23734,Melanie,Wood,Melanie Wood,FEMALE,2023-07-14,Salem
23735,Amanda,Washington,Amanda Washington,FEMALE,2023-03-02,Salem
23736,Sydney,Rivera,Sydney Rivera,FEMALE,2023-05-04,Walla Walla
23737,Elena,Velez Amezaga,Elena Velez Amezaga,FEMALE,2023-08-12,Beverly Hills
23738,Julian,Bennett,Julian Bennett,MALE,2023-10-16,West Covina
23739,Virginia,Kapoor,Virginia Kapoor,FEMALE,2023-10-30,Berkeley
23740,Noah,Jackson,Noah Jackson,MALE,2023-08-03,Redwood City
23741,Dana,Romero,Dana Romero,FEMALE,2023-10-19,Bremerton
23742,Morgan,Cox,Morgan Cox,FEMALE,2023-10-07,La Jolla
23743,Terrence,Xu,Terrence Xu,MALE,2023-02-24,Maidenhead
23744,Barry,Prasad,Barry Prasad,MALE,2023-10-21,Colomiers
23745,Dana,Vazquez,Dana Vazquez,FEMALE,2023-04-30,Paris
23746,Lane,Sacksteder,Lane Sacksteder,FEMALE,2023-09-30,Paris
23747,Theodore,Romero,Theodore Romero,MALE,2023-04-25,Cambridge
23748,Yolanda,Pal,Yolanda Pal,FEMALE,2023-10-07,Les Ulis
23749,Brandi,Ashe,Brandi Ashe,FEMALE,2023-09-19,Paris
23750,Tanya,Serrano,Tanya Serrano,FEMALE,2023-02-07,London
23751,Lacey,Lal,Lacey Lal,FEMALE,2023-03-11,Milton Keynes
23752,Devin,Torres,Devin Torres,MALE,2023-04-06,Runcorn
23753,Arthur,Sara,Arthur Sara,MALE,2023-04-24,Gloucestershire
23754,Cassie,Goel,Cassie Goel,FEMALE,2023-10-21,Paris La Defense
23755,Louis,Wu,Louis Wu,MALE,2023-08-16,Frankfurt
23756,Omar,Jai,Omar Jai,MALE,2023-04-01,Les Ulis
23757,James,Roberts,James Roberts,MALE,2023-04-29,Neunkirchen
23758,Virginia,Malhotra,Virginia Malhotra,FEMALE,2023-02-14,Paris
23759,Clinton,Alonso,Clinton Alonso,MALE,2023-01-21,Frankfurt am Main
23760,Nina,Sharma,Nina Sharma,FEMALE,2023-04-14,Bracknell
23761,Tonya,Pal,Tonya Pal,FEMALE,2023-06-22,Saint Germain en Laye
23762,Ruben,Ramos,Ruben Ramos,MALE,2023-04-21,Wokingham
23763,Micheal,Romero,Micheal Romero,MALE,2023-03-21,Paris La Defense
23764,Alisha,Liu,Alisha Liu,FEMALE,2023-02-21,Eilenburg
23765,Kelly,Price,Kelly Price,FEMALE,2023-03-24,Neunkirchen
23766,Cassandra,Martinez,Cassandra Martinez,FEMALE,2023-07-31,Solingen
23767,Arianna,Bennett,Arianna Bennett,FEMALE,2024-01-17,Stoke-on-Trent
23768,Joshua,Garcia,Joshua Garcia,MALE,2024-01-01,Runcorn
23769,Natasha,Dominguez,Natasha Dominguez,FEMALE,2023-03-14,Lancaster
23770,Jamie,Carlson,Jamie Carlson,MALE,2023-02-21,Maidenhead
23771,Julio,Gomez,Julio Gomez,MALE,2023-05-13,Orly
23772,Cory,Raman,Cory Raman,MALE,2023-07-15,Berlin
23773,Jon,Cai,Jon Cai,MALE,2023-03-31,Saint Ouen
23774,Reginald,Harrison,Reginald Harrison,MALE,2023-04-05,Esher-Molesey
23775,Cedric,Shan,Cedric Shan,MALE,2023-04-18,Oxford
23776,Cristina,Yuan,Cristina Yuan,FEMALE,2023-03-17,Stuttgart
23777,Candice,Zhang,Candice Zhang,FEMALE,2023-05-01,Milton Keynes
23778,Louis,Huang,Louis Huang,MALE,2023-10-23,Colombes
23779,Deanna,Dominguez,Deanna Dominguez,FEMALE,2023-05-27,London
23780,Mason,Stewart,Mason Stewart,MALE,2023-03-28,Roubaix
23781,Jordyn,Ross,Jordyn Ross,FEMALE,2023-10-15,San Gabriel
23782,Edward,Bryant,Edward Bryant,MALE,2023-09-25,Port Orchard
23783,Zachary,Smith,Zachary Smith,MALE,2023-03-03,Langford
23784,Preston,Arun,Preston Arun,MALE,2023-02-06,Beaverton
23785,Taylor,Harris,Taylor Harris,FEMALE,2023-02-03,Redmond
23786,Carrie,Serrano,Carrie Serrano,FEMALE,2023-07-10,Bellingham
23787,Adrian,Ward,Adrian Ward,MALE,2023-03-25,Berkeley
23788,Michael,Smith,Michael Smith,MALE,2023-08-22,Burbank
23789,Ryan,Walker,Ryan Walker,MALE,2023-09-24,Concord
23790,Isabella,Williams,Isabella Williams,FEMALE,2023-07-07,Lebanon
23791,Aaron,Griffin,Aaron Griffin,MALE,2023-06-30,Walla Walla
23792,Jessie,Wu,Jessie Wu,MALE,2023-07-16,Burien
23793,Ryan,Kumar,Ryan Kumar,MALE,2023-04-16,Burien
23794,Abigail,Powell,Abigail Powell,FEMALE,2023-10-02,Daly City
23795,Lauren,Moore,Lauren Moore,FEMALE,2023-03-19,Coronado
23796,Miguel,Young,Miguel Young,MALE,2023-07-05,Redwood City
23797,Nathan,Perez,Nathan Perez,MALE,2023-04-12,Long Beach
23798,Julia,Kelly,Julia Kelly,FEMALE,2023-03-18,N. Vancouver
23799,Carolyn,Chandra,Carolyn Chandra,FEMALE,2023-12-12,Bellflower
23800,Kaylee,Cox,Kaylee Cox,FEMALE,2023-10-06,La Jolla
23801,Taylor,Wood,Taylor Wood,FEMALE,2023-02-15,Salem
23802,Emily,Diaz,Emily Diaz,FEMALE,2023-12-03,Salem
23803,Bernard,Thames,Bernard Thames,MALE,2023-06-05,Royal Oak
23804,Kristen,Ma,Kristen Ma,FEMALE,2023-03-24,Bremerton
23805,Luke,Hayes,Luke Hayes,MALE,2023-09-25,Lake Oswego
23806,Olivia,Foster,Olivia Foster,FEMALE,2021-10-27,Langley
23807,Carson,Hughes,Carson Hughes,MALE,2023-10-26,Daly City
23808,Spencer,Perry,Spencer Perry,MALE,2023-06-20,Lincoln Acres
23809,Danielle,Sanchez,Danielle Sanchez,FEMALE,2023-09-12,National City
23810,Sarah,Lee,Sarah Lee,FEMALE,2023-05-22,La Jolla
23811,Ethan,Powell,Ethan Powell,MALE,2023-10-25,San Gabriel
23812,Cameron,Butler,Cameron Butler,MALE,2023-10-02,San Diego
23813,Hannah,Bennett,Hannah Bennett,FEMALE,2023-10-16,Redwood City
23814,Angela,Foster,Angela Foster,FEMALE,2023-09-10,Torrance
23815,Julia,Ward,Julia Ward,FEMALE,2023-10-04,San Carlos
23816,Natalie,Johnson,Natalie Johnson,FEMALE,2023-10-01,Coronado
23817,Kaitlyn,Murphy,Kaitlyn Murphy,FEMALE,2023-06-22,Lebanon
23818,Cassidy,Gonzales,Cassidy Gonzales,FEMALE,2023-10-06,Chula Vista
23819,Vanessa,Washington,Vanessa Washington,FEMALE,2021-10-14,Vancouver
23820,Isabelle,Diaz,Isabelle Diaz,FEMALE,2023-12-15,Beaverton
23821,Jordan,Lal,Jordan Lal,MALE,2023-11-17,Edmonds
23822,Sierra,Campbell,Sierra Campbell,FEMALE,2023-05-05,Portland
23823,Samuel,Davis,Samuel Davis,MALE,2023-05-18,Bellflower
23824,Edward,Carter,Edward Carter,MALE,2023-02-06,Downey
23825,Katherine,Coleman,Katherine Coleman,FEMALE,2023-10-17,Glendale
23826,Dalton,Ross,Dalton Ross,MALE,2023-04-11,Long Beach
23827,Wyatt,Hall,Wyatt Hall,MALE,2023-12-04,Victoria
23828,Carolyn,Carlson,Carolyn Carlson,FEMALE,2023-11-12,Concord
23829,Anthony,Rodriguez,Anthony Rodriguez,MALE,2021-10-06,Langford
23830,Cameron,White,Cameron White,MALE,2021-10-13,Metchosin
23831,Colleen,Jai,Colleen Jai,FEMALE,2023-02-01,Beaverton
23832,Alexandra,Ramirez,Alexandra Ramirez,FEMALE,2023-11-02,Bellingham
23833,Kevin,Gonzales,Kevin Gonzales,MALE,2023-11-27,Issaquah
23834,Ethan,Long,Ethan Long,MALE,2023-11-09,Renton
23835,Marcus,Jackson,Marcus Jackson,MALE,2023-11-06,Grossmont
23836,Chloe,Carter,Chloe Carter,FEMALE,2023-11-20,Lincoln Acres
23837,Jonathan,Li,Jonathan Li,MALE,2023-11-17,Concord
23838,Ariana,Ready,Ariana Ready,FEMALE,2023-11-20,Coronado
23839,Savannah,Howard,Savannah Howard,FEMALE,2023-04-15,Colma
23840,Mason,Ward,Mason Ward,MALE,2023-11-22,Chula Vista
23841,Sydney,Phillips,Sydney Phillips,FEMALE,2023-11-22,Woodland Hills
23842,Connor,Bryant,Connor Bryant,MALE,2021-10-11,Langford
23843,Marcus,Patterson,Marcus Patterson,MALE,2023-11-18,Los Angeles
23844,Alexandra,Gonzales,Alexandra Gonzales,FEMALE,2023-11-24,Port Orchard
23845,Madeline,Turner,Madeline Turner,FEMALE,2023-11-16,Redwood City
23846,Aidan,Diaz,Aidan Diaz,MALE,2021-10-26,Vancouver
23847,Chad,Sharma,Chad Sharma,MALE,2023-11-02,Beaverton
23848,Pamela,Sai,Pamela Sai,FEMALE,2023-11-01,Beverly Hills
23849,Alexis,Simmons,Alexis Simmons,FEMALE,2023-11-09,Marysville
23850,Anna,Hall,Anna Hall,FEMALE,2023-11-12,Marysville
23851,Mariah,Rogers,Mariah Rogers,FEMALE,2023-11-02,W. Linn
23852,Desiree,Torres,Desiree Torres,FEMALE,2023-11-13,Berkeley
23853,Isaac,Perez,Isaac Perez,MALE,2023-11-17,Sedro Woolley
23854,Megan,Torres,Megan Torres,FEMALE,2023-11-10,National City
23855,Carlos,Watson,Carlos Watson,MALE,2023-11-20,El Cajon
23856,Sarah,Taylor,Sarah Taylor,FEMALE,2023-11-01,Sedro Woolley
23857,Alexandra,Anderson,Alexandra Anderson,FEMALE,2023-11-14,Lebanon
23858,Jonathan,Powell,Jonathan Powell,MALE,2021-10-01,Oak Bay
23859,Megan,Anderson,Megan Anderson,FEMALE,2021-10-20,Victoria
23860,Eric,Long,Eric Long,MALE,2023-11-05,Port Orchard
23861,Keith,Anand,Keith Anand,MALE,2023-02-16,Beaverton
23862,Rebekah,Kapoor,Rebekah Kapoor,FEMALE,2023-03-31,Concord
23863,Christian,Williams,Christian Williams,MALE,2023-06-10,Fremont
23864,Chloe,Jackson,Chloe Jackson,FEMALE,2023-07-29,Palo Alto
23865,Lori,Sanz,Lori Sanz,FEMALE,2021-11-01,Burnaby
23866,Xavier,Flores,Xavier Flores,MALE,2021-11-13,Cliffside
23867,Sarah,Henderson,Sarah Henderson,FEMALE,2021-11-14,Sooke
23868,Abigail,Coleman,Abigail Coleman,FEMALE,2021-11-15,Victoria
23869,Wayne,Nara,Wayne Nara,MALE,2023-03-10,Ballard
23870,Elijah,Henderson,Elijah Henderson,MALE,2023-12-21,Salem
23871,Bailey,Richardson,Bailey Richardson,FEMALE,2023-12-10,W. Linn
23872,Matthew,Garcia,Matthew Garcia,MALE,2023-12-19,Woodburn
23873,Nicole,Miller,Nicole Miller,FEMALE,2023-12-07,Spring Valley
23874,Abigail,Cook,Abigail Cook,FEMALE,2023-10-30,Beaverton
23875,Sean,Green,Sean Green,MALE,2023-11-24,Tacoma
23876,David,Henderson,David Henderson,MALE,2023-10-03,San Gabriel
23877,Katherine,Morris,Katherine Morris,FEMALE,2023-11-29,San Diego
23878,Chloe,Wood,Chloe Wood,FEMALE,2023-12-07,San Francisco
23879,Amber,Gonzalez,Amber Gonzalez,FEMALE,2023-03-29,Port Hammond
23880,Noah,Patterson,Noah Patterson,MALE,2023-12-04,Long Beach
23881,Joshua,Martinez,Joshua Martinez,MALE,2023-12-01,Los Angeles
23882,Alexia,Butler,Alexia Butler,FEMALE,2023-12-11,National City
23883,Jackson,Russell,Jackson Russell,MALE,2023-12-24,Oakland
23884,Ethan,Ross,Ethan Ross,MALE,2023-12-28,Santa Cruz
23885,Angela,Morris,Angela Morris,FEMALE,2023-12-22,Spring Valley
23886,Sean,Stewart,Sean Stewart,MALE,2023-12-04,West Covina
23887,Mason,Carter,Mason Carter,MALE,2023-12-03,Bellingham
23888,Edward,Clark,Edward Clark,MALE,2023-03-06,Woodland Hills
23889,Sean,Carter,Sean Carter,MALE,2023-12-22,Walla Walla
23890,Haley,Cox,Haley Cox,FEMALE,2023-08-25,Concord
23891,Jack,Jenkins,Jack Jenkins,MALE,2023-06-06,Milwaukie
23892,Olivia,Bailey,Olivia Bailey,FEMALE,2023-06-05,Langley
23893,Zachary,Clark,Zachary Clark,MALE,2023-06-17,Metchosin
23894,Bryan,Ramirez,Bryan Ramirez,MALE,2023-03-17,Issaquah
23895,Nicole,Powell,Nicole Powell,FEMALE,2023-12-07,Corvallis
23896,Megan,Peterson,Megan Peterson,FEMALE,2023-12-15,Olympia
23897,Katrina,Chapman,Katrina Chapman,FEMALE,2023-03-14,Bonn
23898,Shawna,Rai,Shawna Rai,FEMALE,2023-07-14,Braunschweig
23899,Lindsey,Nath,Lindsey Nath,FEMALE,2023-10-27,Dunkerque
23900,Rafael,Yang,Rafael Yang,MALE,2023-08-22,Frankfurt
23901,Max,Gutierrez,Max Gutierrez,MALE,2023-10-01,Suresnes
23902,Julie,Kumar,Julie Kumar,FEMALE,2023-08-15,Berlin
23903,Harold,Subram,Harold Subram,MALE,2023-08-06,Ingolstadt
23904,Haley,Washington,Haley Washington,FEMALE,2023-04-19,Gateshead
23905,Jose,Zhang,Jose Zhang,MALE,2023-08-20,Erlangen
23906,Alan,Ma,Alan Ma,MALE,2023-04-10,München
23907,Hector,Navarro,Hector Navarro,MALE,2023-05-05,London
23908,Max,Sanz,Max Sanz,MALE,2023-11-27,Colombes
23909,Todd,Lin,Todd Lin,MALE,2023-11-12,Paris
23910,Gabriel,Perry,Gabriel Perry,MALE,2023-04-07,Ingolstadt
23911,Priscilla,Sharma,Priscilla Sharma,FEMALE,2023-09-08,Lille
23912,Arthur,Sanchez,Arthur Sanchez,MALE,2023-11-02,Kassel
23913,Riley,Cooper,Riley Cooper,FEMALE,2023-12-30,Chatou
23914,Tonya,Sharma,Tonya Sharma,FEMALE,2023-09-05,Bonn
23915,Lawrence,Serrano,Lawrence Serrano,MALE,2023-11-30,Berlin
23916,Ruben,Serrano,Ruben Serrano,MALE,2023-08-30,Frankfurt am Main
23917,Carrie,Carlson,Carrie Carlson,FEMALE,2023-08-08,Hamburg
23918,Kendra,Navarro,Kendra Navarro,FEMALE,2023-03-19,Villeneuve-d'Ascq
23919,Jordan,Parker,Jordan Parker,FEMALE,2023-07-01,Roubaix
23920,Arthur,Ruiz,Arthur Ruiz,MALE,2023-04-19,Paris
23921,Charles,Lee,Charles Lee,MALE,2023-04-11,Erlangen
23922,Cody,Richardson,Cody Richardson,MALE,2023-04-29,Neunkirchen
23923,Alejandro,Sun,Alejandro Sun,MALE,2023-06-16,Cheltenham
23924,Amber,Wright,Amber Wright,FEMALE,2023-06-04,Esher-Molesey
23925,Marie,Torres,Marie Torres,FEMALE,2023-05-02,München
23926,Lydia,Weber,Lydia Weber,FEMALE,2023-06-29,Sulzbach Taunus
23927,Seth,Collins,Seth Collins,MALE,2023-08-17,Bobigny
23928,Jaclyn,Ye,Jaclyn Ye,FEMALE,2023-04-07,Orleans
23929,Kristin,Xie,Kristin Xie,FEMALE,2023-09-18,Pantin
23930,Meagan,Arun,Meagan Arun,FEMALE,2023-06-11,Gloucestershire
23931,Reginald,Ruiz,Reginald Ruiz,MALE,2024-01-22,Dunkerque
23932,Carrie,Jiménez,Carrie Jiménez,FEMALE,2023-11-27,Verrieres Le Buisson
23933,Sabrina,Carlson,Sabrina Carlson,FEMALE,2023-08-09,Darmstadt
23934,Bonnie,Andersen,Bonnie Andersen,FEMALE,2024-01-25,Colomiers
23935,Alexis,Barnes,Alexis Barnes,FEMALE,2023-07-09,Oxford
23936,Monique,Vazquez,Monique Vazquez,FEMALE,2023-06-01,Bobigny
23937,Eddie,Ruiz,Eddie Ruiz,MALE,2023-02-19,Bonn
23938,Harold,Madan,Harold Madan,MALE,2023-06-11,Billericay
23939,Jodi,Nara,Jodi Nara,FEMALE,2023-04-06,Colomiers
23940,Dominic,Perez,Dominic Perez,MALE,2023-06-21,High Wycombe
23941,Eduardo,Anderson,Eduardo Anderson,MALE,2023-01-28,Darmstadt
23942,Rafael,Goel,Rafael Goel,MALE,2023-06-11,Ingolstadt
23943,Cindy,Subram,Cindy Subram,FEMALE,2023-11-28,London
23944,Jenny,Wu,Jenny Wu,FEMALE,2023-04-02,Stoke-on-Trent
23945,Nicolas,Black,Nicolas Black,MALE,2023-10-09,York
23946,Kelli,Luo,Kelli Luo,FEMALE,2023-10-20,Neunkirchen
23947,Autumn,Liang,Autumn Liang,FEMALE,2023-11-26,Paderborn
23948,Katelyn,Rivera,Katelyn Rivera,FEMALE,2023-11-15,Bury
23949,Kelvin,Deng,Kelvin Deng,MALE,2023-04-23,Courbevoie
23950,Roger,Zhou,Roger Zhou,MALE,2023-09-20,Orly
23951,Lindsay,Becker,Lindsay Becker,FEMALE,2023-10-23,Les Ulis
23952,Nelson,Dominguez,Nelson Dominguez,MALE,2023-08-31,Saarbrücken
23953,Shane,Mehta,Shane Mehta,MALE,2023-05-03,Berlin
23954,Jonathon,Serrano,Jonathon Serrano,MALE,2023-04-08,London
23955,Lucas,Cook,Lucas Cook,MALE,2023-12-18,Villeneuve-d'Ascq
23956,Morgan,Coleman,Morgan Coleman,FEMALE,2023-07-11,Ingolstadt
23957,Louis,Zheng,Louis Zheng,MALE,2023-10-27,Leipzig
23958,Amy,Lin,Amy Lin,FEMALE,2023-11-19,Verrieres Le Buisson
23959,Amber,Parker,Amber Parker,FEMALE,2023-02-24,Bottrop
23960,Eugene,Zheng,Eugene Zheng,MALE,2023-08-15,Frankfurt
23961,Karen,Huang,Karen Huang,FEMALE,2023-08-27,Saarlouis
23962,Sandra,Yang,Sandra Yang,FEMALE,2023-01-28,Morangis
23963,Gerald,Jimenez,Gerald Jimenez,MALE,2023-08-20,Bobigny
23964,Arturo,Nara,Arturo Nara,MALE,2023-02-25,Saint Germain en Laye
23965,Dustin,Shan,Dustin Shan,MALE,2023-04-30,Frankfurt am Main
23966,Grant,Sharma,Grant Sharma,MALE,2023-03-30,Lancaster
23967,Veronica,Suri,Veronica Suri,FEMALE,2023-07-07,Newcastle upon Tyne
23968,Caleb,Baker,Caleb Baker,MALE,2023-09-20,Oxford
23969,Cole,Sanders,Cole Sanders,MALE,2023-07-14,Bobigny
23970,Rebekah,Fernandez,Rebekah Fernandez,FEMALE,2023-10-28,Paris
23971,Lindsey,Jai,Lindsey Jai,FEMALE,2023-12-07,Berks
23972,Clarence,Liang,Clarence Liang,MALE,2023-10-25,Saint Ouen
23973,Zachary,Long,Zachary Long,MALE,2023-11-25,Paris
23974,Susan,Huang,Susan Huang,FEMALE,2023-12-22,Orleans
23975,Frank,Blanco,Frank Blanco,MALE,2023-11-22,Dresden
23976,Rachael,Arun,Rachael Arun,FEMALE,2023-03-30,London
23977,Gail,Butler,Gail Butler,FEMALE,2023-08-02,Metz
23978,Philip,Ortega,Philip Ortega,MALE,2024-01-05,Liverpool
23979,Damien,Chen,Damien Chen,MALE,2023-06-15,Hannover
23980,Sergio,Garcia,Sergio Garcia,MALE,2023-09-24,Villeneuve-d'Ascq
23981,Cesar,Martinez,Cesar Martinez,MALE,2023-02-24,Roissy en Brie
23982,Adam,Diaz,Adam Diaz,MALE,2023-08-06,Bottrop
23983,Taylor,Reed,Taylor Reed,FEMALE,2023-05-19,Cheltenham
23984,Kelsey,Kennedy,Kelsey Kennedy,FEMALE,2023-05-04,London
23985,Janet,Torres,Janet Torres,FEMALE,2023-08-26,Kirkby
23986,Tanya,Torres,Tanya Torres,FEMALE,2023-05-16,London
23987,Dawn,Sharma,Dawn Sharma,FEMALE,2023-05-24,Cheltenham
23988,Cesar,Sánchez,Cesar Sánchez,MALE,2023-06-05,Wokingham
23989,Damien,Beck,Damien Beck,MALE,2023-02-11,High Wycombe
23990,Claudia,Huang,Claudia Huang,FEMALE,2023-11-08,Colombes
23991,Todd,Zhao,Todd Zhao,MALE,2023-10-29,Les Ulis
23992,Bonnie,Chande,Bonnie Chande,FEMALE,2022-09-24,Bendigo
23993,Rachael,Fernandez,Rachael Fernandez,FEMALE,2022-09-17,Port Macquarie
23994,Raymond,Subram,Raymond Subram,MALE,2022-09-25,Melton
23995,Bradley,Carson,Bradley Carson,MALE,2022-09-08,Melton
23996,Richard,Lee,Richard Lee,MALE,2022-09-09,Hobart
23997,Kristopher,Srini,Kristopher Srini,MALE,2023-04-17,Findon
23998,Arturo,Raji,Arturo Raji,MALE,2022-09-04,Findon
23999,Gilbert,Li,Gilbert Li,MALE,2022-09-27,Seaford
24000,Randy,Yang,Randy Yang,MALE,2022-09-11,Silverwater
24001,Arthur,Raman,Arthur Raman,MALE,2022-09-01,Warrnambool
24002,Thomas,Harris,Thomas Harris,MALE,2022-09-24,Hervey Bay
24003,Warren,Kumar,Warren Kumar,MALE,2022-08-29,Silverwater
24004,César,Raman,César Raman,MALE,2022-09-25,North Ryde
24005,Julio,Jimenez,Julio Jimenez,MALE,2022-09-01,South Melbourne
24006,Peter,Deng,Peter Deng,MALE,2022-09-07,Rhodes
24007,Randy,Huang,Randy Huang,MALE,2022-09-15,Wollongong
24008,Monique,Munoz,Monique Munoz,FEMALE,2022-09-12,St. Leonards
24009,Alison,Anand,Alison Anand,FEMALE,2022-08-30,Matraville
24010,Walter,Alvarez,Walter Alvarez,MALE,2023-11-18,Lille
24011,Morgan,Thompson,Morgan Thompson,FEMALE,2023-06-17,Oxford
24012,James,Lewis,James Lewis,MALE,2023-10-14,Bobigny
24013,Jay,Ruiz,Jay Ruiz,MALE,2023-05-13,Paris
24014,Geoffrey,Kovár,Geoffrey Kovár,MALE,2023-10-12,Poing
24015,Jenna,Hall,Jenna Hall,FEMALE,2023-06-13,Esher-Molesey
24016,Karla,Sharma,Karla Sharma,FEMALE,2023-07-21,Les Ulis
24017,Rebekah,Lopez,Rebekah Lopez,FEMALE,2023-09-08,Darmstadt
24018,Barbara,Gao,Barbara Gao,FEMALE,2023-09-13,Hamburg
24019,Barbara,Raji,Barbara Raji,FEMALE,2023-06-15,Cambridge
24020,Francisco,Raman,Francisco Raman,MALE,2023-08-18,Cheltenham
24021,Clinton,Munoz,Clinton Munoz,MALE,2023-10-16,Pantin
24022,Dale,Beck,Dale Beck,MALE,2023-11-15,Paris
24023,Bonnie,Nara,Bonnie Nara,FEMALE,2023-10-29,Paris
24024,Marie,Malhotra,Marie Malhotra,FEMALE,2023-09-27,Eilenburg
24025,Eugene,Zeng,Eugene Zeng,MALE,2023-08-29,Hamburg
24026,Jill,Serrano,Jill Serrano,FEMALE,2023-06-10,Milton Keynes
24027,Omar,Tang,Omar Tang,MALE,2023-09-09,München
24028,Adam,Hayes,Adam Hayes,MALE,2023-12-23,Versailles
24029,Haley,Howard,Haley Howard,FEMALE,2023-12-01,Versailles
24030,Deb,Wagner,Deb Wagner,FEMALE,2023-06-26,Warrington
24031,Tammy,Suri,Tammy Suri,FEMALE,2023-06-02,Reading
24032,Micah,Ma,Micah Ma,MALE,2023-12-22,Paris
24033,Katherine,Reed,Katherine Reed,FEMALE,2023-09-23,Paderborn
24034,Pedro,Ruiz,Pedro Ruiz,MALE,2023-06-17,London
24035,Jaclyn,Wu,Jaclyn Wu,FEMALE,2023-04-06,London
24036,Jay,Vazquez,Jay Vazquez,MALE,2023-09-20,Saarbrücken
24037,Ramon,Guo,Ramon Guo,MALE,2023-12-27,Versailles
24038,Evan,Turner,Evan Turner,MALE,2023-12-12,Metz
24039,Cassie,Xu,Cassie Xu,FEMALE,2023-06-05,Orly
24040,Jennifer,Bell,Jennifer Bell,FEMALE,2023-07-07,Hamburg
24041,Chad,Tang,Chad Tang,MALE,2023-10-30,Werne
24042,Zachary,White,Zachary White,MALE,2024-01-05,Paderborn
24043,Charles,Kelly,Charles Kelly,MALE,2023-12-03,Paris
24044,Arturo,Kumar,Arturo Kumar,MALE,2023-07-21,London
24045,Shannon,Martin,Shannon Martin,MALE,2023-10-05,Runcorn
24046,Cristina,Chander,Cristina Chander,FEMALE,2023-09-24,Hamburg
24047,Clarence,Yuan,Clarence Yuan,MALE,2023-07-05,Kirkby
24048,Gregory,Tang,Gregory Tang,MALE,2023-07-20,Cambridge
24049,Byron,Gomez,Byron Gomez,MALE,2023-09-03,Neunkirchen
24050,Clarence,Nath,Clarence Nath,MALE,2023-07-21,Warrington
24051,Colleen,Nath,Colleen Nath,FEMALE,2023-07-11,Stoke-on-Trent
24052,Priscilla,Goel,Priscilla Goel,FEMALE,2023-09-14,München
24053,Jose,Allen,Jose Allen,MALE,2023-07-27,Neunkirchen
24054,Gerald,Hernandez,Gerald Hernandez,MALE,2023-07-23,London
24055,Louis,Goel,Louis Goel,MALE,2023-07-21,Berkshire
24056,Tamara,Lin,Tamara Lin,FEMALE,2023-12-01,Suresnes
24057,Ricky,Alvarez,Ricky Alvarez,MALE,2023-12-07,Orleans
24058,Alvin,Lal,Alvin Lal,MALE,2023-08-23,York
24059,Tabitha,Navarro,Tabitha Navarro,FEMALE,2023-09-03,Neunkirchen
24060,Bonnie,Deng,Bonnie Deng,FEMALE,2023-09-18,Frankfurt
24061,Kelvin,Luo,Kelvin Luo,MALE,2023-01-05,Paris
24062,Crystal,Cai,Crystal Cai,FEMALE,2023-08-05,Orly
24063,Micheal,Suarez,Micheal Suarez,MALE,2023-01-29,Paris
24064,Stanley,Fernandez,Stanley Fernandez,MALE,2023-02-18,London
24065,Lori,Gutierrez,Lori Gutierrez,FEMALE,2023-08-21,Maidenhead
24066,Brittney,West,Brittney West,FEMALE,2023-10-08,Bottrop
24067,Carolyn,Raman,Carolyn Raman,FEMALE,2023-09-30,Frankfurt
24068,Edwin,Yang,Edwin Yang,MALE,2023-10-25,Werne
24069,Jessie,Chen,Jessie Chen,MALE,2023-07-25,Maidenhead
24070,Cameron,Shan,Cameron Shan,MALE,2023-10-08,Tremblay-en-France
24071,Victor,Suarez,Victor Suarez,MALE,2023-05-21,London
24072,Randy,He,Randy He,MALE,2023-05-30,Sulzbach Taunus
24073,Grace,Taylor,Grace Taylor,FEMALE,2023-09-17,Kirkby
24074,Grace,Alexander,Grace Alexander,FEMALE,2023-09-18,Werne
24075,Peter,Saddow,Peter Saddow,FEMALE,2023-10-21,Boulogne-sur-Mer
24076,Casey,Hernandez,Casey Hernandez,MALE,2023-10-08,Paris
24077,Tony,Rai,Tony Rai,MALE,2023-09-12,München
24078,Neil,Martin,Neil Martin,MALE,2023-04-08,Saarbrücken
24079,Andre,Raman,Andre Raman,MALE,2023-05-21,Lancaster
24080,Billy,Serrano,Billy Serrano,MALE,2023-07-28,Berlin
24081,Alexis,Hughes,Alexis Hughes,FEMALE,2023-09-07,Metz
24082,Regina,Rodriguez,Regina Rodriguez,FEMALE,2023-09-03,Morangis
24083,Max,Moreno,Max Moreno,MALE,2023-02-15,Les Ulis
24084,Jonathon,Jimenez,Jonathon Jimenez,MALE,2023-03-08,Saint Germain en Laye
24085,Autumn,Gao,Autumn Gao,FEMALE,2023-03-09,Gateshead
24086,Dakota,Gonzales,Dakota Gonzales,MALE,2023-09-25,Hamburg
24087,Hannah,Wilson,Hannah Wilson,FEMALE,2023-11-26,Paderborn
24088,Damien,He,Damien He,MALE,2023-05-14,Stuttgart
24089,Dustin,Yuan,Dustin Yuan,MALE,2023-05-30,Colombes
24090,Cassandra,Perez,Cassandra Perez,FEMALE,2023-06-05,Colombes
24091,Dwayne,Munoz,Dwayne Munoz,MALE,2023-11-25,Münster
24092,Jillian,Gonzalez,Jillian Gonzalez,FEMALE,2023-11-01,Werne
24093,Claudia,He,Claudia He,FEMALE,2023-02-02,Runcorn
24094,Julio,Diaz,Julio Diaz,MALE,2023-01-29,Cambridge
24095,Julie,Andersen,Julie Andersen,FEMALE,2023-06-25,Versailles
24096,Diana,Vazquez,Diana Vazquez,FEMALE,2023-05-23,Roissy en Brie
24097,Francisco,Fernandez,Francisco Fernandez,MALE,2023-12-31,Berlin
24098,Olivia,Howard,Olivia Howard,FEMALE,2023-10-14,Darmstadt
24099,Sarah,Smith,Sarah Smith,FEMALE,2023-09-30,Erlangen
24100,Jenny,He,Jenny He,FEMALE,2023-07-04,London
24101,Kaitlyn,Anderson,Kaitlyn Anderson,FEMALE,2023-07-11,Watford
24102,Andy,Torres,Andy Torres,MALE,2023-01-25,Mühlheim
24103,Billy,Dominguez,Billy Dominguez,MALE,2023-02-17,München
24104,Robyn,Ortega,Robyn Ortega,FEMALE,2023-08-27,Runcorn
24105,Carolyn,Sanchez,Carolyn Sanchez,FEMALE,2023-03-16,Versailles
24106,Kelvin,Shan,Kelvin Shan,MALE,2023-09-07,Villeneuve-d'Ascq
24107,Jonathan,Jenkins,Jonathan Jenkins,MALE,2023-11-02,Erlangen
24108,Tonya,Lal,Tonya Lal,FEMALE,2023-04-26,Kiel
24109,Eddie,Suarez,Eddie Suarez,MALE,2023-04-13,Paris
24110,Kaylee,Brooks,Kaylee Brooks,FEMALE,2023-03-19,Drancy
24111,Cameron,Long,Cameron Long,MALE,2023-08-15,Drancy
24112,Mary,Foster,Mary Foster,FEMALE,2023-10-12,Warrington
24113,Stephanie,Green,Stephanie Green,FEMALE,2023-03-15,Versailles
24114,Kristin,Yuan,Kristin Yuan,FEMALE,2023-07-31,Stoke-on-Trent
24115,Gary,Carlson,Gary Carlson,MALE,2023-10-08,Liverpool
24116,Pedro,Martinez,Pedro Martinez,MALE,2023-06-13,Paris
24117,Shannon,Gill,Shannon Gill,MALE,2023-09-21,Berlin
24118,Donna,Chande,Donna Chande,FEMALE,2024-01-25,Paris La Defense
24119,Emmanuel,Kapoor,Emmanuel Kapoor,MALE,2023-09-12,Roissy en Brie
24120,Kaitlyn,Allen,Kaitlyn Allen,FEMALE,2023-03-25,Kassel
24121,Valerie,Liu,Valerie Liu,FEMALE,2023-10-20,Poing
24122,Michele,Blanco,Michele Blanco,FEMALE,2023-09-26,Saint Ouen
24123,Heather,Hu,Heather Hu,FEMALE,2023-07-07,Drancy
24124,Erik,Vazquez,Erik Vazquez,MALE,2023-12-29,Pantin
24125,Tiffany,Xu,Tiffany Xu,FEMALE,2023-10-19,Paris
24126,Pedro,Mehta,Pedro Mehta,MALE,2023-08-18,Verrieres Le Buisson
24127,James,Washington,James Washington,MALE,2023-10-15,Saarlouis
24128,Kimberly,Ramirez,Kimberly Ramirez,FEMALE,2023-07-24,Solingen
24129,Jamie,Gutierrez,Jamie Gutierrez,MALE,2023-07-29,Frankfurt
24130,Tanya,Navarro,Tanya Navarro,FEMALE,2023-06-09,Paderborn
24131,Felicia,Rubio,Felicia Rubio,FEMALE,2024-01-25,Orly
24132,Devon,Tang,Devon Tang,MALE,2023-10-15,Woolston
24133,Carla,Patel,Carla Patel,FEMALE,2023-05-12,Paris
24134,Edgar,Kapoor,Edgar Kapoor,MALE,2023-12-17,Paris
24135,Martin,Martinez,Martin Martinez,MALE,2023-03-28,Paris La Defense
24136,Alisha,Hu,Alisha Hu,FEMALE,2023-04-02,Roncq
24137,Tara,Sharma,Tara Sharma,FEMALE,2023-05-30,Poing
24138,Kristy,Gutierrez,Kristy Gutierrez,FEMALE,2023-10-22,Stoke-on-Trent
24139,Andrew,Williams,Andrew Williams,MALE,2023-11-09,Frankfurt
24140,Alvin,Lin,Alvin Lin,MALE,2023-04-28,Paris
24141,Misty,Nath,Misty Nath,FEMALE,2023-02-09,Paris
24142,Christian,Davis,Christian Davis,MALE,2023-10-17,Versailles
24143,Stanley,Mehta,Stanley Mehta,MALE,2023-12-25,Darmstadt
24144,Gerald,Sanchez,Gerald Sanchez,MALE,2023-10-14,London
24145,Cheryl,Serrano,Cheryl Serrano,FEMALE,2024-01-02,Wokingham
24146,Craig,Suarez,Craig Suarez,MALE,2023-04-27,Orleans
24147,Kathleen,Hernandez,Kathleen Hernandez,FEMALE,2023-12-19,Stuttgart
24148,Brittney,Zhou,Brittney Zhou,FEMALE,2023-04-03,Bonn
24149,Richard,Simmons,Richard Simmons,MALE,2023-09-14,Saint-Denis
24150,Jack,Campbell,Jack Campbell,MALE,2023-10-21,Bottrop
24151,Jon,Shan,Jon Shan,MALE,2023-08-30,York
24152,Casey,Rubio,Casey Rubio,MALE,2023-11-23,Bury
24153,Seth,Jenkins,Seth Jenkins,MALE,2023-04-14,Versailles
24154,Orlando,Ramos,Orlando Ramos,MALE,2023-03-31,York
24155,Tracy,Raje,Tracy Raje,FEMALE,2023-10-23,Paderborn
24156,Wesley,Zhou,Wesley Zhou,MALE,2023-09-26,Sulzbach Taunus
24157,Marie,Subram,Marie Subram,FEMALE,2023-05-24,Cergy
24158,Omar,Deng,Omar Deng,MALE,2023-05-16,Lille
24159,Christine,Luo,Christine Luo,FEMALE,2022-09-25,Brisbane
24160,Carl,Yuan,Carl Yuan,MALE,2022-09-26,Matraville
24161,Luke,Kumar,Luke Kumar,MALE,2022-10-22,Goulburn
24162,Grant,Raje,Grant Raje,MALE,2022-10-12,Malabar
24163,Micah,Guo,Micah Guo,MALE,2022-10-03,Cranbourne
24164,Teresa,Gomez,Teresa Gomez,FEMALE,2022-10-16,Cloverdale
24165,Gilbert,Gao,Gilbert Gao,MALE,2022-10-24,Wollongong
24166,Renee,Alonso,Renee Alonso,FEMALE,2022-10-14,Port Macquarie
24167,Lacey,Zhu,Lacey Zhu,FEMALE,2022-10-04,Melton
24168,Manuel,Srini,Manuel Srini,MALE,2022-10-26,Sunbury
24169,Lydia,Martinez,Lydia Martinez,FEMALE,2022-10-15,Findon
24170,Jaime,Hernandez,Jaime Hernandez,FEMALE,2022-10-08,Findon
24171,Jarrod,Chandra,Jarrod Chandra,MALE,2022-10-09,Findon
24172,Jessie,Hernandez,Jessie Hernandez,FEMALE,2022-10-14,Melton
24173,Lacey,Wang,Lacey Wang,FEMALE,2022-10-05,Rockhampton
24174,Keith,Chander,Keith Chander,MALE,2022-10-16,Warrnambool
24175,Lacey,Luo,Lacey Luo,FEMALE,2022-10-14,Rockhampton
24176,Marie,Jimenez,Marie Jimenez,FEMALE,2022-10-21,East Brisbane
24177,Gina,Gill,Gina Gill,FEMALE,2022-09-29,Goulburn
24178,Clifford,Sara,Clifford Sara,MALE,2022-10-26,Hobart
24179,Robyn,Blanco,Robyn Blanco,FEMALE,2022-10-22,Lavender Bay
24180,Arturo,Jai,Arturo Jai,MALE,2023-09-17,Berlin
24181,Edwin,Nath,Edwin Nath,MALE,2023-03-07,Bonn
24182,Nancy,Lopez,Nancy Lopez,FEMALE,2023-10-01,Saarlouis
24183,Ruth,Perez,Ruth Perez,FEMALE,2023-05-29,Suresnes
24184,Alexandra,Jackson,Alexandra Jackson,FEMALE,2023-08-08,Oxford
24185,Tara,She,Tara She,FEMALE,2024-01-05,Saint-Denis
24186,Theodore,Alonso,Theodore Alonso,MALE,2023-08-05,Oxford
24187,Daisy,Serrano,Daisy Serrano,FEMALE,2023-08-13,Stoke-on-Trent
24188,Charles,Turner,Charles Turner,MALE,2023-07-11,Cheltenham
24189,Andre,Suri,Andre Suri,MALE,2023-08-29,Oxford
24190,Austin,Chen,Austin Chen,MALE,2023-06-17,Bobigny
24191,Marshall,He,Marshall He,MALE,2023-10-10,Kiel
24192,Regina,Prasad,Regina Prasad,FEMALE,2023-09-15,Esher-Molesey
24193,Louis,Becker,Louis Becker,MALE,2023-09-20,London
24194,Armando,Martin,Armando Martin,MALE,2023-06-25,Roissy en Brie
24195,Dawn,Zhao,Dawn Zhao,FEMALE,2023-05-14,Orleans
24196,Armando,Gill,Armando Gill,MALE,2023-07-18,Colomiers
24197,Whitney,Mehta,Whitney Mehta,FEMALE,2023-09-26,Warrington
24198,Chelsea,Madan,Chelsea Madan,FEMALE,2023-06-12,Saint-Denis
24199,Veronica,Prasad,Veronica Prasad,FEMALE,2023-10-21,Milton Keynes
24200,Grant,Jai,Grant Jai,MALE,2023-10-28,West Sussex
24201,Olivia,Gonzales,Olivia Gonzales,FEMALE,2023-07-12,Chatou
24202,Tamara,Black,Tamara Black,FEMALE,2023-08-29,Warrington
24203,Keith,Xie,Keith Xie,MALE,2023-08-14,Paris
24204,Darren,Gonzalez,Darren Gonzalez,MALE,2023-10-23,München
24205,Katherine,Anderson,Katherine Anderson,FEMALE,2023-10-02,Erlangen
24206,Marie,Munoz,Marie Munoz,FEMALE,2023-02-17,Kiel
24207,Stacey,Guo,Stacey Guo,FEMALE,2023-12-15,Warrington
24208,Sabrina,Diaz,Sabrina Diaz,FEMALE,2023-08-28,Paris
24209,Chelsea,Jordan,Chelsea Jordan,FEMALE,2023-08-04,Saint Ouen
24210,Ricardo,Shan,Ricardo Shan,MALE,2023-03-25,Kiel
24211,Sharon,Shan,Sharon Shan,FEMALE,2023-10-15,Peterborough
24212,Tony,Raje,Tony Raje,MALE,2023-09-07,W. York
24213,Martin,Rana,Martin Rana,MALE,2023-09-19,Reading
24214,Michele,Romero,Michele Romero,FEMALE,2023-10-09,Paderborn
24215,Lisa,Xu,Lisa Xu,FEMALE,2023-12-15,München
24216,Tara,Black,Tara Black,FEMALE,2023-12-07,Reading
24217,Lauren,Morgan,Lauren Morgan,FEMALE,2023-09-06,Cheltenham
24218,Bryant,Lopez,Bryant Lopez,MALE,2023-05-05,Newcastle upon Tyne
24219,Tina,Lopez,Tina Lopez,FEMALE,2023-08-01,Orleans
24220,Hunter,Edwards,Hunter Edwards,MALE,2023-09-23,Port Hammond
24221,Heidi,Perez,Heidi Perez,FEMALE,2023-12-05,Burbank
24222,Sierra,Green,Sierra Green,FEMALE,2023-10-03,Lebanon
24223,Abigail,Alexander,Abigail Alexander,FEMALE,2023-04-06,Milwaukie
24224,Nicole,Perry,Nicole Perry,FEMALE,2023-12-13,Seattle
24225,Jeffery,Yang,Jeffery Yang,MALE,2023-08-04,Berkeley
24226,Brian,Morris,Brian Morris,MALE,2023-08-12,Downey
24227,Sara,Phillips,Sara Phillips,FEMALE,2023-07-27,El Cajon
24228,Terry,Xu,Terry Xu,MALE,2023-11-11,Port Macquarie
24229,Pedro,Kapoor,Pedro Kapoor,MALE,2023-05-23,Seaford
24230,Andres,Sharma,Andres Sharma,MALE,2023-08-19,Springwood
24231,Makayla,Cox,Makayla Cox,FEMALE,2023-12-25,San Gabriel
24232,Ryan,Johnson,Ryan Johnson,MALE,2023-12-18,West Covina
24233,Jada,Parker,Jada Parker,FEMALE,2023-11-30,West Covina
24234,Eduardo,Martinez,Eduardo Martinez,MALE,2023-12-11,West Covina
24235,Jill,Martinez,Jill Martinez,FEMALE,2021-11-09,Langford
24236,Isabella,Nelson,Isabella Nelson,FEMALE,2023-05-04,Edmonds
24237,Chloe,Henderson,Chloe Henderson,FEMALE,2023-12-15,Kirkland
24238,Sean,Richardson,Sean Richardson,MALE,2023-12-19,Berkeley
24239,Miguel,Hernandez,Miguel Hernandez,MALE,2023-12-02,Imperial Beach
24240,Edwin,Hu,Edwin Hu,MALE,2023-12-19,Newcastle
24241,Colin,Zhao,Colin Zhao,MALE,2022-10-04,North Ryde
24242,Amy,Zeng,Amy Zeng,FEMALE,2022-10-14,Hervey Bay
24243,Karen,Lin,Karen Lin,FEMALE,2023-06-15,Seaford
24244,Anne,Serrano,Anne Serrano,FEMALE,2022-10-15,Perth
24245,Omar,Liang,Omar Liang,MALE,2023-12-18,Caloundra
24246,Victor,Ramos,Victor Ramos,MALE,2023-05-09,Darlinghurst
24247,George,Sara,George Sara,MALE,2022-10-24,Findon
24248,Jake,Lin,Jake Lin,MALE,2022-10-05,Melton
24249,Jesse,Howard,Jesse Howard,MALE,2022-10-04,Port Macquarie
24250,Carmen,Suri,Carmen Suri,FEMALE,2022-10-20,Rhodes
24251,Jay,Browning,Jay Browning,MALE,2022-10-15,St. Leonards
24252,Jaclyn,Xu,Jaclyn Xu,FEMALE,2022-10-15,Wollongong
24253,Fernando,Wood,Fernando Wood,MALE,2023-10-09,Hervey Bay
24254,Emily,Washington,Emily Washington,FEMALE,2023-12-26,San Diego
24255,Chloe,Lee,Chloe Lee,FEMALE,2023-12-30,Cliffside
24256,Kayla,Barnes,Kayla Barnes,FEMALE,2023-03-25,N. Vancouver
24257,Alan,Shen,Alan Shen,MALE,2022-10-25,Sydney
24258,Hailey,Edwards,Hailey Edwards,FEMALE,2023-11-27,Vancouver
24259,Gavin,Price,Gavin Price,MALE,2024-01-08,Bremerton
24260,Blake,Perry,Blake Perry,MALE,2023-12-07,Sedro Woolley
24261,Emma,Jones,Emma Jones,FEMALE,2023-07-12,Concord
24262,Daniel,Thomas,Daniel Thomas,MALE,2023-06-24,La Jolla
24263,Brooke,Brooks,Brooke Brooks,FEMALE,2023-07-12,La Jolla
24264,Richard,Long,Richard Long,MALE,2023-10-13,Newport Beach
24265,Seth,McDonald,Seth McDonald,MALE,2023-07-21,Novato
24266,Melvin,Chander,Melvin Chander,MALE,2022-10-01,Milsons Point
24267,Jésus,Hernandez,Jésus Hernandez,MALE,2023-06-24,Townsville
24268,Meredith,Gill,Meredith Gill,FEMALE,2023-05-27,Lane Cove
24269,Todd,Lu,Todd Lu,MALE,2023-09-13,Geelong
24270,Latasha,Ortega,Latasha Ortega,FEMALE,2022-10-11,Coffs Harbour
24271,Leonard,Shen,Leonard Shen,MALE,2022-10-14,Caloundra
24272,Martha,Wang,Martha Wang,FEMALE,2022-10-10,Silverwater
24273,Monique,Sanz,Monique Sanz,FEMALE,2022-10-10,Sydney
24274,Shaun,Shan,Shaun Shan,MALE,2022-10-30,Townsville
24275,Lucas,Rivera,Lucas Rivera,MALE,2023-02-26,Palo Alto
24276,Kaitlyn,Nelson,Kaitlyn Nelson,FEMALE,2023-03-08,Sydney
24277,Donald,Kovár,Donald Kovár,MALE,2023-02-23,Goulburn
24278,Cedric,Xu,Cedric Xu,MALE,2023-06-01,East Brisbane
24279,Angel,Nelson,Angel Nelson,MALE,2024-01-12,Rockhampton
24280,Peter,Shan,Peter Shan,MALE,2023-07-17,Silverwater
24281,Marie,Suri,Marie Suri,FEMALE,2022-11-25,Milsons Point
24282,Damien,Raji,Damien Raji,MALE,2022-11-23,Malabar
24283,Aimee,Zheng,Aimee Zheng,FEMALE,2022-11-26,Townsville
24284,Melissa,Sanders,Melissa Sanders,FEMALE,2021-10-30,Victoria
24285,Jesse,Cox,Jesse Cox,MALE,2023-07-05,Burien
24286,Kelvin,Goel,Kelvin Goel,MALE,2023-12-18,Chula Vista
24287,John,Martinez,John Martinez,MALE,2023-12-15,Chula Vista
24288,Pedro,Gomez,Pedro Gomez,MALE,2023-10-06,Concord
24289,Robert,Gonzalez,Robert Gonzalez,MALE,2023-04-04,Grossmont
24290,Zoe,Bell,Zoe Bell,FEMALE,2023-07-23,Bellingham
24291,Eduardo,Garcia,Eduardo Garcia,MALE,2023-12-09,Bellingham
24292,Mackenzie,Brooks,Mackenzie Brooks,FEMALE,2023-02-13,Glendale
24293,Anna,Rivera,Anna Rivera,FEMALE,2023-01-28,Lincoln Acres
24294,Luis,Yang,Luis Yang,MALE,2023-09-12,Portland
24295,Natalie,Barnes,Natalie Barnes,FEMALE,2023-12-09,Palo Alto
24296,Amanda,Gonzalez,Amanda Gonzalez,FEMALE,2023-12-01,Fremont
24297,Victoria,Cox,Victoria Cox,FEMALE,2023-02-16,Imperial Beach
24298,Robert,Yang,Robert Yang,MALE,2023-03-12,Palo Alto
24299,Andrea,Gray,Andrea Gray,FEMALE,2023-03-14,Downey
24300,Naomi,Gomez,Naomi Gomez,FEMALE,2022-11-20,Melbourne
24301,Tasha,Rai,Tasha Rai,FEMALE,2022-10-30,Hobart
24302,Cesar,Kapoor,Cesar Kapoor,MALE,2022-11-03,Sydney
24303,Megan,Diaz,Megan Diaz,FEMALE,2022-11-26,Wollongong
24304,Beth,Serrano,Beth Serrano,FEMALE,2022-11-24,Milsons Point
24305,Warren,Chow,Warren Chow,MALE,2022-11-21,Perth
24306,Molly,Chandra,Molly Chandra,FEMALE,2024-01-26,Springwood
24307,Tina,Sara,Tina Sara,FEMALE,2022-11-26,Milsons Point
24308,Destiny,Sanders,Destiny Sanders,FEMALE,2023-12-26,Woodburn
24309,Ethan,Williams,Ethan Williams,MALE,2021-11-20,Shawnee
24310,Gabrielle,Peterson,Gabrielle Peterson,FEMALE,2021-11-02,Shawnee
24311,Geoffrey,Patel,Geoffrey Patel,MALE,2023-12-15,Burien
24312,Austin,Martin,Austin Martin,MALE,2023-07-26,Everett
24313,Taylor,Brooks,Taylor Brooks,FEMALE,2023-05-18,Lake Oswego
24314,Bryan,Howard,Bryan Howard,MALE,2023-03-17,Daly City
24315,Edward,Scott,Edward Scott,MALE,2023-05-16,El Cajon
24316,Rachel,Diaz,Rachel Diaz,FEMALE,2023-11-01,Grossmont
24317,Devin,Thomas,Devin Thomas,MALE,2023-02-20,Newport Beach
24318,Luis,Long,Luis Long,MALE,2023-04-25,San Diego
24319,Benjamin,Clark,Benjamin Clark,MALE,2023-11-12,Lynnwood
24320,Joshua,White,Joshua White,MALE,2023-08-10,Beaverton
24321,Gabriel,Scott,Gabriel Scott,MALE,2023-12-06,Renton
24322,Alexandra,Evans,Alexandra Evans,FEMALE,2023-09-02,Royal Oak
24323,Janet,Wright,Janet Wright,FEMALE,2023-12-05,Lincoln Acres
24324,Jennifer,Reed,Jennifer Reed,FEMALE,2023-12-20,Downey
24325,Jason,Perry,Jason Perry,MALE,2023-12-08,West Covina
24326,Adam,Bryant,Adam Bryant,MALE,2023-12-17,Woodburn
24327,Evan,Rogers,Evan Rogers,MALE,2023-12-25,Yakima
24328,Melissa,Simmons,Melissa Simmons,FEMALE,2023-12-17,National City
24329,Abigail,Cooper,Abigail Cooper,FEMALE,2023-12-20,Portland
24330,Jessica,Bennett,Jessica Bennett,FEMALE,2023-12-04,Chula Vista
24331,Carson,Powell,Carson Powell,MALE,2023-12-01,Imperial Beach
24332,Abigail,Thompson,Abigail Thompson,FEMALE,2021-11-13,Metchosin
24333,Ann,Prasad,Ann Prasad,FEMALE,2023-12-02,Burien
24334,Alexa,James,Alexa James,FEMALE,2023-12-12,Novato
24335,Richard,Wright,Richard Wright,MALE,2023-12-04,Lynnwood
24336,Gabrielle,Wright,Gabrielle Wright,FEMALE,2023-12-18,Milwaukie
24337,Noah,Alexander,Noah Alexander,MALE,2023-12-16,Edmonds
24338,Shannon,Zeng,Shannon Zeng,FEMALE,2023-12-23,Burbank
24339,Jennifer,Price,Jennifer Price,FEMALE,2022-12-28,Newport Beach
24340,Chloe,Clark,Chloe Clark,FEMALE,2023-02-24,Palo Alto
24341,Wyatt,Jones,Wyatt Jones,MALE,2023-02-24,Coronado
24342,Evan,Campbell,Evan Campbell,MALE,2021-11-06,Sooke
24343,Tyler,Harris,Tyler Harris,MALE,2023-03-08,Fremont
24344,Wayne,Chander,Wayne Chander,MALE,2021-11-13,Cliffside
24345,Riley,Cox,Riley Cox,FEMALE,2023-03-14,W. Linn
24346,Giorgio,Veronesi,Giorgio Veronesi,FEMALE,2023-04-23,Burlingame
24347,Tina,Madan,Tina Madan,FEMALE,2023-04-06,Concord
24348,Ruben,Gomez,Ruben Gomez,MALE,2023-04-14,Concord
24349,Jill,Patterson,Jill Patterson,FEMALE,2023-04-03,San Diego
24350,Eduardo,Simmons,Eduardo Simmons,MALE,2023-05-03,Fremont
24351,Brandon,Yang,Brandon Yang,MALE,2023-04-06,Daly City
24352,Natalie,Cox,Natalie Cox,FEMALE,2023-05-19,Lynnwood
24353,Andrea,Ramirez,Andrea Ramirez,FEMALE,2023-05-05,San Carlos
24354,Bailey,Cook,Bailey Cook,FEMALE,2023-04-30,Santa Cruz
24355,Jennifer,Johnson,Jennifer Johnson,FEMALE,2023-05-15,Burlingame
24356,Wesley,Zhang,Wesley Zhang,MALE,2023-12-22,Burbank
24357,Eric,Baker,Eric Baker,MALE,2023-05-13,Beverly Hills
24358,Kevin,Green,Kevin Green,MALE,2023-05-24,San Gabriel
24359,Zachary,Shan,Zachary Shan,MALE,2023-05-05,West Covina
24360,Carolyn,Diaz,Carolyn Diaz,FEMALE,2022-11-04,Rhodes
24361,Francisco,Rodriguez,Francisco Rodriguez,MALE,2022-11-13,Brisbane
24362,Marc,Vazquez,Marc Vazquez,MALE,2022-11-11,Melton
24363,Amanda,Coleman,Amanda Coleman,FEMALE,2024-01-22,Goulburn
24364,Henry,Prasad,Henry Prasad,MALE,2022-11-08,Cloverdale
24365,Mallory,Navarro,Mallory Navarro,FEMALE,2022-11-14,Rockhampton
24366,Melvin,Luo,Melvin Luo,MALE,2022-11-24,North Ryde
24367,Ross,Sara,Ross Sara,MALE,2022-11-25,Seaford
24368,Ebony,Prasad,Ebony Prasad,FEMALE,2022-11-03,Seaford
24369,Chelsea,Lopez,Chelsea Lopez,FEMALE,2023-10-28,Lane Cove
24370,Nathan,West,Nathan West,MALE,2023-08-22,Cranbourne
24371,Leslie,Navarro,Leslie Navarro,FEMALE,2022-11-05,Seaford
24372,Teresa,Jimenez,Teresa Jimenez,FEMALE,2022-11-20,Bendigo
24373,Steven,Reed,Steven Reed,MALE,2023-07-30,Melbourne
24374,Eugene,Ma,Eugene Ma,MALE,2024-01-27,Silverwater
24375,Pamela,Schmidt,Pamela Schmidt,FEMALE,2023-04-08,North Ryde
24376,Tommy,Black,Tommy Black,MALE,2023-12-07,Brisbane
24377,Richard,Wood,Richard Wood,MALE,2022-11-16,Melbourne
24378,Brandi,Jiménez,Brandi Jiménez,FEMALE,2022-11-27,Port Macquarie
24379,Noah,Jenkins,Noah Jenkins,MALE,2023-04-24,Brisbane
24380,Maurice,Yuan,Maurice Yuan,MALE,2023-08-07,Sunbury
24381,Danny,Serrano,Danny Serrano,MALE,2022-11-18,Silverwater
24382,Patrick,Sanchez,Patrick Sanchez,MALE,2023-07-26,Cranbourne
24383,Ronald,Prasad,Ronald Prasad,MALE,2023-08-14,Lieusaint
24384,Kenneth,Pal,Kenneth Pal,MALE,2023-09-27,Roubaix
24385,Summer,Perez,Summer Perez,FEMALE,2023-12-22,Concord
24386,Isabella,Walker,Isabella Walker,FEMALE,2021-12-17,Westminster
24387,Elijah,Mitchell,Elijah Mitchell,MALE,2023-12-25,Bellflower
24388,Maria,Campbell,Maria Campbell,FEMALE,2023-12-07,Lynnwood
24389,Xavier,Carter,Xavier Carter,MALE,2023-02-14,Salem
24390,Carolyn,Prasad,Carolyn Prasad,FEMALE,2023-06-21,Bellingham
24391,Marissa,Washington,Marissa Washington,FEMALE,2023-05-30,Spring Valley
24392,Molly,Prasad,Molly Prasad,FEMALE,2021-12-17,Cliffside
24393,Joseph,Johnson,Joseph Johnson,MALE,2023-02-07,Everett
24394,Drew,Raji,Drew Raji,MALE,2023-07-01,Camarillo
24395,Alison,Raji,Alison Raji,FEMALE,2023-03-31,Concord
24396,Robyn,Navarro,Robyn Navarro,FEMALE,2023-04-26,Concord
24397,Henry,Raman,Henry Raman,MALE,2023-03-02,Coronado
24398,Brandon,Davis,Brandon Davis,MALE,2023-04-18,Newport Beach
24399,Katherine,Sanchez,Katherine Sanchez,FEMALE,2023-03-28,N. Vancouver
24400,Kaitlyn,Parker,Kaitlyn Parker,FEMALE,2023-12-15,Tacoma
24401,Douglas,Rana,Douglas Rana,MALE,2023-07-30,Bellflower
24402,Devin,Alexander,Devin Alexander,MALE,2023-12-18,Woodland Hills
24403,Gabriel,Wright,Gabriel Wright,MALE,2023-01-06,Novato
24404,Bryant,Chapman,Bryant Chapman,MALE,2023-01-22,Burlingame
24405,Tara,Rai,Tara Rai,FEMALE,2023-01-22,Burlingame
24406,Reginald,Vazquez,Reginald Vazquez,MALE,2023-12-20,Chula Vista
24407,Makayla,Peterson,Makayla Peterson,FEMALE,2023-11-13,Daly City
24408,Jordan,Diaz,Jordan Diaz,MALE,2023-11-27,Daly City
24409,Jackson,Hernandez,Jackson Hernandez,MALE,2023-12-21,Imperial Beach
24410,Sara,Sanders,Sara Sanders,FEMALE,2023-11-08,Yakima
24411,Johnathan,Sanchez,Johnathan Sanchez,MALE,2023-03-22,Beverly Hills
24412,Angelica,Patterson,Angelica Patterson,FEMALE,2023-05-06,Coronado
24413,Nathan,Lewis,Nathan Lewis,MALE,2023-01-12,Imperial Beach
24414,Adam,Edwards,Adam Edwards,MALE,2023-01-20,Lemon Grove
24415,Kaylee,Ward,Kaylee Ward,FEMALE,2023-02-10,N. Vancouver
24416,Oscar,Jenkins,Oscar Jenkins,MALE,2023-08-29,Salem
24417,Christopher,Harris,Christopher Harris,MALE,2023-01-08,San Diego
24418,Brandon,Garcia,Brandon Garcia,MALE,2021-12-17,Sooke
24419,Kaylee,Rivera,Kaylee Rivera,FEMALE,2023-04-27,Berkeley
24420,Marcus,Price,Marcus Price,MALE,2023-01-23,Puyallup
24421,Seth,Kelly,Seth Kelly,MALE,2023-01-26,Olympia
24422,Thomas,Lal,Thomas Lal,MALE,2023-04-21,Concord
24423,Alyssa,Harris,Alyssa Harris,FEMALE,2023-03-28,Los Angeles
24424,Morgan,Russell,Morgan Russell,FEMALE,2023-03-21,West Covina
24425,Chloe,Ward,Chloe Ward,FEMALE,2023-01-04,Bremerton
24426,Jordan,Russell,Jordan Russell,MALE,2023-10-21,Beverly Hills
24427,Evelyn,Fernandez,Evelyn Fernandez,FEMALE,2023-01-18,City Of Commerce
24428,Hailey,Price,Hailey Price,FEMALE,2023-11-19,Coronado
24429,Isabelle,Hughes,Isabelle Hughes,FEMALE,2023-02-17,Seattle
24430,Dalton,Long,Dalton Long,MALE,2023-05-29,Concord
24431,Abigail,Morgan,Abigail Morgan,FEMALE,2021-12-10,Royal Oak
24432,Dalton,Reed,Dalton Reed,MALE,2023-05-10,San Carlos
24433,Luis,Simmons,Luis Simmons,MALE,2023-01-25,Los Angeles
24434,Jordan,Butler,Jordan Butler,MALE,2023-01-08,Renton
24435,Mariah,Hughes,Mariah Hughes,FEMALE,2023-04-18,Beaverton
24436,Jennifer,Hernandez,Jennifer Hernandez,FEMALE,2023-02-25,Grossmont
24437,Nicole,Blue,Nicole Blue,FEMALE,2023-02-21,Newport Beach
24438,Xavier,Robinson,Xavier Robinson,MALE,2024-01-16,Lynnwood
24439,Xavier,Watson,Xavier Watson,MALE,2023-08-31,Everett
24440,Jordyn,Hughes,Jordyn Hughes,FEMALE,2023-04-24,Lincoln Acres
24441,Tristan,Bryant,Tristan Bryant,MALE,2023-05-30,Yakima
24442,Briana,Gutierrez,Briana Gutierrez,FEMALE,2023-08-25,Biloxi
24443,Edgar,Suri,Edgar Suri,MALE,2024-01-06,Chula Vista
24444,Elijah,Griffin,Elijah Griffin,MALE,2023-06-06,Grossmont
24445,Lauren,Brooks,Lauren Brooks,FEMALE,2023-05-30,West Covina
24446,Brianna,Robinson,Brianna Robinson,FEMALE,2023-06-16,Berkeley
24447,Cody,Morgan,Cody Morgan,MALE,2023-03-05,Bellflower
24448,Amanda,Lopez,Amanda Lopez,FEMALE,2023-10-05,Kirkland
24449,Melanie,Simmons,Melanie Simmons,FEMALE,2023-05-14,Novato
24450,Isabel,Long,Isabel Long,FEMALE,2023-03-17,Sedro Woolley
24451,Bailey,Morgan,Bailey Morgan,FEMALE,2023-04-13,Seattle
24452,Megan,Coleman,Megan Coleman,FEMALE,2023-03-06,Bellingham
24453,Cassie,Yuan,Cassie Yuan,FEMALE,2023-10-19,Newcastle
24454,Carol,Zhou,Carol Zhou,FEMALE,2023-06-11,East Brisbane
24455,Alejandro,Chander,Alejandro Chander,MALE,2023-04-15,Cranbourne
24456,Danny,Ruiz,Danny Ruiz,MALE,2023-07-23,Port Macquarie
24457,Meghan,Alonso,Meghan Alonso,FEMALE,2022-11-02,Malabar
24458,Frederick,Rodriguez,Frederick Rodriguez,MALE,2022-11-08,Warrnambool
24459,Kristin,Carson,Kristin Carson,FEMALE,2022-11-19,Caloundra
24460,Willie,Nara,Willie Nara,MALE,2022-11-17,Townsville
24461,Ruth,Sai,Ruth Sai,FEMALE,2022-11-18,Sydney
24462,Donald,Fernandez,Donald Fernandez,MALE,2022-11-17,Wollongong
24463,Kristen,Zheng,Kristen Zheng,FEMALE,2022-12-07,Lavender Bay
24464,Joanna,Torres,Joanna Torres,FEMALE,2023-06-14,Newcastle
24465,Tara,Andersen,Tara Andersen,FEMALE,2022-11-28,Melbourne
24466,Alexa,Travers,Alexa Travers,FEMALE,2022-12-01,Caloundra
24467,Susan,He,Susan He,FEMALE,2022-12-08,Rhodes
24468,Whitney,Patel,Whitney Patel,FEMALE,2022-11-28,Cranbourne
24469,Roger,Andersen,Roger Andersen,MALE,2023-02-16,Rhodes
24470,Clarence,Lal,Clarence Lal,MALE,2023-05-01,Springwood
24471,Ricardo,Chande,Ricardo Chande,MALE,2023-04-01,Cranbourne
24472,Jake,He,Jake He,MALE,2023-12-16,North Ryde
24473,Marco,Rana,Marco Rana,MALE,2023-08-29,Wollongong
24474,Rosa,Guo,Rosa Guo,FEMALE,2022-12-04,Sydney
24475,Gilbert,Zhou,Gilbert Zhou,MALE,2022-12-22,Bendigo
24476,Jared,Brooks,Jared Brooks,MALE,2022-11-28,Cranbourne
24477,Warren,Zeng,Warren Zeng,MALE,2022-12-26,Findon
24478,Lindsay,Sharma,Lindsay Sharma,FEMALE,2022-12-14,Goulburn
24479,Desirée,Moreno,Desirée Moreno,FEMALE,2024-01-17,Malabar
24480,Kelli,Liu,Kelli Liu,FEMALE,2022-12-08,Melton
24481,Dennis,Sun,Dennis Sun,MALE,2022-12-11,Gold Coast
24482,Roy,Ramos,Roy Ramos,MALE,2022-12-18,Melton
24483,Arthur,Kapoor,Arthur Kapoor,MALE,2023-09-16,Coffs Harbour
24484,Chad,Anand,Chad Anand,MALE,2022-11-28,Cloverdale
24485,Franklin,Ma,Franklin Ma,MALE,2022-12-23,Coffs Harbour
24486,Rafael,Zeng,Rafael Zeng,MALE,2023-02-01,Chula Vista
24487,Samantha,Harris,Samantha Harris,FEMALE,2023-08-23,Newton
24488,Gavin,Gonzales,Gavin Gonzales,MALE,2023-12-22,Vancouver
24489,Shelby,Murphy,Shelby Murphy,FEMALE,2023-04-13,Haney
24490,Dwayne,Suarez,Dwayne Suarez,MALE,2023-09-18,Bremerton
24491,Kaitlyn,Russell,Kaitlyn Russell,FEMALE,2021-12-17,Sooke
24492,Devin,Lopez,Devin Lopez,MALE,2023-03-03,Lakewood
24493,Seth,Bennett,Seth Bennett,MALE,2021-12-02,Newton
24494,Rafael,Zhou,Rafael Zhou,MALE,2023-01-31,Coffs Harbour
24495,Kellie,Ortega,Kellie Ortega,FEMALE,2024-01-14,Hervey Bay
24496,Katelyn,Mitchell,Katelyn Mitchell,FEMALE,2021-12-04,Sooke
24497,Abigail,James,Abigail James,FEMALE,2023-02-04,Port Orchard
24498,Angela,Washington,Angela Washington,FEMALE,2023-06-10,W. Linn
24499,Olivia,Lewis,Olivia Lewis,FEMALE,2023-05-21,Spring Valley
24500,Seth,Johnson,Seth Johnson,MALE,2023-06-12,Puyallup
24501,Victoria,Garcia,Victoria Garcia,FEMALE,2021-12-27,Haney
24502,Deb,Price,Deb Price,MALE,2022-12-06,Port Macquarie
24503,Laura,Ma,Laura Ma,FEMALE,2022-12-17,Goulburn
24504,Eddie,Navarro,Eddie Navarro,MALE,2022-12-12,Lane Cove
24505,Clifford,Gonzalez,Clifford Gonzalez,MALE,2022-12-18,Perth
24506,Jaime,Muñoz,Jaime Muñoz,FEMALE,2022-12-10,South Melbourne
24507,Madison,Garcia,Madison Garcia,FEMALE,2023-09-14,Edmonds
24508,Alex,Phillips,Alex Phillips,MALE,2023-10-16,Milwaukie
24509,Emma,Long,Emma Long,FEMALE,2023-11-07,Spokane
24510,Christian,Martinez,Christian Martinez,MALE,2023-10-03,Walla Walla
24511,Logan,Hall,Logan Hall,MALE,2023-08-28,Woodburn
24512,Adrienne,Jiménez,Adrienne Jiménez,FEMALE,2023-07-13,Burlingame
24513,Alejandro,Deng,Alejandro Deng,MALE,2023-04-11,Colma
24514,Jesse,Phillips,Jesse Phillips,MALE,2023-07-18,Mill Valley
24515,Ian,Jones,Ian Jones,MALE,2023-12-20,San Diego
24516,Rachel,Moore,Rachel Moore,FEMALE,2023-02-08,Colma
24517,Brandon,Harris,Brandon Harris,MALE,2023-12-29,Daly City
24518,Stephanie,Allen,Stephanie Allen,FEMALE,2023-07-07,Lakewood
24519,Carlos,King,Carlos King,MALE,2023-10-06,Redwood City
24520,Joseph,Wilson,Joseph Wilson,MALE,2023-06-28,Burbank
24521,Jordyn,Wood,Jordyn Wood,FEMALE,2023-02-16,Kirkland
24522,Alex,Perez,Alex Perez,MALE,2023-02-04,Santa Monica
24523,Mariah,Coleman,Mariah Coleman,FEMALE,2023-02-07,Colma
24524,Megan,Lewis,Megan Lewis,FEMALE,2023-09-16,Concord
24525,James,Nelson,James Nelson,MALE,2023-03-11,Langford
24526,Julian,Barnes,Julian Barnes,MALE,2023-02-25,Lemon Grove
24527,Gavin,Coleman,Gavin Coleman,MALE,2023-02-27,Santa Cruz
24528,Katherine,Hernandez,Katherine Hernandez,FEMALE,2023-02-04,Colma
24529,Jillian,Martinez,Jillian Martinez,FEMALE,2023-02-04,Berkeley
24530,Franklin,She,Franklin She,MALE,2023-05-01,Burien
24531,Andres,Xie,Andres Xie,MALE,2023-07-19,Paderborn
24532,Phillip,Perez,Phillip Perez,MALE,2023-11-03,Stuttgart
24533,Blake,Long,Blake Long,MALE,2023-12-30,Esher-Molesey
24534,Alisha,Luo,Alisha Luo,FEMALE,2023-03-03,Maidenhead
24535,David,Shepard,David Shepard,FEMALE,2023-07-14,Roncq
24536,Cynthia,Perez,Cynthia Perez,FEMALE,2023-06-01,Kassel
24537,Cynthia,Saunders,Cynthia Saunders,FEMALE,2023-03-01,London
24538,Latasha,Diaz,Latasha Diaz,FEMALE,2023-11-26,Colombes
24539,Colin,Zheng,Colin Zheng,MALE,2023-04-21,Versailles
24540,Janet,Martin,Janet Martin,FEMALE,2023-06-09,Bury
24541,Janet,Sheperdigian,Janet Sheperdigian,MALE,2023-12-18,Warrington
24542,Arturo,Liang,Arturo Liang,MALE,2023-12-03,Paris
24543,Arthur,Moreno,Arthur Moreno,MALE,2023-06-23,Sèvres
24544,Kellie,Romero,Kellie Romero,FEMALE,2023-03-08,Berlin
24545,Douglas,Raman,Douglas Raman,MALE,2023-09-26,Warrington
24546,Adam,Hughes,Adam Hughes,MALE,2023-04-15,Runcorn
24547,Dana,Gomez,Dana Gomez,FEMALE,2023-06-24,Braunschweig
24548,Crystal,Liu,Crystal Liu,FEMALE,2023-05-19,Paderborn
24549,Darryl,Li,Darryl Li,MALE,2023-04-25,Berkshire
24550,Randy,Ma,Randy Ma,MALE,2023-02-04,London
24551,Molly,Malhotra,Molly Malhotra,FEMALE,2023-02-25,Bobigny
24552,Ross,Carlson,Ross Carlson,MALE,2023-12-03,Pantin
24553,Michele,Ashe,Michele Ashe,FEMALE,2023-12-23,Hof
24554,Deanna,Fernandez,Deanna Fernandez,FEMALE,2023-08-12,London
24555,Lacey,Chande,Lacey Chande,FEMALE,2023-08-11,Oxford
24556,Claudia,Yang,Claudia Yang,FEMALE,2023-06-23,Paris La Defense
24557,Franklin,Lin,Franklin Lin,MALE,2023-05-29,Wokingham
24558,Savannah,Brooks,Savannah Brooks,FEMALE,2023-04-28,Billericay
24559,Adrienne,Suarez,Adrienne Suarez,FEMALE,2023-09-30,Cergy
24560,Veronica,Fernandez,Veronica Fernandez,FEMALE,2023-12-20,Metz
24561,Megan,Sherman,Megan Sherman,MALE,2023-02-07,Saarbrücken
24562,Ricky,Rubio,Ricky Rubio,MALE,2023-10-03,Hamburg
24563,Adriana,Rodriguez,Adriana Rodriguez,FEMALE,2023-07-26,Kassel
24564,Johnny,Andersen,Johnny Andersen,MALE,2023-10-02,Dresden
24565,Theodore,Navarro,Theodore Navarro,MALE,2023-07-16,Salzgitter
24566,Kara,Nara,Kara Nara,FEMALE,2023-11-21,York
24567,Alison,Deng,Alison Deng,FEMALE,2023-03-20,Paris
24568,Jose,Mitchell,Jose Mitchell,MALE,2023-07-10,Gateshead
24569,Bob,Gonzalez,Bob Gonzalez,MALE,2023-05-28,Oxford
24570,Karen,Guo,Karen Guo,FEMALE,2023-11-24,Bobigny
24571,Roberto,Navarro,Roberto Navarro,MALE,2023-12-28,Les Ulis
24572,Carolyn,Martinez,Carolyn Martinez,FEMALE,2023-04-16,Bonn
24573,Colin,Rai,Colin Rai,MALE,2023-05-20,London
24574,Alison,Yuan,Alison Yuan,FEMALE,2023-08-07,High Wycombe
24575,Arturo,Zhu,Arturo Zhu,MALE,2023-12-09,Kirkby
24576,Jake,Hu,Jake Hu,MALE,2023-07-11,Leeds
24577,Gilbert,Lal,Gilbert Lal,MALE,2023-05-21,Woolston
24578,Meredith,Lopez,Meredith Lopez,FEMALE,2023-11-06,Saint-Denis
24579,Trevor,Alexander,Trevor Alexander,MALE,2023-12-16,Bottrop
24580,Wesley,Zhao,Wesley Zhao,MALE,2023-08-23,Solingen
24581,Reginald,Diaz,Reginald Diaz,MALE,2023-10-28,Oxford
24582,Marie,Sai,Marie Sai,FEMALE,2023-06-12,Woolston
24583,Roy,Chandra,Roy Chandra,MALE,2023-06-16,York
24584,Ronnie,Liang,Ronnie Liang,MALE,2023-06-06,Rhodes
24585,Harold,Patel,Harold Patel,MALE,2022-12-18,Bendigo
24586,Jerry,Luo,Jerry Luo,MALE,2022-12-10,Gold Coast
24587,Suzanne,Sun,Suzanne Sun,FEMALE,2022-12-22,Brisbane
24588,Kathryn,Becker,Kathryn Becker,FEMALE,2023-07-20,Lavender Bay
24589,Laura,Zhao,Laura Zhao,FEMALE,2023-03-20,East Brisbane
24590,Diana,Alonso,Diana Alonso,FEMALE,2022-12-10,Wollongong
24591,Derek,Pal,Derek Pal,MALE,2023-08-05,Townsville
24592,Jay,Martinez,Jay Martinez,MALE,2022-12-12,Findon
24593,Destiny,Watson,Destiny Watson,FEMALE,2024-01-19,Sydney
24594,Franklin,Yuan,Franklin Yuan,MALE,2023-02-27,Gold Coast
24595,Kelvin,Wu,Kelvin Wu,MALE,2023-04-04,Lane Cove
24596,Heather,Zhao,Heather Zhao,FEMALE,2022-12-05,Wollongong
24597,Lee,Dominguez,Lee Dominguez,MALE,2022-12-07,Sydney
24598,Irma,Sherwood,Irma Sherwood,MALE,2022-12-04,Hobart
24599,Virginia,Garcia,Virginia Garcia,FEMALE,2023-08-13,Seaford
24600,Lisa,Li,Lisa Li,FEMALE,2023-09-30,Geelong
24601,Natasha,Munoz,Natasha Munoz,FEMALE,2022-12-03,Geelong
24602,Preston,Garcia,Preston Garcia,MALE,2022-12-27,North Ryde
24603,Jake,Zhu,Jake Zhu,MALE,2023-10-16,Hervey Bay
24604,Melvin,Rai,Melvin Rai,MALE,2022-12-25,Sydney
24605,Roger,Wang,Roger Wang,MALE,2022-12-13,Townsville
24606,Cassie,Nath,Cassie Nath,FEMALE,2022-01-21,Melton
24607,Kristine,Ruiz,Kristine Ruiz,FEMALE,2023-09-05,Rockhampton
24608,Katrina,Nara,Katrina Nara,FEMALE,2022-01-15,Hawthorne
24609,Jenny,Zhang,Jenny Zhang,FEMALE,2022-02-14,Geelong
24610,Troy,Kapoor,Troy Kapoor,MALE,2023-09-10,Darlinghurst
24611,Pedro,Suarez,Pedro Suarez,MALE,2022-02-03,Cloverdale
24612,Devon,Chander,Devon Chander,MALE,2022-02-17,Warrnambool
24613,Stacy,Serrano,Stacy Serrano,FEMALE,2022-03-16,Melton
24614,Lindsey,Raje,Lindsey Raje,FEMALE,2022-03-19,Seaford
24615,Dwayne,Ortega,Dwayne Ortega,MALE,2022-03-29,Melbourne
24616,Zoe,Cook,Zoe Cook,FEMALE,2023-08-08,San Carlos
24617,Kelsey,She,Kelsey She,FEMALE,2023-05-03,Burien
24618,Brett,Gonzalez,Brett Gonzalez,MALE,2023-06-13,Chula Vista
24619,Shelby,Kelly,Shelby Kelly,FEMALE,2023-03-14,El Cajon
24620,Olivia,Morgan,Olivia Morgan,FEMALE,2023-10-27,Fremont
24621,Chad,Shan,Chad Shan,MALE,2023-05-22,Cliffside
24622,Blake,Hall,Blake Hall,MALE,2023-05-23,Woodburn
24623,Beth,Torres,Beth Torres,FEMALE,2024-01-13,Bellingham
24624,Allison,Murphy,Allison Murphy,FEMALE,2023-07-13,Fremont
24625,Yolanda,Nath,Yolanda Nath,FEMALE,2023-10-04,Cliffside
24626,Seth,Bryant,Seth Bryant,MALE,2023-08-16,Lincoln Acres
24627,Eric,Edwards,Eric Edwards,MALE,2023-07-14,Metchosin
24628,David,Walker,David Walker,MALE,2023-11-12,Lincoln Acres
24629,Seth,Perry,Seth Perry,MALE,2023-05-02,Oakland
24630,Brianna,Howard,Brianna Howard,FEMALE,2023-05-29,Westminster
24631,Hannah,Powell,Hannah Powell,FEMALE,2023-11-19,Colma
24632,Catherine,James,Catherine James,FEMALE,2023-06-28,Walla Walla
24633,Xavier,Cook,Xavier Cook,MALE,2023-06-04,W. Linn
24634,Crystal,He,Crystal He,FEMALE,2023-10-10,Bremerton
24635,Gabrielle,Rogers,Gabrielle Rogers,FEMALE,2024-01-25,San Gabriel
24636,Anna,Ward,Anna Ward,FEMALE,2023-11-19,Lake Oswego
24637,Nathan,Flores,Nathan Flores,MALE,2023-11-09,Shawnee
24638,Julia,Lopez,Julia Lopez,FEMALE,2023-11-04,Oakland
24639,Ian,Moore,Ian Moore,MALE,2023-12-01,Haney
24640,Lisa,Yang,Lisa Yang,FEMALE,2023-06-18,Beverly Hills
24641,Sarah,Powell,Sarah Powell,FEMALE,2023-06-04,La Jolla
24642,Edward,Russell,Edward Russell,MALE,2023-08-29,W. Linn
24643,Jada,Campbell,Jada Campbell,FEMALE,2023-07-07,Torrance
24644,Samuel,Johnston,Samuel Johnston,MALE,2023-05-31,El Cajon
24645,Bryce,Murphy,Bryce Murphy,MALE,2023-06-26,Burien
24646,Juan,Murphy,Juan Murphy,MALE,2021-12-21,Royal Oak
24647,Jose,Simmons,Jose Simmons,MALE,2023-11-01,Metchosin
24648,Amanda,King,Amanda King,FEMALE,2023-05-16,Grossmont
24649,Aaron,Washington,Aaron Washington,MALE,2023-06-04,Metchosin
24650,Julia,Baker,Julia Baker,FEMALE,2023-09-03,Lincoln Acres
24651,Dakota,Alexander,Dakota Alexander,MALE,2023-06-06,Olympia
24652,Luke,Butler,Luke Butler,MALE,2023-02-01,Edmonds
24653,Victoria,Barnes,Victoria Barnes,FEMALE,2023-07-29,Lynnwood
24654,Paige,Simmons,Paige Simmons,FEMALE,2023-07-10,Imperial Beach
24655,Taylor,Sanders,Taylor Sanders,FEMALE,2023-09-20,Burbank
24656,Julia,Moore,Julia Moore,FEMALE,2023-05-20,Colma
24657,Alyssa,Brooks,Alyssa Brooks,FEMALE,2023-11-27,Tacoma
24658,Jenna,Perez,Jenna Perez,FEMALE,2023-05-22,Tacoma
24659,Kaitlyn,Hill,Kaitlyn Hill,FEMALE,2023-09-27,Sooke
24660,Anna,Perry,Anna Perry,FEMALE,2023-02-01,West Covina
24661,Madison,Jones,Madison Jones,FEMALE,2021-12-02,Haney
24662,Arianna,Price,Arianna Price,FEMALE,2023-02-13,Spring Valley
24663,Ebony,Fernandez,Ebony Fernandez,FEMALE,2024-01-05,Cliffside
24664,Ian,Washington,Ian Washington,MALE,2021-12-27,Langford
24665,Angela,Morgan,Angela Morgan,FEMALE,2023-07-31,Newton
24666,Hannah,Martinez,Hannah Martinez,FEMALE,2021-12-14,Port Hammond
24667,Chloe,Diaz,Chloe Diaz,FEMALE,2024-01-08,Seattle
24668,Katrina,Xu,Katrina Xu,FEMALE,2023-07-30,Coronado
24669,Xavier,Parker,Xavier Parker,MALE,2023-02-05,San Gabriel
24670,Alexandria,Ross,Alexandria Ross,FEMALE,2023-03-26,Santa Monica
24671,Christian,Perry,Christian Perry,MALE,2021-12-19,Newton
24672,Jeremy,Cook,Jeremy Cook,MALE,2024-01-27,Tacoma
24673,Paige,Cox,Paige Cox,FEMALE,2023-03-27,Newport Beach
24674,Dylan,Kumar,Dylan Kumar,MALE,2023-03-07,Spring Valley
24675,Jackson,Nelson,Jackson Nelson,MALE,2023-03-04,West Covina
24676,Jeremy,Roberts,Jeremy Roberts,MALE,2023-07-06,Seattle
24677,Blake,Lee,Blake Lee,MALE,2023-05-14,Burlingame
24678,Nathan,Long,Nathan Long,MALE,2023-08-12,Coronado
24679,Wyatt,Hernandez,Wyatt Hernandez,MALE,2023-11-17,Novato
24680,Thomas,Flores,Thomas Flores,MALE,2023-03-21,San Diego
24681,Arianna,Murphy,Arianna Murphy,FEMALE,2023-03-06,Santa Cruz
24682,Faith,Rogers,Faith Rogers,FEMALE,2023-10-24,Newton
24683,Shannon,Alonso,Shannon Alonso,MALE,2023-07-06,Burlingame
24684,Charles,Martin,Charles Martin,MALE,2023-07-01,Grossmont
24685,Jordan,Kumar,Jordan Kumar,MALE,2023-07-23,Lincoln Acres
24686,Melissa,Murphy,Melissa Murphy,FEMALE,2024-01-23,San Diego
24687,Joan,Ross,Joan Ross,FEMALE,2023-06-09,Everett
24688,Ashley,Long,Ashley Long,FEMALE,2023-08-27,San Diego
24689,Sandra,Ye,Sandra Ye,FEMALE,2023-10-22,Berks
24690,Christian,Long,Christian Long,MALE,2023-10-23,Bottrop
24691,Meredith,Carlson,Meredith Carlson,FEMALE,2023-05-27,Hamburg
24692,Laura,He,Laura He,FEMALE,2023-12-20,Hamburg
24693,Alexandra,Rogers,Alexandra Rogers,FEMALE,2023-04-12,Saint Germain en Laye
24694,Theodore,Carlson,Theodore Carlson,MALE,2023-05-08,Berlin
24695,Omar,Zhou,Omar Zhou,MALE,2023-03-10,Saint-Denis
24696,Tasha,Xie,Tasha Xie,FEMALE,2023-09-01,Berlin
24697,Manuel,Rodriguez,Manuel Rodriguez,MALE,2023-10-08,London
24698,Blake,Carter,Blake Carter,MALE,2023-10-04,Frankfurt
24699,Rebekah,Rubio,Rebekah Rubio,FEMALE,2023-12-10,Stoke-on-Trent
24700,Gary,Alvarez,Gary Alvarez,MALE,2023-10-02,Les Ulis
24701,Marco,Fernandez,Marco Fernandez,MALE,2023-08-19,Paris
24702,Kari,Ramos,Kari Ramos,FEMALE,2023-11-02,London
24703,Jonathan,White,Jonathan White,MALE,2023-04-04,Stoke-on-Trent
24704,Allen,Schmidt,Allen Schmidt,MALE,2024-01-28,Offenbach
24705,Daniel,Shimshoni,Daniel Shimshoni,FEMALE,2023-10-18,London
24706,Virginia,Rana,Virginia Rana,FEMALE,2023-10-25,Braunschweig
24707,Shaun,Pal,Shaun Pal,MALE,2023-10-21,Chatou
24708,Corey,Chander,Corey Chander,MALE,2023-11-17,Chatou
24709,Nancy,Prasad,Nancy Prasad,FEMALE,2023-08-29,Metz
24710,Brandy,Malhotra,Brandy Malhotra,FEMALE,2023-03-13,Berlin
24711,Rebekah,Hernandez,Rebekah Hernandez,FEMALE,2023-03-13,Berlin
24712,Carly,Kumar,Carly Kumar,FEMALE,2023-11-02,Bracknell
24713,Jeremy,Brooks,Jeremy Brooks,MALE,2023-02-27,Chatou
24714,Whitney,Rodriguez,Whitney Rodriguez,FEMALE,2024-01-20,Esher-Molesey
24715,Kelli,Nath,Kelli Nath,FEMALE,2023-10-05,Saint-Denis
24716,Colin,Liu,Colin Liu,MALE,2023-09-29,Paderborn
24717,Damien,Anand,Damien Anand,MALE,2023-10-26,Ingolstadt
24718,Terrence,Black,Terrence Black,MALE,2023-04-07,Frankfurt am Main
24719,Susan,Zheng,Susan Zheng,FEMALE,2023-10-20,Hamburg
24720,Deanna,Alvarez,Deanna Alvarez,FEMALE,2023-06-04,Bracknell
24721,Mandy,Zheng,Mandy Zheng,FEMALE,2023-09-19,London
24722,Hunter,Ross,Hunter Ross,MALE,2023-09-17,Werne
24723,Shawna,Pal,Shawna Pal,FEMALE,2023-04-23,Stuttgart
24724,Alfredo,Gutierrez,Alfredo Gutierrez,MALE,2023-09-29,Paris
24725,Bailey,Young,Bailey Young,FEMALE,2023-05-05,Lake Oswego
24726,Marissa,Hughes,Marissa Hughes,FEMALE,2023-09-02,W. Linn
24727,Mallory,Jimenez,Mallory Jimenez,FEMALE,2023-12-28,Burien
24728,Julia,Diaz,Julia Diaz,FEMALE,2023-08-24,San Francisco
24729,Chase,Murphy,Chase Murphy,MALE,2023-05-19,Newton
24730,Anthony,Moore,Anthony Moore,MALE,2023-05-17,Newton
24731,Evan,Mitchell,Evan Mitchell,MALE,2023-12-04,Royal Oak
24732,Wyatt,Davis,Wyatt Davis,MALE,2023-08-05,Oregon City
24733,Luke,Flores,Luke Flores,MALE,2023-12-04,Langley
24734,Jack,Turner,Jack Turner,MALE,2023-03-17,Burien
24735,Madison,Powell,Madison Powell,FEMALE,2023-03-14,Chula Vista
24736,Savannah,Ramirez,Savannah Ramirez,FEMALE,2023-05-31,Lebanon
24737,Angela,Bailey,Angela Bailey,FEMALE,2023-04-02,Puyallup
24738,Hannah,Davis,Hannah Davis,FEMALE,2023-08-05,Glendale
24739,Dalton,Sanders,Dalton Sanders,MALE,2023-08-07,National City
24740,Shelby,Cooper,Shelby Cooper,FEMALE,2023-05-03,Bellingham
24741,Brittany,Perry,Brittany Perry,FEMALE,2023-01-29,Walla Walla
24742,Rachel,Ramirez,Rachel Ramirez,FEMALE,2023-03-28,El Cajon
24743,Chloe,Coleman,Chloe Coleman,FEMALE,2023-08-15,Spokane
24744,Brendan,Yuan,Brendan Yuan,MALE,2023-10-09,Cliffside
24745,Jennifer,Ward,Jennifer Ward,FEMALE,2023-07-25,Palo Alto
24746,Ian,Russell,Ian Russell,MALE,2023-02-03,Langley
24747,Dakota,Powell,Dakota Powell,MALE,2024-01-13,Beverly Hills
24748,Jose,Collins,Jose Collins,MALE,2023-02-23,Haney
24749,Marshall,Guo,Marshall Guo,MALE,2023-09-24,Concord
24750,Destiny,Barnes,Destiny Barnes,FEMALE,2023-10-08,Palo Alto
24751,Angela,Howard,Angela Howard,FEMALE,2023-06-28,Everett
24752,Cameron,Jackson,Cameron Jackson,MALE,2023-05-22,Bellingham
24753,Eduardo,Jenkins,Eduardo Jenkins,MALE,2023-06-06,El Cajon
24754,Haley,Rivera,Haley Rivera,FEMALE,2023-08-11,West Covina
24755,Sean,Scott,Sean Scott,MALE,2023-08-10,Oak Bay
24756,Carlos,Bell,Carlos Bell,MALE,2023-08-19,Imperial Beach
24757,Alisha,She,Alisha She,FEMALE,2021-12-25,Calgary
24758,Gabriella,Adams,Gabriella Adams,FEMALE,2023-10-06,Kirkland
24759,Brooke,Stewart,Brooke Stewart,FEMALE,2021-12-15,Vancouver
24760,Julian,Coleman,Julian Coleman,MALE,2023-08-12,Woodburn
24761,Lawrence,Rubio,Lawrence Rubio,MALE,2023-08-27,Chula Vista
24762,Warren,Xu,Warren Xu,MALE,2023-08-15,Burien
24763,Fernando,Hill,Fernando Hill,MALE,2023-04-13,Sooke
24764,Abigail,Hughes,Abigail Hughes,FEMALE,2023-08-14,Everett
24765,Morgan,Alexander,Morgan Alexander,FEMALE,2023-10-06,Seattle
24766,Christian,White,Christian White,MALE,2023-07-25,Tacoma
24767,Lauren,Jackson,Lauren Jackson,FEMALE,2023-08-31,Walla Walla
24768,Jordan,Ross,Jordan Ross,MALE,2023-04-23,Colma
24769,Brendan,Lal,Brendan Lal,MALE,2023-10-23,Colma
24770,Isaac,Wright,Isaac Wright,MALE,2023-08-02,Torrance
24771,Samuel,Harris,Samuel Harris,MALE,2023-03-02,Langley
24772,Greg,Russell,Greg Russell,MALE,2023-04-10,Novato
24773,Grace,Stewart,Grace Stewart,FEMALE,2023-04-16,Victoria
24774,Xavier,Gonzales,Xavier Gonzales,MALE,2023-07-10,Salem
24775,Alexandra,Alexander,Alexandra Alexander,FEMALE,2024-01-27,Colma
24776,Samantha,Perry,Samantha Perry,FEMALE,2023-02-20,San Gabriel
24777,Eric,Adams,Eric Adams,MALE,2023-02-12,Redwood City
24778,Sean,Baker,Sean Baker,MALE,2022-01-02,Langley
24779,Morgan,Lee,Morgan Lee,FEMALE,2023-03-24,Marysville
24780,Courtney,Hall,Courtney Hall,FEMALE,2023-03-07,Olympia
24781,Carmen,Garcia,Carmen Garcia,FEMALE,2022-01-04,Calgary
24782,Nicole,Morris,Nicole Morris,FEMALE,2023-08-04,Beverly Hills
24783,Barry,Raman,Barry Raman,MALE,2023-09-17,Chula Vista
24784,Megan,Kelly,Megan Kelly,FEMALE,2023-04-03,Lemon Grove
24785,Cody,Morris,Cody Morris,MALE,2023-09-18,Kirkland
24786,Haley,Adams,Haley Adams,FEMALE,2022-01-16,Port Hammond
24787,Andrea,Watson,Andrea Watson,FEMALE,2023-09-11,Redmond
24788,Ashley,Bennett,Ashley Bennett,FEMALE,2023-09-15,Edmonds
24789,Tamara,Hu,Tamara Hu,FEMALE,2023-09-27,Beverly Hills
24790,Rebekah,Navarro,Rebekah Navarro,FEMALE,2023-09-12,Burbank
24791,Teresa,Ortega,Teresa Ortega,FEMALE,2023-09-17,Burien
24792,Clifford,Malhotra,Clifford Malhotra,MALE,2023-09-28,Colma
24793,Cole,Morgan,Cole Morgan,MALE,2023-10-15,Lincoln Acres
24794,Cody,Sanchez,Cody Sanchez,MALE,2023-10-17,W. Linn
24795,Alexandra,Lewis,Alexandra Lewis,FEMALE,2023-10-17,Corvallis
24796,Jessica,Simmons,Jessica Simmons,FEMALE,2023-10-03,Los Angeles
24797,Dylan,Flores,Dylan Flores,MALE,2023-10-08,Bremerton
24798,Lawrence,Moreno,Lawrence Moreno,MALE,2023-10-10,Bellingham
24799,Byron,Sanz,Byron Sanz,MALE,2023-10-25,Citrus Heights
24800,Eduardo,Young,Eduardo Young,MALE,2023-10-15,Bellingham
24801,Chase,Bailey,Chase Bailey,MALE,2023-10-03,Renton
24802,Timothy,Allen,Timothy Allen,MALE,2023-04-02,Grossmont
24803,Anna,Diaz,Anna Diaz,FEMALE,2023-05-25,Lebanon
24804,Tonya,Raji,Tonya Raji,FEMALE,2023-04-05,Colma
24805,Donna,Luo,Donna Luo,FEMALE,2023-06-27,Cliffside
24806,Faith,Russell,Faith Russell,FEMALE,2023-04-02,Berkeley
24807,Anne,Moreno,Anne Moreno,FEMALE,2023-04-12,Chula Vista
24808,Eric,Perez,Eric Perez,MALE,2023-04-07,Lakewood
24809,Alyssa,Moore,Alyssa Moore,FEMALE,2023-04-09,Oakland
24810,Alyssa,Richardson,Alyssa Richardson,FEMALE,2023-10-26,San Francisco
24811,Trinity,Ramirez,Trinity Ramirez,FEMALE,2023-10-01,Glendale
24812,Johnathan,Sai,Johnathan Sai,MALE,2023-06-03,Chula Vista
24813,Armando,Schmidt,Armando Schmidt,MALE,2023-04-13,Concord
24814,Gabriel,Washington,Gabriel Washington,MALE,2023-11-03,Edmonds
24815,Victoria,Clark,Victoria Clark,FEMALE,2023-04-09,Chula Vista
24816,Lauren,Perry,Lauren Perry,FEMALE,2023-06-28,Langford
24817,Victoria,Richardson,Victoria Richardson,FEMALE,2022-01-17,Sooke
24818,Diane,Rubio,Diane Rubio,FEMALE,2023-04-26,Burien
24819,Jack,Shan,Jack Shan,MALE,2023-04-14,Issaquah
24820,David,Clark,David Clark,MALE,2023-02-04,Marysville
24821,Melissa,Alexander,Melissa Alexander,FEMALE,2023-07-22,Yakima
24822,Paige,Cook,Paige Cook,FEMALE,2023-08-07,Colma
24823,Vincent,Zhao,Vincent Zhao,MALE,2024-01-18,Colma
24824,Alexandria,Wood,Alexandria Wood,FEMALE,2022-01-15,Oak Bay
24825,Zoe,Sanders,Zoe Sanders,FEMALE,2023-09-15,Vancouver
24826,Richard,Powell,Richard Powell,MALE,2023-07-10,Bremerton
24827,Alexander,Martinez,Alexander Martinez,MALE,2023-04-07,La Jolla
24828,Brooke,Reed,Brooke Reed,FEMALE,2023-11-17,Berkeley
24829,Ethan,Patterson,Ethan Patterson,MALE,2023-02-08,Glendale
24830,Alexandra,Cox,Alexandra Cox,FEMALE,2023-04-13,Burien
24831,Jackson,Diaz,Jackson Diaz,MALE,2023-11-12,West Covina
24832,Morgan,Martin,Morgan Martin,FEMALE,2022-01-27,Newton
24833,Deanna,Ruiz,Deanna Ruiz,FEMALE,2023-09-17,Paris
24834,Bethany,Jai,Bethany Jai,FEMALE,2023-04-27,Duesseldorf
24835,Angel,Morgan,Angel Morgan,MALE,2023-11-10,Leeds
24836,Taylor,Robinson,Taylor Robinson,FEMALE,2023-10-24,Saint Germain en Laye
24837,Wyatt,Lewis,Wyatt Lewis,MALE,2023-08-17,Hamburg
24838,Elijah,Young,Elijah Young,MALE,2023-09-19,Werne
24839,Tamara,Goldberg,Tamara Goldberg,FEMALE,2023-01-29,Berlin
24840,Marco,Sai,Marco Sai,MALE,2023-12-11,Cheltenham
24841,Andres,Jai,Andres Jai,MALE,2023-12-17,Colombes
24842,Monique,Alonso,Monique Alonso,FEMALE,2023-06-16,Orly
24843,Bryant,Subram,Bryant Subram,MALE,2023-09-21,Saarlouis
24844,Maria,Ward,Maria Ward,FEMALE,2023-12-11,Dunkerque
24845,Tyrone,Jimenez,Tyrone Jimenez,MALE,2023-10-03,Metz
24846,Naomi,Navarro,Naomi Navarro,FEMALE,2023-06-07,Bonn
24847,Tonya,Nath,Tonya Nath,FEMALE,2023-06-17,Kirkby
24848,Jeffery,Zhou,Jeffery Zhou,MALE,2024-01-13,Berlin
24849,Brianna,Ward,Brianna Ward,FEMALE,2023-11-04,Tremblay-en-France
24850,Emmanuel,Perez,Emmanuel Perez,MALE,2023-09-07,Stuttgart
24851,Leslie,Ortega,Leslie Ortega,FEMALE,2023-07-10,Berks
24852,Carla,Martinez,Carla Martinez,FEMALE,2023-06-24,Watford
24853,Miguel,Long,Miguel Long,MALE,2023-08-17,York
24854,Emma,Jenkins,Emma Jenkins,FEMALE,2023-07-06,Hof
24855,Kaylee,Wright,Kaylee Wright,FEMALE,2023-02-17,Kassel
24856,Candice,Huang,Candice Huang,FEMALE,2023-10-09,Stuttgart
24857,Anna,Henderson,Anna Henderson,FEMALE,2023-06-29,Cheltenham
24858,Calvin,Xie,Calvin Xie,MALE,2023-04-12,Leeds
24859,Cesar,Arun,Cesar Arun,MALE,2024-01-25,London
24860,Douglas,Garcia,Douglas Garcia,MALE,2023-06-16,York
24861,Evelyn,Vance,Evelyn Vance,FEMALE,2023-10-28,Bobigny
24862,Tamara,Zhou,Tamara Zhou,FEMALE,2023-06-09,Lieusaint
24863,Wesley,Sun,Wesley Sun,MALE,2023-03-09,Saint Ouen
24864,Jeffery,Sun,Jeffery Sun,MALE,2023-07-19,Berlin
24865,Ashley,Griffin,Ashley Griffin,FEMALE,2023-07-25,Newcastle upon Tyne
24866,Alejandro,Nath,Alejandro Nath,MALE,2023-03-09,Paris
24867,Beth,Suarez,Beth Suarez,FEMALE,2023-08-05,München
24868,Darryl,Hu,Darryl Hu,MALE,2023-07-17,London
24869,Misty,Shock,Misty Shock,MALE,2023-09-23,London
24870,Taylor,Morgan,Taylor Morgan,FEMALE,2023-07-12,Oxford
24871,Kelsey,Luo,Kelsey Luo,FEMALE,2023-07-14,Cergy
24872,Alisha,Raje,Alisha Raje,FEMALE,2023-03-15,Paris
24873,Alisha,Li,Alisha Li,FEMALE,2023-11-27,Poing
24874,Wendy,Moreno,Wendy Moreno,FEMALE,2023-10-16,Suresnes
24875,Darryl,Zhang,Darryl Zhang,MALE,2023-06-27,Berlin
24876,Jarrod,Subram,Jarrod Subram,MALE,2023-04-20,Sulzbach Taunus
24877,Mandy,Zhao,Mandy Zhao,FEMALE,2024-01-02,Pantin
24878,Sandra,Wang,Sandra Wang,FEMALE,2023-05-19,Saint Ouen
24879,Desiree,Munoz,Desiree Munoz,FEMALE,2023-10-07,Münster
24880,Summer,Chandra,Summer Chandra,FEMALE,2023-12-18,Bracknell
24881,Tasha,Ashe,Tasha Ashe,FEMALE,2023-06-12,Liverpool
24882,Meredith,Srini,Meredith Srini,FEMALE,2023-03-11,Roubaix
24883,Stacey,Lin,Stacey Lin,FEMALE,2023-01-04,Frankfurt am Main
24884,Michele,Fernandez,Michele Fernandez,FEMALE,2023-09-30,North Sydney
24885,Corey,Xie,Corey Xie,MALE,2024-01-11,Melton
24886,Joy,Romero,Joy Romero,FEMALE,2023-06-29,Wollongong
24887,Micah,Sun,Micah Sun,MALE,2022-03-01,Perth
24888,Roy,Srini,Roy Srini,MALE,2022-03-11,Melbourne
24889,Kelli,She,Kelli She,FEMALE,2022-03-29,Goulburn
24890,Brenda,Van,Brenda Van,FEMALE,2023-02-07,Melton
24891,Bianca,Chen,Bianca Chen,FEMALE,2023-12-08,Brisbane
24892,Arthur,Alvarez,Arthur Alvarez,MALE,2023-12-19,Brisbane
24893,Alvin,Chande,Alvin Chande,MALE,2023-05-20,Melton
24894,Jaime,Jai,Jaime Jai,MALE,2023-02-17,Sydney
24895,Dalton,Henderson,Dalton Henderson,MALE,2023-03-03,Coffs Harbour
24896,Kendra,Ramos,Kendra Ramos,FEMALE,2023-11-18,Townsville
24897,Glenn,Hu,Glenn Hu,MALE,2023-07-15,St. Leonards
24898,Mallory,Gomez,Mallory Gomez,FEMALE,2023-04-24,Findon
24899,Vincent,Zhu,Vincent Zhu,MALE,2023-02-20,North Ryde
24900,Ebony,Perez,Ebony Perez,FEMALE,2022-04-24,North Ryde
24901,Clarence,She,Clarence She,MALE,2022-04-19,Newcastle
24902,Jill,Murphy,Jill Murphy,FEMALE,2022-04-04,Warrnambool
24903,Tracy,Black,Tracy Black,FEMALE,2022-04-23,Hawthorne
24904,Jaclyn,Yuan,Jaclyn Yuan,FEMALE,2022-04-13,Hobart
24905,Kelsey,Nara,Kelsey Nara,FEMALE,2022-05-02,Newcastle
24906,Donna,Raji,Donna Raji,FEMALE,2023-04-04,Silverwater
24907,Megan,Price,Megan Price,FEMALE,2022-05-28,Hobart
24908,Marc,Blanco,Marc Blanco,MALE,2022-05-15,Caloundra
24909,Grant,Yuan,Grant Yuan,MALE,2022-05-26,Springwood
24910,Terrance,Madan,Terrance Madan,MALE,2022-05-07,Silverwater
24911,Martin,Madan,Martin Madan,MALE,2023-07-31,Caloundra
24912,Krystal,Li,Krystal Li,FEMALE,2022-06-06,Geelong
24913,Kelsey,Lal,Kelsey Lal,FEMALE,2022-06-07,St. Leonards
24914,Heather,Zhou,Heather Zhou,FEMALE,2022-06-25,Seaford
24915,Stanley,Patel,Stanley Patel,MALE,2022-06-29,Hervey Bay
24916,Kara,Pal,Kara Pal,FEMALE,2022-06-19,Hawthorne
24917,Arthur,Gomez,Arthur Gomez,MALE,2022-06-06,Cloverdale
24918,Warren,Cai,Warren Cai,MALE,2022-06-11,South Melbourne
24919,Carl,Shan,Carl Shan,MALE,2022-06-15,Gold Coast
24920,Amy,Cai,Amy Cai,FEMALE,2022-06-08,Melbourne
24921,Curtis,He,Curtis He,MALE,2022-07-10,North Ryde
24922,Naomi,Jimenez,Naomi Jimenez,FEMALE,2022-07-09,Hobart
24923,Ebony,Sara,Ebony Sara,FEMALE,2022-06-30,North Sydney
24924,Richard,Anderson,Richard Anderson,MALE,2022-07-08,Hobart
24925,Erick,Perez,Erick Perez,MALE,2023-12-15,Chula Vista
24926,Eric,Roberts,Eric Roberts,MALE,2023-12-24,Downey
24927,Kaitlyn,Harris,Kaitlyn Harris,FEMALE,2023-04-04,Lynnwood
24928,Timothy,Wright,Timothy Wright,MALE,2023-04-13,Mill Valley
24929,Lucas,Bailey,Lucas Bailey,MALE,2023-06-16,Puyallup
24930,Abigail,Lewis,Abigail Lewis,FEMALE,2023-02-12,Los Angeles
24931,Brianna,Miller,Brianna Miller,FEMALE,2023-07-07,Tacoma
24932,Richard,Jones,Richard Jones,MALE,2023-05-29,Oakland
24933,Regina,Sanchez,Regina Sanchez,FEMALE,2023-03-31,Burbank
24934,Lindsay,Tang,Lindsay Tang,FEMALE,2023-12-03,Coronado
24935,James,Hayes,James Hayes,MALE,2023-09-06,Concord
24936,Caleb,Scott,Caleb Scott,MALE,2023-11-10,Oregon City
24937,Jordan,Evans,Jordan Evans,FEMALE,2023-12-03,Burien
24938,Julia,Martinez,Julia Martinez,FEMALE,2023-06-28,Sedro Woolley
24939,Elizabeth,Barnes,Elizabeth Barnes,FEMALE,2023-08-18,Royal Oak
24940,Fernando,Martin,Fernando Martin,MALE,2023-01-28,Concord
24941,Wyatt,Garcia,Wyatt Garcia,MALE,2023-03-22,Portland
24942,Steven,James,Steven James,MALE,2023-10-29,Berkeley
24943,Darrell,Chander,Darrell Chander,MALE,2023-11-26,Burien
24944,Whitney,Garcia,Whitney Garcia,FEMALE,2023-03-30,Berkeley
24945,Logan,Harris,Logan Harris,MALE,2023-05-12,Redmond
24946,Sarah,Hughes,Sarah Hughes,FEMALE,2023-04-21,Concord
24947,Aaron,Phillips,Aaron Phillips,MALE,2023-06-02,Metchosin
24948,Nathan,Carter,Nathan Carter,MALE,2023-09-23,Downey
24949,Devin,Howard,Devin Howard,MALE,2023-10-29,Kirkland
24950,Stephanie,Alexander,Stephanie Alexander,FEMALE,2023-09-14,Torrance
24951,Jeremy,Ward,Jeremy Ward,MALE,2023-07-30,San Diego
24952,Amanda,Long,Amanda Long,FEMALE,2023-02-13,Lebanon
24953,Aaron,Green,Aaron Green,MALE,2023-06-13,Seattle
24954,Jonathan,Long,Jonathan Long,MALE,2023-10-07,National City
24955,Donald,Perez,Donald Perez,MALE,2023-07-07,Chula Vista
24956,Ariana,Ward,Ariana Ward,FEMALE,2023-07-07,Bellflower
24957,Anna,Howard,Anna Howard,FEMALE,2023-07-04,Lakewood
24958,Tamara,Xu,Tamara Xu,FEMALE,2023-11-17,Colma
24959,Kristy,Blanco,Kristy Blanco,FEMALE,2023-04-16,Berkeley
24960,Brianna,Gray,Brianna Gray,FEMALE,2022-01-18,Cliffside
24961,Alexandra,Bennett,Alexandra Bennett,FEMALE,2023-07-04,Walla Walla
24962,Jonathan,Jai,Jonathan Jai,MALE,2023-07-22,Lynnwood
24963,Erica,Zhao,Erica Zhao,FEMALE,2023-04-21,Beverly Hills
24964,Samantha,Anderson,Samantha Anderson,FEMALE,2024-01-17,Edmonds
24965,Justin,Hayes,Justin Hayes,MALE,2023-06-22,Spokane
24966,Jade,Cooper,Jade Cooper,FEMALE,2023-04-20,Olympia
24967,Jasmine,Reed,Jasmine Reed,FEMALE,2023-12-30,Langford
24968,Dalton,Moore,Dalton Moore,MALE,2023-06-27,Portland
24969,Vanessa,Gonzales,Vanessa Gonzales,FEMALE,2023-02-24,Puyallup
24970,Blake,Wright,Blake Wright,MALE,2023-06-15,Salem
24971,Brittney,Lin,Brittney Lin,FEMALE,2023-10-31,Burlingame
24972,Edward,Garcia,Edward Garcia,MALE,2023-11-03,Fremont
24973,Arianna,Rivera,Arianna Rivera,FEMALE,2023-06-04,Long Beach
24974,Eduardo,Carter,Eduardo Carter,MALE,2023-09-08,Long Beach
24975,Julia,James,Julia James,FEMALE,2023-10-18,Shawnee
24976,Stephanie,Cooper,Stephanie Cooper,FEMALE,2022-01-02,Shawnee
24977,Sophia,Green,Sophia Green,FEMALE,2022-01-11,Victoria
24978,Kaylee,Stewart,Kaylee Stewart,FEMALE,2023-07-14,Bremerton
24979,Jada,Adams,Jada Adams,FEMALE,2023-11-11,Edmonds
24980,Savannah,Phillips,Savannah Phillips,FEMALE,2023-06-04,Lincoln Acres
24981,Jose,Davis,Jose Davis,MALE,2023-09-13,Puyallup
24982,Devin,King,Devin King,MALE,2023-04-28,Burbank
24983,Morgan,Griffin,Morgan Griffin,FEMALE,2023-10-30,National City
24984,William,Moore,William Moore,MALE,2023-08-02,Novato
24985,Jenna,Phillips,Jenna Phillips,FEMALE,2023-09-06,Torrance
24986,Isabelle,Griffin,Isabelle Griffin,FEMALE,2023-11-02,Oak Bay
24987,Kristopher,Chandra,Kristopher Chandra,MALE,2023-11-12,Burbank
24988,Kayla,Diaz,Kayla Diaz,FEMALE,2023-04-04,Santa Cruz
24989,Arianna,Peterson,Arianna Peterson,FEMALE,2023-02-03,Oregon City
24990,Timothy,Collins,Timothy Collins,MALE,2023-04-25,Santa Cruz
24991,Luke,Bryant,Luke Bryant,MALE,2023-04-13,Issaquah
24992,Faith,Bryant,Faith Bryant,FEMALE,2023-06-05,Chula Vista
24993,Marvin,Ortega,Marvin Ortega,MALE,2023-12-09,Colma
24994,Lauren,Sanders,Lauren Sanders,FEMALE,2023-01-28,San Carlos
24995,Melissa,Peterson,Melissa Peterson,FEMALE,2023-03-21,Victoria
24996,Dylan,Miller,Dylan Miller,MALE,2023-10-31,Beverly Hills
24997,Melvin,Kumar,Melvin Kumar,MALE,2023-12-19,Burlingame
24998,Olivia,Martinez,Olivia Martinez,FEMALE,2023-04-02,Burlingame
24999,Shaun,Jai,Shaun Jai,MALE,2023-09-18,Chula Vista
25000,Allison,Turner,Allison Turner,FEMALE,2023-12-13,Seattle
25001,Clayton,Xu,Clayton Xu,MALE,2023-07-07,Sydney
25002,Logan,Edwards,Logan Edwards,MALE,2023-07-02,Haney
25003,Tristan,Russell,Tristan Russell,MALE,2023-06-16,Bellingham
25004,Samuel,Thomas,Samuel Thomas,MALE,2024-01-21,Bremerton
25005,Brianna,Williams,Brianna Williams,FEMALE,2023-03-30,Lebanon
25006,Bailey,Murphy,Bailey Murphy,FEMALE,2023-06-29,Yakima
25007,Alyssa,Sanders,Alyssa Sanders,FEMALE,2023-04-25,Berkeley
25008,Haley,Perry,Haley Perry,FEMALE,2023-12-19,Daly City
25009,Natasha,Alonso,Natasha Alonso,FEMALE,2023-10-08,Caloundra
25010,Misty,Kumar,Misty Kumar,FEMALE,2022-07-17,Gold Coast
25011,Taylor,White,Taylor White,FEMALE,2022-07-20,Port Macquarie
25012,Craig,Martin,Craig Martin,MALE,2023-04-13,Coffs Harbour
25013,Mitchell,Stone,Mitchell Stone,MALE,2023-11-10,Hervey Bay
25014,Juan,Reed,Juan Reed,MALE,2023-12-10,Lincoln Acres
25015,Jacqueline,Rogers,Jacqueline Rogers,FEMALE,2023-04-07,Palo Alto
25016,Elijah,Washington,Elijah Washington,MALE,2023-07-25,Oak Bay
25017,Cristina,Xu,Cristina Xu,FEMALE,2023-08-26,Lavender Bay
25018,Lucas,Robinson,Lucas Robinson,MALE,2023-05-30,Palo Alto
25019,Misty,Shen,Misty Shen,FEMALE,2023-11-22,Hawthorne
25020,Walter,Romero,Walter Romero,MALE,2022-07-29,St. Leonards
25021,Edwin,Sharma,Edwin Sharma,MALE,2022-08-05,Coffs Harbour
25022,Patricia,Perez,Patricia Perez,FEMALE,2022-08-14,Sydney
25023,Carolyn,Sanz,Carolyn Sanz,FEMALE,2023-04-17,Burbank
25024,Brad,Pritchett,Brad Pritchett,MALE,2023-08-11,Chula Vista
25025,Spencer,Bryant,Spencer Bryant,MALE,2023-04-04,Spring Valley
25026,Mitchell,Andersen,Mitchell Andersen,MALE,2023-02-27,Hawthorne
25027,Meredith,Mehta,Meredith Mehta,FEMALE,2024-01-07,Milsons Point
25028,Brenda,Gonzalez,Brenda Gonzalez,FEMALE,2024-01-06,Newcastle
25029,Alberto,Hernandez,Alberto Hernandez,MALE,2022-08-06,Port Macquarie
25030,Jessie,Romero,Jessie Romero,FEMALE,2022-08-20,Cloverdale
25031,Kristina,Malhotra,Kristina Malhotra,FEMALE,2023-05-02,Springwood
25032,Meredith,Rana,Meredith Rana,FEMALE,2022-08-20,Sydney
25033,Omar,Zhu,Omar Zhu,MALE,2022-08-01,Malabar
25034,Anne,Martin,Anne Martin,FEMALE,2022-08-03,Cloverdale
25035,Mandy,Lin,Mandy Lin,FEMALE,2022-08-05,Newcastle
25036,Jenny,Ye,Jenny Ye,FEMALE,2022-08-28,Goulburn
25037,Terrence,Rai,Terrence Rai,MALE,2022-09-13,Perth
25038,Isabella,Hall,Isabella Hall,FEMALE,2023-12-27,Burien
25039,Alexis,Clark,Alexis Clark,FEMALE,2023-11-19,Lake Oswego
25040,Julian,Perry,Julian Perry,MALE,2023-12-02,Salem
25041,Hunter,Phillips,Hunter Phillips,MALE,2023-11-22,Yakima
25042,Arif,Rizaldy,Arif Rizaldy,FEMALE,2023-12-21,Bellflower
25043,Damien,Rai,Damien Rai,MALE,2023-08-23,Burlingame
25044,Emma,Bailey,Emma Bailey,FEMALE,2023-05-20,Woodland Hills
25045,Paige,Russell,Paige Russell,FEMALE,2023-02-01,Bellingham
25046,Caleb,Long,Caleb Long,MALE,2022-01-02,Newton
25047,Trevor,Long,Trevor Long,MALE,2023-12-01,Palo Alto
25048,Yolanda,Sharma,Yolanda Sharma,FEMALE,2022-01-02,Cliffside
25049,Candice,Ye,Candice Ye,FEMALE,2023-04-29,Coronado
25050,Darryl,Chen,Darryl Chen,MALE,2023-05-02,Coronado
25051,Suzanne,Cai,Suzanne Cai,FEMALE,2022-09-04,Wollongong
25052,Sandra,Lin,Sandra Lin,FEMALE,2022-09-26,Sydney
25053,Colin,Andersen,Colin Andersen,MALE,2022-09-04,St. Leonards
25054,Sheila,Alonso,Sheila Alonso,FEMALE,2023-07-23,Hawthorne
25055,Erik,Navarro,Erik Navarro,MALE,2023-09-20,Cranbourne
25056,Wayne,Black,Wayne Black,MALE,2023-08-20,Hobart
25057,Jerome,Gomez,Jerome Gomez,MALE,2022-09-15,Townsville
25058,Corey,Raji,Corey Raji,MALE,2023-10-27,East Brisbane
25059,Sean,Ward,Sean Ward,MALE,2023-05-01,Oregon City
25060,Noah,Martinez,Noah Martinez,MALE,2023-05-10,Coronado
25061,Julia,Hughes,Julia Hughes,FEMALE,2022-01-22,Vancouver
25062,Kaitlyn,Young,Kaitlyn Young,FEMALE,2023-04-12,Westminster
25063,Dylan,Williams,Dylan Williams,MALE,2023-12-05,Bellingham
25064,James,Harris,James Harris,MALE,2023-05-03,Torrance
25065,Thomas,Henderson,Thomas Henderson,MALE,2023-03-30,Seattle
25066,Charles,Robinson,Charles Robinson,MALE,2024-01-26,Royal Oak
25067,Melanie,Butler,Melanie Butler,FEMALE,2023-12-23,Issaquah
25068,Robert,Shan,Robert Shan,MALE,2023-10-13,Chula Vista
25069,Lori,Ortega,Lori Ortega,FEMALE,2023-06-24,Burien
25070,Melody,Alvarez,Melody Alvarez,FEMALE,2023-09-18,Cliffside
25071,Natalie,Brooks,Natalie Brooks,FEMALE,2024-01-12,Mill Valley
25072,Alyssa,Murphy,Alyssa Murphy,FEMALE,2023-12-18,Salem
25073,Shelby,Stewart,Shelby Stewart,FEMALE,2023-12-23,Corvallis
25074,Samantha,Jackson,Samantha Jackson,FEMALE,2023-05-23,Lebanon
25075,Samantha,Thompson,Samantha Thompson,FEMALE,2023-05-03,San Carlos
25076,Nicole,Jenkins,Nicole Jenkins,FEMALE,2023-12-19,Lincoln Acres
25077,Wyatt,Clark,Wyatt Clark,MALE,2023-12-14,Tacoma
25078,James,Jenkins,James Jenkins,MALE,2023-12-03,Los Angeles
25079,Riley,Perry,Riley Perry,FEMALE,2023-05-29,Port Orchard
25080,Marissa,Long,Marissa Long,FEMALE,2023-05-09,Burlingame
25081,Melanie,Morris,Melanie Morris,FEMALE,2023-08-20,Fremont
25082,William,Martinez,William Martinez,MALE,2023-10-11,Berkeley
25083,Omar,Gao,Omar Gao,MALE,2023-11-08,Berkeley
25084,Dalton,James,Dalton James,MALE,2023-12-12,Woodburn
25085,Lucas,Rogers,Lucas Rogers,MALE,2023-01-20,La Jolla
25086,Jasmine,Cox,Jasmine Cox,FEMALE,2022-12-30,Berkeley
25087,Wyatt,Young,Wyatt Young,MALE,2023-01-22,Burien
25088,Victoria,Reed,Victoria Reed,FEMALE,2023-01-13,Long Beach
25089,Christy,Xie,Christy Xie,FEMALE,2023-09-21,Burien
25090,Ivan,Sara,Ivan Sara,MALE,2023-12-10,Cliffside
25091,Jessie,Zeng,Jessie Zeng,MALE,2023-04-07,Concord
25092,Emily,Jackson,Emily Jackson,FEMALE,2023-01-07,Long Beach
25093,Madison,Griffin,Madison Griffin,FEMALE,2022-01-14,Newton
25094,Charles,Thomas,Charles Thomas,MALE,2022-01-12,Vancouver
25095,Adam,Jai,Adam Jai,MALE,2022-02-01,Victoria
25096,Victoria,Bennett,Victoria Bennett,FEMALE,2023-02-12,Bellingham
25097,Fernando,Gonzales,Fernando Gonzales,MALE,2023-02-13,Milwaukie
25098,Logan,Long,Logan Long,MALE,2023-02-22,Corvallis
25099,Melanie,Hayes,Melanie Hayes,FEMALE,2023-02-23,Santa Cruz
25100,Kristen,Huang,Kristen Huang,FEMALE,2022-02-03,Cliffside
25101,Wyatt,Baker,Wyatt Baker,MALE,2024-01-02,Newton
25102,Stephanie,Kelly,Stephanie Kelly,FEMALE,2023-02-19,Berkeley
25103,Shelby,Brooks,Shelby Brooks,FEMALE,2023-08-04,Concord
25104,Natalie,Parker,Natalie Parker,FEMALE,2022-02-28,Westminster
25105,Warren,Nara,Warren Nara,MALE,2023-05-04,Concord
25106,Micah,Gao,Micah Gao,MALE,2022-09-16,East Brisbane
25107,Mason,Ramirez,Mason Ramirez,MALE,2022-09-01,Melton
25108,Gary,Gill,Gary Gill,MALE,2022-09-29,Wollongong
25109,Devin,Rivera,Devin Rivera,MALE,2023-05-27,Rockhampton
25110,Tabitha,Suarez,Tabitha Suarez,FEMALE,2023-07-26,Caloundra
25111,Drew,Chander,Drew Chander,MALE,2022-10-09,Perth
25112,Suzanne,Zhu,Suzanne Zhu,FEMALE,2022-10-04,Goulburn
25113,Randy,Gao,Randy Gao,MALE,2022-10-19,North Sydney
25114,Donald,Sara,Donald Sara,MALE,2022-10-04,Port Macquarie
25115,Raymond,Rana,Raymond Rana,MALE,2022-10-06,Wollongong
25116,Phillip,Sara,Phillip Sara,MALE,2023-05-30,Matraville
25117,Mindy,Shan,Mindy Shan,FEMALE,2023-12-30,Malabar
25118,Gerald,Diaz,Gerald Diaz,MALE,2023-08-20,Lane Cove
25119,Deanna,Lopez,Deanna Lopez,FEMALE,2022-10-02,Goulburn
25120,Heidi,Rodriguez,Heidi Rodriguez,FEMALE,2022-09-28,Goulburn
25121,Clarence,Yang,Clarence Yang,MALE,2022-10-26,Hervey Bay
25122,Susan,Zhao,Susan Zhao,FEMALE,2023-11-27,Bendigo
25123,Sharon,Simpson,Sharon Simpson,FEMALE,2023-09-11,Coffs Harbour
25124,Keith,Xu,Keith Xu,MALE,2023-05-26,Lavender Bay
25125,Randy,Wang,Randy Wang,MALE,2023-09-25,Melton
25126,Shane,Suri,Shane Suri,MALE,2022-11-05,Malabar
25127,Priscilla,Deng,Priscilla Deng,FEMALE,2022-11-07,Silverwater
25128,Clifford,Sai,Clifford Sai,MALE,2023-08-24,East Brisbane
25129,Allen,Raman,Allen Raman,MALE,2023-02-21,St. Leonards
25130,Micah,Huang,Micah Huang,MALE,2023-05-09,North Ryde
25131,Gerald,Chandra,Gerald Chandra,MALE,2023-07-21,Melton
25132,Lindsey,Xie,Lindsey Xie,FEMALE,2023-09-17,Cranbourne
25133,Kristine,Gutierrez,Kristine Gutierrez,FEMALE,2022-11-06,North Ryde
25134,Brett,Rodriguez,Brett Rodriguez,MALE,2023-12-13,St. Leonards
25135,Kelvin,Zhao,Kelvin Zhao,MALE,2023-12-02,Sunbury
25136,Ruben,Diaz,Ruben Diaz,MALE,2023-04-05,Sunbury
25137,Nina,Raje,Nina Raje,FEMALE,2024-01-21,Townsville
25138,Seth,Russell,Seth Russell,MALE,2022-11-10,Wollongong
25139,Carlos,Short,Carlos Short,MALE,2023-10-18,Brisbane
25140,Toni,Lopez,Toni Lopez,FEMALE,2023-11-20,Rockhampton
25141,Walter,Gutierrez,Walter Gutierrez,MALE,2023-05-10,London
25142,Regina,Ray,Regina Ray,FEMALE,2023-04-04,Paris
25143,Destiny,Henderson,Destiny Henderson,FEMALE,2023-12-05,Villeneuve-d'Ascq
25144,Johnathan,Fernandez,Johnathan Fernandez,MALE,2023-09-17,Essen
25145,Clayton,Yang,Clayton Yang,MALE,2023-06-21,Neunkirchen
25146,Carson,Gonzales,Carson Gonzales,MALE,2023-01-31,W. Linn
25147,Samantha,Brown,Samantha Brown,FEMALE,2023-07-31,Vancouver
25148,Ryan,Simmons,Ryan Simmons,MALE,2023-02-28,Chula Vista
25149,Samantha,Griffin,Samantha Griffin,FEMALE,2023-11-30,Port Orchard
25150,Xavier,Jones,Xavier Jones,MALE,2023-05-06,Long Beach
25151,Jasmine,Washington,Jasmine Washington,FEMALE,2023-11-02,Imperial Beach
25152,Maria,Sanders,Maria Sanders,FEMALE,2023-03-17,La Jolla
25153,Ryan,Coleman,Ryan Coleman,MALE,2023-10-02,Port Orchard
25154,Clinton,Serrano,Clinton Serrano,MALE,2023-12-23,Burbank
25155,Theresa,Alonso,Theresa Alonso,FEMALE,2023-05-29,Concord
25156,Catherine,Peterson,Catherine Peterson,FEMALE,2023-02-11,Lincoln Acres
25157,Destiny,Miller,Destiny Miller,FEMALE,2023-07-03,Sooke
25158,Stephanie,Long,Stephanie Long,FEMALE,2023-09-04,Bremerton
25159,Katelyn,Cooper,Katelyn Cooper,FEMALE,2023-09-24,Seattle
25160,Mackenzie,Stewart,Mackenzie Stewart,FEMALE,2023-06-15,Tacoma
25161,Isabella,Flores,Isabella Flores,FEMALE,2023-05-25,National City
25162,Bryan,Morris,Bryan Morris,MALE,2023-05-14,Torrance
25163,Natalie,Griffin,Natalie Griffin,FEMALE,2023-05-17,Lakewood
25164,Isaac,Parker,Isaac Parker,MALE,2023-05-18,Burbank
25165,Ashley,Brown,Ashley Brown,FEMALE,2023-12-16,Bellflower
25166,Miguel,Jenkins,Miguel Jenkins,MALE,2023-09-25,Newport Beach
25167,Elijah,Hughes,Elijah Hughes,MALE,2023-11-20,San Carlos
25168,Micheal,Hernandez,Micheal Hernandez,MALE,2023-08-23,Berkeley
25169,Angel,Peterson,Angel Peterson,MALE,2023-05-22,Palo Alto
25170,Logan,Walker,Logan Walker,MALE,2023-10-18,Issaquah
25171,Christopher,Rodriguez,Christopher Rodriguez,MALE,2023-04-26,Lebanon
25172,Evan,Gray,Evan Gray,MALE,2023-06-19,Oakland
25173,Melissa,Stewart,Melissa Stewart,FEMALE,2023-06-18,N. Vancouver
25174,Monica,Smith,Monica Smith,FEMALE,2023-05-24,Billings
25175,Nathan,Chen,Nathan Chen,MALE,2023-05-14,Issaquah
25176,Edward,Flores,Edward Flores,MALE,2023-09-24,Novato
25177,Alberto,Gomez,Alberto Gomez,MALE,2024-01-25,Cliffside
25178,Jasmine,Kelly,Jasmine Kelly,FEMALE,2024-01-05,Edmonds
25179,Miguel,Thompson,Miguel Thompson,MALE,2023-09-25,Edmonds
25180,Ana,Simmons,Ana Simmons,FEMALE,2023-05-21,Lynnwood
25181,Jesse,Torres,Jesse Torres,MALE,2023-03-04,Portland
25182,Natalie,Simmons,Natalie Simmons,FEMALE,2023-06-20,Salem
25183,Michael,Thomas,Michael Thomas,MALE,2023-06-14,Seattle
25184,Peter,Tang,Peter Tang,MALE,2023-05-11,Colma
25185,Jade,Reed,Jade Reed,FEMALE,2023-05-14,Redwood City
25186,Angelica,Coleman,Angelica Coleman,FEMALE,2023-05-15,Santa Monica
25187,Sydney,Scott,Sydney Scott,FEMALE,2024-01-21,Oregon City
25188,Kevin,Li,Kevin Li,MALE,2023-05-02,Sooke
25189,Aidan,Hayes,Aidan Hayes,MALE,2024-01-01,Bremerton
25190,Allison,Morris,Allison Morris,FEMALE,2023-09-13,Woodburn
25191,Austin,Gonzales,Austin Gonzales,MALE,2023-05-20,Mill Valley
25192,Janet,Gill,Janet Gill,FEMALE,2023-05-12,Burien
25193,Stephanie,Howard,Stephanie Howard,FEMALE,2023-06-03,Lynnwood
25194,Jada,Bell,Jada Bell,FEMALE,2023-07-02,Salem
25195,Alexandra,Wilson,Alexandra Wilson,FEMALE,2023-08-12,Concord
25196,Aaron,Yang,Aaron Yang,MALE,2023-11-06,Langley
25197,Kyle,Perry,Kyle Perry,MALE,2023-05-12,Woodland Hills
25198,Michelle,Ramirez,Michelle Ramirez,FEMALE,2023-03-21,Novato
25199,Kyle,Griffin,Kyle Griffin,MALE,2023-03-13,El Cajon
25200,Nathan,Williams,Nathan Williams,MALE,2023-12-25,Spokane
25201,Hunter,Gonzalez,Hunter Gonzalez,MALE,2023-10-21,Daly City
25202,Jonathan,King,Jonathan King,MALE,2023-11-15,Milwaukie
25203,Caroline,Wood,Caroline Wood,FEMALE,2023-03-13,Bellflower
25204,Kelly,Barnes,Kelly Barnes,FEMALE,2023-03-18,Torrance
25205,John,Jones,John Jones,MALE,2023-10-31,Beverly Hills
25206,Ryan,Bryant,Ryan Bryant,MALE,2023-04-01,Lakewood
25207,Destiny,Moore,Destiny Moore,FEMALE,2023-05-07,Redmond
25208,Daniel,Taylor,Daniel Taylor,MALE,2023-05-21,El Cajon
25209,Emma,Walker,Emma Walker,FEMALE,2023-07-25,Shawnee
25210,Kathryn,Xu,Kathryn Xu,FEMALE,2023-06-08,Brisbane
25211,Diane,Torres,Diane Torres,FEMALE,2023-10-21,Matraville
25212,Alberto,Ruiz,Alberto Ruiz,MALE,2023-11-15,Melbourne
25213,Cheryl,Gutierrez,Cheryl Gutierrez,FEMALE,2022-11-11,Cloverdale
25214,Roger,Chander,Roger Chander,MALE,2022-11-27,Cloverdale
25215,Natalie,Gonzalez,Natalie Gonzalez,FEMALE,2022-11-04,Bendigo
25216,Rachael,Raman,Rachael Raman,FEMALE,2023-09-05,Findon
25217,Byron,Martin,Byron Martin,MALE,2023-04-25,Brisbane
25218,Christy,Sun,Christy Sun,FEMALE,2022-11-11,Geelong
25219,Karla,Lal,Karla Lal,FEMALE,2023-04-06,Port Macquarie
25220,Emily,Anderson,Emily Anderson,FEMALE,2023-03-10,Caloundra
25221,Erica,Zhu,Erica Zhu,FEMALE,2022-11-18,North Ryde
25222,Tamara,Kumar,Tamara Kumar,FEMALE,2022-10-28,Melton
25223,Armando,Ortega,Armando Ortega,MALE,2023-03-27,Sydney
25224,Keith,Kumar,Keith Kumar,MALE,2023-04-02,Darlinghurst
25225,Alicia,Yuan,Alicia Yuan,FEMALE,2022-12-07,Findon
25226,Robert,Kumar,Robert Kumar,MALE,2022-12-22,Goulburn
25227,Jaime,Gutierrez,Jaime Gutierrez,MALE,2023-10-08,Lavender Bay
25228,Brad,Ashe,Brad Ashe,MALE,2022-12-22,North Sydney
25229,Autumn,Zhou,Autumn Zhou,FEMALE,2022-12-17,Springwood
25230,Sophia,Carter,Sophia Carter,FEMALE,2023-05-13,Bendigo
25231,Olivia,Moore,Olivia Moore,FEMALE,2022-12-11,Wollongong
25232,Kellie,Blanco,Kellie Blanco,FEMALE,2024-01-23,East Brisbane
25233,Nathaniel,Ward,Nathaniel Ward,MALE,2023-07-11,Warrnambool
25234,Monica,Patel,Monica Patel,FEMALE,2022-12-20,Hobart
25235,Monique,Torres,Monique Torres,FEMALE,2022-12-10,Goulburn
25236,Lance,Martin,Lance Martin,MALE,2023-09-23,Milsons Point
25237,Roger,Sun,Roger Sun,MALE,2024-01-17,Rockhampton
25238,Kristopher,Madan,Kristopher Madan,MALE,2023-06-06,St. Leonards
25239,Isabella,Barnes,Isabella Barnes,FEMALE,2023-09-27,Warrnambool
25240,Ross,Rana,Ross Rana,MALE,2022-12-23,Wollongong
25241,Aaron,Powell,Aaron Powell,MALE,2023-06-19,Bendigo
25242,Susan,Hu,Susan Hu,FEMALE,2022-12-12,North Ryde
25243,Tonya,Rai,Tonya Rai,FEMALE,2022-12-14,Cloverdale
25244,Jay,Weber,Jay Weber,MALE,2023-03-03,Goulburn
25245,Francis,Gutierrez,Francis Gutierrez,MALE,2023-08-15,Coffs Harbour
25246,Warren,Lal,Warren Lal,MALE,2023-11-09,Bendigo
25247,Lindsay,Nara,Lindsay Nara,FEMALE,2023-11-27,Hobart
25248,Denise,Madan,Denise Madan,FEMALE,2023-11-21,South Melbourne
25249,Alexandra,Watson,Alexandra Watson,FEMALE,2021-01-02,Goulburn
25250,Anthony,Walker,Anthony Walker,MALE,2021-01-25,Gold Coast
25251,Toni,Rodriguez,Toni Rodriguez,FEMALE,2023-12-03,Hawthorne
25252,Warren,Zhang,Warren Zhang,MALE,2021-01-17,Coffs Harbour
25253,Ryan,Miller,Ryan Miller,MALE,2023-03-19,Issaquah
25254,Krystal,She,Krystal She,FEMALE,2023-07-31,Burien
25255,Logan,Lal,Logan Lal,MALE,2023-08-07,San Francisco
25256,Eric,Hill,Eric Hill,MALE,2023-02-27,Shawnee
25257,Harold,Sanchez,Harold Sanchez,MALE,2023-07-06,Chula Vista
25258,Micheal,Vazquez,Micheal Vazquez,MALE,2023-08-21,Colma
25259,Ethan,Thomas,Ethan Thomas,MALE,2023-04-13,Spokane
25260,Dalton,Howard,Dalton Howard,MALE,2023-08-31,Yakima
25261,Eduardo,Phillips,Eduardo Phillips,MALE,2023-03-25,Grossmont
25262,Andre,Chandra,Andre Chandra,MALE,2023-12-13,Melton
25263,Audrey,Carlson,Audrey Carlson,FEMALE,2023-09-08,North Sydney
25264,Wyatt,Bryant,Wyatt Bryant,MALE,2023-10-22,Bellflower
25265,Hannah,Smith,Hannah Smith,FEMALE,2023-03-19,Haney
25266,Kari,Suri,Kari Suri,FEMALE,2023-07-05,Hobart
25267,Arthur,Malhotra,Arthur Malhotra,MALE,2023-03-23,Lavender Bay
25268,Jaime,Andersen,Jaime Andersen,MALE,2023-09-21,Silverwater
25269,Tabitha,Martin,Tabitha Martin,FEMALE,2023-09-10,Wollongong
25270,Gloria,Diaz,Gloria Diaz,FEMALE,2021-01-31,Findon
25271,Mario,Shan,Mario Shan,MALE,2021-02-10,Port Macquarie
25272,Edwin,Xu,Edwin Xu,MALE,2021-02-21,Springwood
25273,Karl,Rai,Karl Rai,MALE,2021-02-26,St. Leonards
25274,Samantha,Henderson,Samantha Henderson,FEMALE,2023-10-02,Marysville
25275,Christina,Watson,Christina Watson,FEMALE,2023-08-15,Port Orchard
25276,Mackenzie,Richardson,Mackenzie Richardson,FEMALE,2023-08-09,Yakima
25277,Jermaine,Fernandez,Jermaine Fernandez,MALE,2023-10-15,Concord
25278,Brianna,Butler,Brianna Butler,FEMALE,2023-10-02,Downey
25279,Jordyn,Barnes,Jordyn Barnes,FEMALE,2023-12-23,Spring Valley
25280,Emily,Price,Emily Price,FEMALE,2023-12-23,Torrance
25281,Jeremy,Allen,Jeremy Allen,MALE,2023-03-26,Renton
25282,Gabriel,Perez,Gabriel Perez,MALE,2024-01-08,Coronado
25283,Caitlin,Howard,Caitlin Howard,FEMALE,2023-07-22,Los Angeles
25284,Allison,Mitchell,Allison Mitchell,FEMALE,2023-06-01,Downey
25285,Noah,Williams,Noah Williams,MALE,2023-06-14,Edmonds
25286,Zachary,Powell,Zachary Powell,MALE,2023-06-10,Torrance
25287,Paige,Sanders,Paige Sanders,FEMALE,2022-01-29,Langley
25288,Jordyn,Flores,Jordyn Flores,FEMALE,2022-02-16,Langford
25289,Amanda,Bradley,Amanda Bradley,FEMALE,2023-06-24,Oregon City
25290,Jackson,Mitchell,Jackson Mitchell,MALE,2023-06-26,Milwaukie
25291,Marissa,Griffin,Marissa Griffin,FEMALE,2023-12-20,Everett
25292,Eduardo,Adams,Eduardo Adams,MALE,2023-05-14,San Diego
25293,Eric,Gonzales,Eric Gonzales,MALE,2023-09-27,Lake Oswego
25294,Sharon,Sharma,Sharon Sharma,FEMALE,2021-02-02,North Sydney
25295,Chad,Raje,Chad Raje,MALE,2024-01-14,Melbourne
25296,Christina,Stewart,Christina Stewart,FEMALE,2024-01-20,Saint Germain en Laye
25297,Devon,Shan,Devon Shan,MALE,2023-11-25,Poing
25298,Cedric,He,Cedric He,MALE,2023-09-05,High Wycombe
25299,Hector,Romero,Hector Romero,MALE,2023-04-06,Lille
25300,Jamie,Ashe,Jamie Ashe,MALE,2023-06-06,Hannover
25301,Raul,Black,Raul Black,MALE,2023-10-22,Cambridge
25302,Manuel,Mehta,Manuel Mehta,MALE,2023-12-08,Stuttgart
25303,Jeremiah,Hernandez,Jeremiah Hernandez,MALE,2023-11-20,Hamburg
25304,Ruben,Carlson,Ruben Carlson,MALE,2023-05-10,Stoke-on-Trent
25305,Ivan,Rodriguez,Ivan Rodriguez,MALE,2023-04-13,Frankfurt am Main
25306,Glenn,Zeng,Glenn Zeng,MALE,2023-05-16,München
25307,Daisy,Hernandez,Daisy Hernandez,FEMALE,2023-06-24,Saarlouis
25308,Lindsey,Tang,Lindsey Tang,FEMALE,2023-10-05,Cambridge
25309,Karen,Zhou,Karen Zhou,FEMALE,2023-11-25,Eilenburg
25310,Janelle,Kapoor,Janelle Kapoor,FEMALE,2023-01-29,Mühlheim
25311,Laura,Zhang,Laura Zhang,FEMALE,2023-09-15,Orleans
25312,Erik,Ramos,Erik Ramos,MALE,2023-11-09,London
25313,Trevor,Coleman,Trevor Coleman,MALE,2023-07-25,Esher-Molesey
25314,Charles,Bell,Charles Bell,MALE,2023-03-26,Chatou
25315,Cole,Cox,Cole Cox,MALE,2023-12-06,Billericay
25316,Ronnie,Zhu,Ronnie Zhu,MALE,2023-08-06,Lieusaint
25317,Erick,Garcia,Erick Garcia,MALE,2023-07-19,Offenbach
25318,Dennis,Wang,Dennis Wang,MALE,2023-10-13,Saarlouis
25319,Ruben,Chandra,Ruben Chandra,MALE,2023-11-21,Croix
25320,Shannon,Hernandez,Shannon Hernandez,MALE,2023-11-21,Paris
25321,Francis,Suarez,Francis Suarez,MALE,2023-10-18,Paris
25322,Tina,Perez,Tina Perez,FEMALE,2023-06-13,Berlin
25323,Lance,Diaz,Lance Diaz,MALE,2023-06-21,Hamburg
25324,Bethany,Andersen,Bethany Andersen,FEMALE,2023-02-25,Wokingham
25325,Wyatt,Parker,Wyatt Parker,MALE,2023-05-24,York
25326,Hunter,Scott,Hunter Scott,MALE,2023-07-06,Drancy
25327,Adam,Simmons,Adam Simmons,MALE,2023-06-21,Victoria
25328,Rachel,Price,Rachel Price,FEMALE,2023-07-02,Haney
25329,Jacquelyn,Moreno,Jacquelyn Moreno,FEMALE,2023-03-13,Colma
25330,Madison,Gonzales,Madison Gonzales,FEMALE,2023-12-29,Spring Valley
25331,James,White,James White,MALE,2023-06-06,Shawnee
25332,Jackson,Bryant,Jackson Bryant,MALE,2023-05-30,Victoria
25333,Robert,Coleman,Robert Coleman,MALE,2023-09-12,Beaverton
25334,Marcus,Gonzales,Marcus Gonzales,MALE,2023-06-04,Edmonds
25335,Cesar,Rodriguez,Cesar Rodriguez,MALE,2023-02-05,Cliffside
25336,Chase,Cook,Chase Cook,MALE,2023-04-26,Edmonds
25337,Megan,Washington,Megan Washington,FEMALE,2023-01-31,Milwaukie
25338,Jason,Perez,Jason Perez,MALE,2023-05-01,Oregon City
25339,Adrian,Rivera,Adrian Rivera,MALE,2023-03-19,Imperial Beach
25340,Adrian,James,Adrian James,MALE,2023-11-18,Metchosin
25341,Kaitlyn,Cook,Kaitlyn Cook,FEMALE,2023-06-26,La Jolla
25342,Seth,Hill,Seth Hill,MALE,2023-05-04,Marysville
25343,Carol,Simmons,Carol Simmons,FEMALE,2023-04-07,National City
25344,Thomas,Baker,Thomas Baker,MALE,2023-10-18,Lynnwood
25345,Olivia,Powell,Olivia Powell,FEMALE,2023-09-09,Mill Valley
25346,Ian,Gonzalez,Ian Gonzalez,MALE,2024-01-11,Olympia
25347,Judith,Reed,Judith Reed,FEMALE,2023-04-14,Haney
25348,Angela,Wood,Angela Wood,FEMALE,2023-05-04,San Carlos
25349,Jose,Coleman,Jose Coleman,MALE,2023-07-28,Haney
25350,Alberto,Alonso,Alberto Alonso,MALE,2023-09-12,Burbank
25351,Jordan,Phillips,Jordan Phillips,FEMALE,2023-04-05,Milwaukie
25352,Brandon,Martinez,Brandon Martinez,MALE,2023-09-03,Lake Oswego
25353,Caitlin,Stewart,Caitlin Stewart,FEMALE,2023-09-06,Seattle
25354,Kevin,Hughes,Kevin Hughes,MALE,2023-11-28,Woodland Hills
25355,Richard,Smith,Richard Smith,MALE,2023-08-03,Edmonds
25356,Jonathan,Miller,Jonathan Miller,MALE,2023-04-18,Burien
25357,Marcus,Foster,Marcus Foster,MALE,2023-10-08,Burlingame
25358,Jade,Torres,Jade Torres,FEMALE,2023-07-17,Woodburn
25359,Alex,Young,Alex Young,MALE,2023-05-22,Long Beach
25360,Mason,James,Mason James,MALE,2023-10-13,Los Angeles
25361,Haley,Ross,Haley Ross,FEMALE,2022-02-02,Port Hammond
25362,Makayla,Bailey,Makayla Bailey,FEMALE,2023-10-20,Daly City
25363,Alexandria,Gray,Alexandria Gray,FEMALE,2022-02-08,Royal Oak
25364,Isaac,Rogers,Isaac Rogers,MALE,2023-11-13,Lynnwood
25365,Gabrielle,Perry,Gabrielle Perry,FEMALE,2023-12-04,Coronado
25366,Eduardo,Bailey,Eduardo Bailey,MALE,2023-03-16,Fremont
25367,Abigail,Torres,Abigail Torres,FEMALE,2023-12-29,Shawnee
25368,Blake,Baker,Blake Baker,MALE,2023-04-04,Seattle
25369,Evan,Cox,Evan Cox,MALE,2023-09-06,Glendale
25370,Erin,Bailey,Erin Bailey,FEMALE,2023-04-20,Spokane
25371,Renee,Gomez,Renee Gomez,FEMALE,2022-02-14,Cliffside
25372,Carrie,Torres,Carrie Torres,FEMALE,2023-04-03,Chandler
25373,Nichole,Chande,Nichole Chande,FEMALE,2023-09-23,Colma
25374,Ana,Powell,Ana Powell,FEMALE,2023-06-29,Daly City
25375,Carson,Flores,Carson Flores,MALE,2024-01-22,Spring Valley
25376,Alexis,Griffin,Alexis Griffin,FEMALE,2023-12-07,Mill Valley
25377,Lauren,Anderson,Lauren Anderson,FEMALE,2023-11-17,Daly City
25378,Gabriella,Scott,Gabriella Scott,FEMALE,2023-02-21,Portland
25379,Hailey,Young,Hailey Young,FEMALE,2023-04-29,Bellingham
25380,Seth,Gonzales,Seth Gonzales,MALE,2023-04-17,Tacoma
25381,Dylan,Li,Dylan Li,MALE,2023-04-12,Colma
25382,Richard,Hughes,Richard Hughes,MALE,2023-03-30,Concord
25383,Nathan,Walker,Nathan Walker,MALE,2023-04-10,Issaquah
25384,Maria,Cooper,Maria Cooper,FEMALE,2023-03-30,Lemon Grove
25385,Destiny,Torres,Destiny Torres,FEMALE,2023-04-02,Daly City
25386,Alexis,Perry,Alexis Perry,FEMALE,2023-05-14,El Cajon
25387,Stephanie,Brooks,Stephanie Brooks,FEMALE,2023-05-15,Renton
25388,Ernest,Hu,Ernest Hu,MALE,2023-05-22,Colma
25389,Wendy,Sanz,Wendy Sanz,FEMALE,2023-05-16,Concord
25390,Samantha,Powell,Samantha Powell,FEMALE,2023-05-05,Bellflower
25391,Morgan,Murphy,Morgan Murphy,FEMALE,2023-05-29,Fremont
25392,Joseph,Moore,Joseph Moore,MALE,2023-06-10,Spokane
25393,Lucas,Cox,Lucas Cox,MALE,2022-02-24,Sooke
25394,Anthony,Garcia,Anthony Garcia,MALE,2023-05-31,Corvallis
25395,Paige,Flores,Paige Flores,FEMALE,2023-06-03,Sedro Woolley
25396,Xavier,Ramirez,Xavier Ramirez,MALE,2023-06-28,Downey
25397,Lucas,Bradley,Lucas Bradley,MALE,2023-06-24,El Cajon
25398,Thomas,Jones,Thomas Jones,MALE,2023-06-04,San Carlos
25399,Jorge,Leitão,Jorge Leitão,MALE,2023-06-04,San Gabriel
25400,Kyle,Jai,Kyle Jai,MALE,2023-06-17,Spring Valley
25401,Gabriel,Young,Gabriel Young,MALE,2023-06-22,Woodland Hills
25402,Maria,Hughes,Maria Hughes,FEMALE,2023-06-14,Oregon City
25403,Jasmine,Clark,Jasmine Clark,FEMALE,2023-06-02,Santa Monica
25404,José,Lopez,José Lopez,MALE,2023-06-01,Newport Beach
25405,Brandon,Wagner,Brandon Wagner,MALE,2023-06-16,Burien
25406,Casey,Andersen,Casey Andersen,FEMALE,2023-06-05,Berkeley
25407,Tony,Anand,Tony Anand,MALE,2023-06-09,Clackamas
25408,Karen,Zhao,Karen Zhao,FEMALE,2022-02-04,Cliffside
25409,Theodore,Gutierrez,Theodore Gutierrez,MALE,2023-06-18,Concord
25410,Kaitlyn,Ward,Kaitlyn Ward,FEMALE,2023-06-09,Lemon Grove
25411,Riley,Flores,Riley Flores,FEMALE,2023-06-09,Newport Beach
25412,Michael,Williams,Michael Williams,MALE,2023-06-22,Everett
25413,Zoe,Rivera,Zoe Rivera,FEMALE,2023-06-26,Olympia
25414,Grace,Bailey,Grace Bailey,FEMALE,2023-06-06,Coronado
25415,Aaron,Evans,Aaron Evans,MALE,2023-06-11,Daly City
25416,Jack,Coleman,Jack Coleman,MALE,2023-07-19,San Diego
25417,Savannah,Bell,Savannah Bell,FEMALE,2023-06-26,Burlingame
25418,Alexia,Hayes,Alexia Hayes,FEMALE,2023-05-31,Imperial Beach
25419,Hunter,King,Hunter King,MALE,2023-06-24,Bellflower
25420,Jordan,Scott,Jordan Scott,FEMALE,2023-07-20,Sedro Woolley
25421,Marcus,Lewis,Marcus Lewis,MALE,2023-07-15,Beaverton
25422,Elijah,King,Elijah King,MALE,2023-06-22,Lincoln Acres
25423,Jake,Zhou,Jake Zhou,MALE,2023-06-05,Colma
25424,Ian,Roberts,Ian Roberts,MALE,2023-10-29,Bellingham
25425,Zachary,Diaz,Zachary Diaz,MALE,2023-06-09,Lemon Grove
25426,Tristan,Foster,Tristan Foster,MALE,2023-06-10,Chula Vista
25427,Omar,Zeng,Omar Zeng,MALE,2023-06-08,Beverly Hills
25428,Victoria,Jenkins,Victoria Jenkins,FEMALE,2023-06-07,Spokane
25429,Candace,Rana,Candace Rana,FEMALE,2023-06-19,Coronado
25430,Alyssa,Hall,Alyssa Hall,FEMALE,2023-06-28,Santa Monica
25431,Ann,Sanchez,Ann Sanchez,FEMALE,2023-11-03,Burlingame
25432,Kellie,Gomez,Kellie Gomez,FEMALE,2023-07-16,Camarillo
25433,Zachary,Kumar,Zachary Kumar,MALE,2023-11-01,Royal Oak
25434,Gabriel,Hill,Gabriel Hill,MALE,2023-04-16,Concord
25435,Jennifer,Turner,Jennifer Turner,FEMALE,2023-02-19,Everett
25436,Destiny,Ross,Destiny Ross,FEMALE,2023-07-23,Newport Beach
25437,Adam,Washington,Adam Washington,MALE,2023-12-24,Langley
25438,Lauren,Murphy,Lauren Murphy,FEMALE,2023-10-16,Spokane
25439,Janelle,Arthur,Janelle Arthur,FEMALE,2023-02-01,Chula Vista
25440,Andre,Gonzalez,Andre Gonzalez,MALE,2023-12-27,Concord
25441,Isabella,Torres,Isabella Torres,FEMALE,2023-04-18,National City
25442,Melvin,Goel,Melvin Goel,MALE,2023-10-01,Les Ulis
25443,Stacey,Huang,Stacey Huang,FEMALE,2023-06-20,Berlin
25444,Meagan,Martinez,Meagan Martinez,FEMALE,2023-07-03,Frankfurt
25445,Grace,Cook,Grace Cook,FEMALE,2023-07-01,Saarlouis
25446,Kristina,Garcia,Kristina Garcia,FEMALE,2023-11-23,Cheltenham
25447,Marshall,Liang,Marshall Liang,MALE,2023-10-30,Runcorn
25448,Erick,Sara,Erick Sara,MALE,2023-11-19,Wokingham
25449,Marvin,Dominguez,Marvin Dominguez,MALE,2023-10-29,Kassel
25450,Darrell,Deng,Darrell Deng,MALE,2023-11-15,Stuttgart
25451,Geoffrey,Subram,Geoffrey Subram,MALE,2023-11-26,Frankfurt am Main
25452,Erica,Wu,Erica Wu,FEMALE,2023-11-15,Colombes
25453,Drew,She,Drew She,MALE,2023-10-21,Oxford
25454,Terry,She,Terry She,MALE,2023-10-08,W. York
25455,Jorge,Zheng,Jorge Zheng,MALE,2023-11-13,Frankfurt am Main
25456,Kelvin,Cai,Kelvin Cai,MALE,2024-01-11,Bobigny
25457,Darren,Sai,Darren Sai,MALE,2023-12-10,Versailles
25458,Bruce,Mehta,Bruce Mehta,MALE,2023-12-21,Courbevoie
25459,Ronald,Vance,Ronald Vance,MALE,2023-11-17,München
25460,Alisha,Andersen,Alisha Andersen,FEMALE,2023-11-15,Dresden
25461,Fernando,Collins,Fernando Collins,MALE,2023-10-21,Roubaix
25462,Angel,Gray,Angel Gray,MALE,2023-07-09,Kassel
25463,Miguel,Robinson,Miguel Robinson,MALE,2023-12-26,Saint Germain en Laye
25464,Jose,Wilson,Jose Wilson,MALE,2023-12-19,Saint Germain en Laye
25465,Mariah,Diaz,Mariah Diaz,FEMALE,2023-11-15,Watford
25466,Janet,Young,Janet Young,FEMALE,2023-06-13,Saint-Denis
25467,Troy,Madan,Troy Madan,MALE,2023-11-05,W. York
25468,Krista,Suarez,Krista Suarez,FEMALE,2023-11-19,München
25469,Martha,Wu,Martha Wu,FEMALE,2023-04-20,Orleans
25470,Darren,Ramos,Darren Ramos,MALE,2023-05-08,Leeds
25471,Spencer,Ross,Spencer Ross,MALE,2023-11-18,Drancy
25472,Don,Malhotra,Don Malhotra,MALE,2023-08-05,Leipzig
25473,Kristin,Goel,Kristin Goel,FEMALE,2023-05-26,Villeneuve-d'Ascq
25474,Jimmy,Diaz,Jimmy Diaz,MALE,2023-07-25,West Sussex
25475,Destiny,Martin,Destiny Martin,FEMALE,2023-12-10,Paris
25476,Karen,Ye,Karen Ye,FEMALE,2023-04-04,Paris La Defense
25477,Holly,Raman,Holly Raman,FEMALE,2023-06-21,Billericay
25478,Jennifer,Butler,Jennifer Butler,FEMALE,2023-09-29,Saint Germain en Laye
25479,Bobby,Sanchez,Bobby Sanchez,MALE,2023-10-17,Saint Ouen
25480,Miguel,Thomas,Miguel Thomas,MALE,2023-11-18,Kirkby
25481,Lucas,Jackson,Lucas Jackson,MALE,2023-07-08,Peterborough
25482,Donald,Martinez,Donald Martinez,MALE,2023-10-26,Milton Keynes
25483,Dennis,Ma,Dennis Ma,MALE,2024-01-12,Paris
25484,Bailey,Wright,Bailey Wright,FEMALE,2023-12-05,Bobigny
25485,Roberto,Rubio,Roberto Rubio,MALE,2023-03-13,Roissy en Brie
25486,Edgar,Rodriguez,Edgar Rodriguez,MALE,2023-11-11,Saarbrücken
25487,Allison,Rogers,Allison Rogers,FEMALE,2023-09-06,Hof
25488,Dawn,Ye,Dawn Ye,FEMALE,2023-11-06,Gateshead
25489,Brad,Tang,Brad Tang,MALE,2023-12-26,Lancaster
25490,Alvin,He,Alvin He,MALE,2023-07-22,Paris
25491,Krystal,Xu,Krystal Xu,FEMALE,2023-07-18,Verrieres Le Buisson
25492,Gabriella,Sanchez,Gabriella Sanchez,FEMALE,2023-07-23,Werne
25493,Hunter,Evans,Hunter Evans,MALE,2023-12-12,Stoke-on-Trent
25494,Lee,Jimenez,Lee Jimenez,MALE,2023-07-16,Colomiers
25495,Sheena,Kennedy,Sheena Kennedy,FEMALE,2023-06-18,Les Ulis
25496,Regina,Sara,Regina Sara,FEMALE,2023-08-11,Pantin
25497,Marcus,Torres,Marcus Torres,MALE,2023-08-23,Erlangen
25498,Shane,Kapoor,Shane Kapoor,MALE,2023-08-15,Frankfurt am Main
25499,Meredith,Schmidt,Meredith Schmidt,FEMALE,2023-12-03,Woolston
25500,Janelle,Lopez,Janelle Lopez,FEMALE,2023-11-17,Woolston
25501,Shawn,Jai,Shawn Jai,MALE,2023-12-12,Cheltenham
25502,Carmen,Kim,Carmen Kim,FEMALE,2023-12-15,London
25503,Richard,Hill,Richard Hill,MALE,2023-07-07,Paris
25504,Calvin,Sutton,Calvin Sutton,MALE,2023-11-10,Bonn
25505,Curtis,Zhou,Curtis Zhou,MALE,2023-09-15,London
25506,Cristina,Raji,Cristina Raji,FEMALE,2023-11-12,Watford
25507,Suzanne,Guo,Suzanne Guo,FEMALE,2023-04-05,Paris
25508,Melissa,Cook,Melissa Cook,FEMALE,2023-11-03,Hamburg
25509,Lucas,Hayes,Lucas Hayes,MALE,2023-10-28,Werne
25510,Grant,Kumar,Grant Kumar,MALE,2023-11-16,London
25511,Chelsea,Arun,Chelsea Arun,FEMALE,2023-11-22,Reading
25512,Devin,Clark,Devin Clark,MALE,2023-03-15,Bury
25513,Grace,Walker,Grace Walker,FEMALE,2023-03-26,Villeneuve-d'Ascq
25514,Dominic,Martinez,Dominic Martinez,MALE,2023-06-15,Chatou
25515,Tara,Deng,Tara Deng,FEMALE,2023-11-09,Cergy
25516,Cheryl,Hernandez,Cheryl Hernandez,FEMALE,2023-03-29,Sulzbach Taunus
25517,Christina,Cook,Christina Cook,FEMALE,2023-10-10,Metz
25518,Oscar,Lu,Oscar Lu,MALE,2023-08-27,Paris
25519,Margaret,Sun,Margaret Sun,FEMALE,2023-11-04,Paris
25520,Candice,Zeng,Candice Zeng,FEMALE,2023-06-19,Saint Ouen
25521,Douglas,Sanchez,Douglas Sanchez,MALE,2023-02-15,Berlin
25522,Casey,Anand,Casey Anand,FEMALE,2023-11-01,Frankfurt
25523,Nathan,Thompson,Nathan Thompson,MALE,2023-08-17,York
25524,Shaun,Anand,Shaun Anand,MALE,2023-04-06,Hannover
25525,Heidi,Srini,Heidi Srini,FEMALE,2023-11-25,Berlin
25526,Armando,Rubio,Armando Rubio,MALE,2023-03-16,Stuttgart
25527,Robert,Johnson,Robert Johnson,MALE,2023-09-26,Saint-Denis
25528,Alexandria,Butler,Alexandria Butler,FEMALE,2023-11-12,Ingolstadt
25529,Jared,Sanders,Jared Sanders,MALE,2023-02-24,Erlangen
25530,Gerald,Lopez,Gerald Lopez,MALE,2023-08-15,Münster
25531,Ebony,Patel,Ebony Patel,FEMALE,2023-11-03,Berkshire
25532,Warren,Nath,Warren Nath,MALE,2023-03-09,Pantin
25533,Suzanne,Huang,Suzanne Huang,FEMALE,2023-07-29,Berlin
25534,Casey,Sanz,Casey Sanz,MALE,2023-08-14,Metz
25535,Brandi,Navarro,Brandi Navarro,FEMALE,2023-09-02,Saint Ouen
25536,Rebekah,Sai,Rebekah Sai,FEMALE,2024-01-14,Stuttgart
25537,Nathan,Phillips,Nathan Phillips,MALE,2023-10-22,Esher-Molesey
25538,Andy,Jiménez,Andy Jiménez,MALE,2023-03-26,Boulogne-sur-Mer
25539,Mathew,Ortega,Mathew Ortega,MALE,2023-05-13,Croix
25540,Rodney,Alonso,Rodney Alonso,MALE,2023-06-13,Les Ulis
25541,Gary,Hernandez,Gary Hernandez,MALE,2023-07-04,Paderborn
25542,Gerald,Gutierrez,Gerald Gutierrez,MALE,2023-11-22,Sèvres
25543,Ramon,Chen,Ramon Chen,MALE,2023-11-24,Essen
25544,Sergio,Fernandez,Sergio Fernandez,MALE,2024-01-14,Oxford
25545,Kelly,Long,Kelly Long,FEMALE,2023-12-26,Peterborough
25546,Brianna,Jones,Brianna Jones,FEMALE,2023-10-29,Newcastle upon Tyne
25547,Carla,Suri,Carla Suri,FEMALE,2023-02-10,Oxon
25548,Colleen,Yuan,Colleen Yuan,FEMALE,2023-11-12,Bottrop
25549,Mallory,Dominguez,Mallory Dominguez,FEMALE,2023-07-07,Les Ulis
25550,Krista,Munoz,Krista Munoz,FEMALE,2023-11-10,Duesseldorf
25551,Ross,Torres,Ross Torres,MALE,2023-12-14,Erlangen
25552,Riley,Ward,Riley Ward,FEMALE,2023-12-06,Werne
25553,Brett,Srini,Brett Srini,MALE,2023-11-07,York
25554,Jermaine,Perez,Jermaine Perez,MALE,2023-04-27,Courbevoie
25555,Trisha,Lu,Trisha Lu,FEMALE,2021-02-16,Milsons Point
25556,Joan,Martin,Joan Martin,FEMALE,2021-03-23,Caloundra
25557,Tyrone,Navarro,Tyrone Navarro,MALE,2021-03-27,Gold Coast
25558,Zachary,Wilson,Zachary Wilson,MALE,2021-03-03,Goulburn
25559,Troy,Sanchez,Troy Sanchez,MALE,2021-03-27,Lane Cove
25560,Daisy,Vazquez,Daisy Vazquez,FEMALE,2021-04-26,Cranbourne
25561,Micah,Zeng,Micah Zeng,MALE,2021-04-28,Springwood
25562,Bonnie,Sharma,Bonnie Sharma,FEMALE,2021-04-08,Malabar
25563,Natasha,Serrano,Natasha Serrano,FEMALE,2021-04-15,Springwood
25564,Fernando,Nelson,Fernando Nelson,MALE,2021-05-15,Wollongong
25565,Kevin,Perez,Kevin Perez,MALE,2021-05-22,Sunbury
25566,Kristine,Navarro,Kristine Navarro,FEMALE,2021-05-17,Milsons Point
25567,Dennis,Zheng,Dennis Zheng,MALE,2021-05-12,East Brisbane
25568,Christy,Wu,Christy Wu,FEMALE,2021-06-18,East Brisbane
25569,Jésus,Alvarez,Jésus Alvarez,MALE,2023-06-09,Morangis
25570,Robyn,Torres,Robyn Torres,FEMALE,2024-01-01,Paris
25571,Richard,Lopez,Richard Lopez,MALE,2023-12-17,Neunkirchen
25572,Allen,Gonzalez,Allen Gonzalez,MALE,2023-11-25,Gloucestershire
25573,Rosa,Zhou,Rosa Zhou,FEMALE,2023-11-03,London
25574,Bradley,Raje,Bradley Raje,MALE,2023-06-26,Tremblay-en-France
25575,Elijah,Campbell,Elijah Campbell,MALE,2023-12-03,Werne
25576,Deborah,She,Deborah She,FEMALE,2023-11-12,Oxford
25577,Elijah,Wright,Elijah Wright,MALE,2023-12-26,Peterborough
25578,Sabrina,Martin,Sabrina Martin,FEMALE,2023-12-13,Peterborough
25579,Bobby,Prasad,Bobby Prasad,MALE,2023-03-27,Orly
25580,Amber,Allen,Amber Allen,FEMALE,2023-06-20,Villeneuve-d'Ascq
25581,Kayla,Bryant,Kayla Bryant,FEMALE,2023-09-27,Solingen
25582,Leonard,Luo,Leonard Luo,MALE,2023-12-06,Gateshead
25583,Carolyn,Arthur,Carolyn Arthur,FEMALE,2023-12-13,Offenbach
25584,Dominique,Suri,Dominique Suri,FEMALE,2023-12-12,W. York
25585,Brent,Sun,Brent Sun,MALE,2023-12-26,York
25586,Molly,Subram,Molly Subram,FEMALE,2023-06-27,Villeneuve-d'Ascq
25587,Isaiah,Young,Isaiah Young,MALE,2023-12-24,Ingolstadt
25588,Jerry,Pal,Jerry Pal,MALE,2023-05-30,Pantin
25589,Lydia,Perez,Lydia Perez,FEMALE,2023-12-19,Solingen
25590,Naomi,Gill,Naomi Gill,FEMALE,2023-12-12,Poing
25591,Preston,Ray,Preston Ray,MALE,2023-12-25,Sulzbach Taunus
25592,Kendra,Ortega,Kendra Ortega,FEMALE,2023-05-04,W. York
25593,Micheal,Gill,Micheal Gill,MALE,2023-07-19,Sèvres
25594,Cindy,Malhotra,Cindy Malhotra,FEMALE,2023-07-30,Pantin
25595,Larry,Rowe,Larry Rowe,MALE,2023-12-21,Erlangen
25596,Cheryl,Moreno,Cheryl Moreno,FEMALE,2023-12-17,Grevenbroich
25597,Alan,She,Alan She,MALE,2023-12-17,Poing
25598,Kendra,Ruiz,Kendra Ruiz,FEMALE,2023-12-04,Stoke-on-Trent
25599,Aaron,Russell,Aaron Russell,MALE,2023-12-11,Cheltenham
25600,Derek,Anand,Derek Anand,MALE,2023-08-28,Paris
25601,Grace,Morgan,Grace Morgan,FEMALE,2023-12-01,Solingen
25602,Jermaine,Sara,Jermaine Sara,MALE,2023-08-13,Frankfurt am Main
25603,Dawn,Guo,Dawn Guo,FEMALE,2023-12-17,Cheltenham
25604,Martin,Vance,Martin Vance,MALE,2023-12-17,London
25605,Abby,Kovár,Abby Kovár,FEMALE,2023-01-13,Liverpool
25606,Meredith,Fernandez,Meredith Fernandez,FEMALE,2023-08-09,Paris
25607,Sharon,Chander,Sharon Chander,FEMALE,2023-08-16,Sèvres
25608,Sandra,Zeng,Sandra Zeng,FEMALE,2023-01-22,Oxford
25609,Jaime,Ruiz,Jaime Ruiz,FEMALE,2022-12-31,Oxford
25610,Brittney,Zhao,Brittney Zhao,FEMALE,2023-12-25,Kassel
25611,Deanna,Rodriguez,Deanna Rodriguez,FEMALE,2023-01-09,Billericay
25612,Clinton,Rubio,Clinton Rubio,MALE,2023-02-07,Maidenhead
25613,Erik,Ruiz,Erik Ruiz,MALE,2023-08-23,Paris
25614,Deanna,Subram,Deanna Subram,FEMALE,2023-08-22,Paris
25615,Destiny,Hall,Destiny Hall,FEMALE,2023-02-16,Leeds
25616,Jésus,Rubio,Jésus Rubio,MALE,2023-02-10,Watford
25617,Leonard,Shan,Leonard Shan,MALE,2023-08-21,Paris La Defense
25618,Albert,Hernandez,Albert Hernandez,MALE,2023-01-01,Salzgitter
25619,Rafael,Raji,Rafael Raji,MALE,2023-08-30,Tremblay-en-France
25620,Alejandro,Lu,Alejandro Lu,MALE,2023-04-10,Cliffside
25621,Brandon,Flores,Brandon Flores,MALE,2023-09-29,Oak Bay
25622,Mary,Hill,Mary Hill,FEMALE,2023-06-15,Corvallis
25623,Maria,Oliver,Maria Oliver,FEMALE,2023-06-23,Corvallis
25624,Mary,Scott,Mary Scott,FEMALE,2023-05-14,Renton
25625,Krystal,Cai,Krystal Cai,FEMALE,2022-12-31,Hamburg
25626,Janet,Diaz,Janet Diaz,FEMALE,2023-02-07,Gateshead
25627,Joe,Carlson,Joe Carlson,MALE,2023-02-09,Warrington
25628,Jessie,Dominguez,Jessie Dominguez,FEMALE,2023-04-03,Kirkby
25629,Micheal,Serrano,Micheal Serrano,MALE,2023-04-22,Erlangen
25630,Mandy,Zeng,Mandy Zeng,FEMALE,2023-04-02,Tremblay-en-France
25631,Julie,Deng,Julie Deng,FEMALE,2023-09-08,London
25632,Lee,Moreno,Lee Moreno,MALE,2023-03-06,London
25633,Tara,Sutton,Tara Sutton,FEMALE,2023-07-17,München
25634,Lydia,Arun,Lydia Arun,FEMALE,2023-09-29,Saint Germain en Laye
25635,Warren,Zhao,Warren Zhao,MALE,2023-08-31,Hannover
25636,Tommy,Raji,Tommy Raji,MALE,2023-12-10,Bracknell
25637,Raquel,Moreno,Raquel Moreno,FEMALE,2023-08-02,York
25638,Dale,Tang,Dale Tang,MALE,2023-03-30,Cergy
25639,Russell,Lal,Russell Lal,MALE,2023-10-17,Paris
25640,Candice,Zhao,Candice Zhao,FEMALE,2023-02-17,Erlangen
25641,Dana,Schmidt,Dana Schmidt,FEMALE,2022-12-30,London
25642,Jon,Rai,Jon Rai,MALE,2023-02-24,London
25643,Sergio,Arun,Sergio Arun,MALE,2023-05-29,Paris
25644,Andrew,Lewis,Andrew Lewis,MALE,2023-10-01,Tremblay-en-France
25645,Tommy,Shen,Tommy Shen,MALE,2023-02-08,Berlin
25646,Randall,Torres,Randall Torres,MALE,2023-02-17,London
25647,Kaitlyn,Hernandez,Kaitlyn Hernandez,FEMALE,2023-03-24,York
25648,Michele,Carlson,Michele Carlson,FEMALE,2023-06-28,Saint-Denis
25649,Trinity,Morgan,Trinity Morgan,FEMALE,2023-11-26,Villeneuve-d'Ascq
25650,Jillian,Srini,Jillian Srini,FEMALE,2023-09-23,Berlin
25651,Alvin,Yuan,Alvin Yuan,MALE,2023-09-20,Hof
25652,Rachael,Sara,Rachael Sara,FEMALE,2023-09-02,Colombes
25653,Alan,Gao,Alan Gao,MALE,2023-05-14,Frankfurt
25654,Carla,Malhotra,Carla Malhotra,FEMALE,2024-01-17,Paris
25655,Virginia,Arun,Virginia Arun,FEMALE,2023-03-21,Leeds
25656,Brenda,Sanchez,Brenda Sanchez,FEMALE,2023-04-17,Liverpool
25657,Tammy,Gonzalez,Tammy Gonzalez,FEMALE,2023-04-21,Gateshead
25658,Ricky,Dominguez,Ricky Dominguez,MALE,2023-08-29,Berlin
25659,Lee,Navarro,Lee Navarro,MALE,2023-04-17,Berkshire
25660,Warren,Pal,Warren Pal,MALE,2023-11-18,Drancy
25661,Manuel,Sai,Manuel Sai,MALE,2023-11-10,Paris La Defense
25662,Andre,Kapoor,Andre Kapoor,MALE,2023-09-15,Paris
25663,Masato,Kawai,Masato Kawai,MALE,2023-08-13,Roubaix
25664,Jon,Hu,Jon Hu,MALE,2023-10-19,Offenbach
25665,Theresa,Romero,Theresa Romero,FEMALE,2023-04-29,Cergy
25666,Micheal,Munoz,Micheal Munoz,MALE,2023-06-03,Orleans
25667,Jaclyn,Gao,Jaclyn Gao,FEMALE,2023-04-28,Mühlheim
25668,Carolyn,Lopez,Carolyn Lopez,FEMALE,2023-08-22,Bury
25669,Stacy,Ortega,Stacy Ortega,FEMALE,2023-04-02,York
25670,Ariana,Brooks,Ariana Brooks,FEMALE,2023-11-24,Lille
25671,Brett,Arun,Brett Arun,MALE,2023-03-13,Bonn
25672,Janelle,Subram,Janelle Subram,FEMALE,2023-02-15,Paris La Defense
25673,Isaiah,Turner,Isaiah Turner,MALE,2023-09-22,Tremblay-en-France
25674,Reginald,Navarro,Reginald Navarro,MALE,2023-03-07,München
25675,Joe,Blanco,Joe Blanco,MALE,2023-02-15,Oxon
25676,Mackenzie,Scott,Mackenzie Scott,FEMALE,2023-05-13,Runcorn
25677,Veronica,Lopez,Veronica Lopez,FEMALE,2023-06-21,Chatou
25678,Erica,Yang,Erica Yang,FEMALE,2024-01-19,Frankfurt am Main
25679,Meredith,Rodriguez,Meredith Rodriguez,FEMALE,2023-09-06,Pantin
25680,Manuel,Subram,Manuel Subram,MALE,2023-06-15,Berlin
25681,Melinda,Serrano,Melinda Serrano,FEMALE,2023-02-28,Bottrop
25682,Cheryl,Ramos,Cheryl Ramos,FEMALE,2023-05-27,London
25683,Ebony,Ruiz,Ebony Ruiz,FEMALE,2023-11-15,Paris
25684,Jermaine,Sanchez,Jermaine Sanchez,MALE,2023-10-10,Saarbrücken
25685,Barbara,Liu,Barbara Liu,FEMALE,2023-07-31,Werne
25686,Naomi,Hernandez,Naomi Hernandez,FEMALE,2023-03-20,High Wycombe
25687,Jade,Cook,Jade Cook,FEMALE,2023-12-06,Stoke-on-Trent
25688,Patrick,Morris,Patrick Morris,MALE,2023-08-29,Saint-Denis
25689,Andrea,Campbell,Andrea Campbell,FEMALE,2023-07-10,Stoke-on-Trent
25690,Theodore,Alvarez,Theodore Alvarez,MALE,2023-05-06,York
25691,Mitchell,Black,Mitchell Black,MALE,2023-03-02,Hof
25692,Kelvin,Yuan,Kelvin Yuan,MALE,2023-03-09,Oxon
25693,Brandy,Subram,Brandy Subram,FEMALE,2023-12-13,Croix
25694,Dawn,Raje,Dawn Raje,FEMALE,2023-12-01,Morangis
25695,Kristine,Blanco,Kristine Blanco,FEMALE,2023-06-06,Metz
25696,Damien,Luo,Damien Luo,MALE,2023-09-28,Metz
25697,Miguel,Harris,Miguel Harris,MALE,2023-02-04,Dunkerque
25698,Ariana,Murphy,Ariana Murphy,FEMALE,2023-09-05,Saint-Denis
25699,Marcus,Kelly,Marcus Kelly,MALE,2023-06-06,Newcastle upon Tyne
25700,Faith,Coleman,Faith Coleman,FEMALE,2023-12-14,Saint-Denis
25701,Francisco,Garcia,Francisco Garcia,MALE,2023-02-11,London
25702,Evelyn,Lopez,Evelyn Lopez,FEMALE,2023-03-29,Essen
25703,Summer,Rana,Summer Rana,FEMALE,2023-02-26,London
25704,Seth,Murphy,Seth Murphy,MALE,2021-06-30,Cranbourne
25705,Levi,Prasad,Levi Prasad,MALE,2021-06-27,Perth
25706,Francisco,Madan,Francisco Madan,MALE,2021-06-16,Caloundra
25707,Louis,Raje,Louis Raje,MALE,2021-06-18,Findon
25708,Misty,Sharma,Misty Sharma,FEMALE,2021-06-23,Gold Coast
25709,Savannah,Lopez,Savannah Lopez,FEMALE,2021-06-19,Melbourne
25710,Diana,Gill,Diana Gill,FEMALE,2021-06-18,Lavender Bay
25711,Mario,Luo,Mario Luo,MALE,2021-07-18,South Melbourne
25712,Brent,He,Brent He,MALE,2021-07-30,Cranbourne
25713,Latasha,Gill,Latasha Gill,FEMALE,2021-07-07,Sunbury
25714,Darren,Gutierrez,Darren Gutierrez,MALE,2021-07-15,Rhodes
25715,Tabitha,Sara,Tabitha Sara,FEMALE,2021-07-28,North Ryde
25716,Edwin,Gao,Edwin Gao,MALE,2021-07-29,Port Macquarie
25717,Ernest,Guo,Ernest Guo,MALE,2021-07-18,Milsons Point
25718,Terrance,Martinez,Terrance Martinez,MALE,2021-08-16,Perth
25719,Kristine,Diaz,Kristine Diaz,FEMALE,2023-02-13,Berlin
25720,Ronald,Garcia,Ronald Garcia,MALE,2023-04-01,München
25721,April,Nara,April Nara,FEMALE,2023-03-23,London
25722,Noah,Mitchell,Noah Mitchell,MALE,2023-01-09,Saint Germain en Laye
25723,Kate,Nara,Kate Nara,FEMALE,2023-01-06,Saint-Denis
25724,Tabitha,Fernandez,Tabitha Fernandez,FEMALE,2023-04-07,Eilenburg
25725,Chad,Lal,Chad Lal,MALE,2023-04-05,Sulzbach Taunus
25726,Brendan,Deng,Brendan Deng,MALE,2023-03-05,Leeds
25727,Cheryl,Torres,Cheryl Torres,FEMALE,2023-03-20,Leeds
25728,Nelson,Romero,Nelson Romero,MALE,2023-03-08,London
25729,Tabitha,Kapoor,Tabitha Kapoor,FEMALE,2023-05-20,Darmstadt
25730,Isabelle,Simmons,Isabelle Simmons,FEMALE,2023-05-05,Frankfurt
25731,Colleen,Tang,Colleen Tang,FEMALE,2023-03-25,London
25732,Joanna,Sanz,Joanna Sanz,FEMALE,2023-03-07,London
25733,Joanna,Blanco,Joanna Blanco,FEMALE,2023-07-31,Saint Ouen
25734,Alvin,Zheng,Alvin Zheng,MALE,2023-06-23,Berlin
25735,Suzanne,Wu,Suzanne Wu,FEMALE,2023-06-02,Bonn
25736,Darrell,Stone,Darrell Stone,MALE,2023-06-04,Stuttgart
25737,Marshall,Liu,Marshall Liu,MALE,2023-09-10,Duesseldorf
25738,Jacquelyn,Ruiz,Jacquelyn Ruiz,FEMALE,2023-06-24,Mühlheim
25739,Cory,Rodriguez,Cory Rodriguez,MALE,2023-03-19,London
25740,Kellie,Munoz,Kellie Munoz,FEMALE,2023-06-15,Saint Germain en Laye
25741,Tabitha,Sai,Tabitha Sai,FEMALE,2023-03-04,York
25742,Tamara,He,Tamara He,FEMALE,2023-07-29,Leipzig
25743,Alvin,Liu,Alvin Liu,MALE,2023-02-12,Les Ulis
25744,Gabriel,Griffin,Gabriel Griffin,MALE,2023-07-27,Neunkirchen
25745,Mayra,Arun,Mayra Arun,FEMALE,2023-07-28,Hamburg
25746,Lindsay,Simpson,Lindsay Simpson,FEMALE,2023-03-25,High Wycombe
25747,Marshall,Xu,Marshall Xu,MALE,2023-03-14,London
25748,Kayla,Butler,Kayla Butler,FEMALE,2023-03-12,Leeds
25749,Ashlee,Moyer,Ashlee Moyer,FEMALE,2023-01-31,Croix
25750,Francis,Blanco,Francis Blanco,MALE,2023-05-25,Warrington
25751,Gina,Alvarez,Gina Alvarez,FEMALE,2023-10-10,Frankfurt am Main
25752,Christy,McDonald,Christy McDonald,FEMALE,2023-02-04,Colombes
25753,Nichole,Lal,Nichole Lal,FEMALE,2023-11-10,Woolston
25754,Calvin,Sharma,Calvin Sharma,MALE,2023-09-07,Paderborn
25755,Jeffery,Huang,Jeffery Huang,MALE,2023-08-29,London
25756,Cassandra,Malhotra,Cassandra Malhotra,FEMALE,2023-07-21,Berlin
25757,Jeffery,Wu,Jeffery Wu,MALE,2023-04-06,London
25758,Leslie,Gutierrez,Leslie Gutierrez,FEMALE,2023-07-11,Hamburg
25759,Savannah,Kelly,Savannah Kelly,FEMALE,2023-02-22,Saint Germain en Laye
25760,Natalie,Alexander,Natalie Alexander,FEMALE,2023-04-03,Peterborough
25761,Shish,Shridhar,Shish Shridhar,FEMALE,2023-04-02,Gateshead
25762,Stefanie,Fernandez,Stefanie Fernandez,FEMALE,2023-09-04,Berlin
25763,Hannah,Johnson,Hannah Johnson,FEMALE,2024-01-19,Bremerton
25764,Alexandria,Price,Alexandria Price,FEMALE,2023-06-14,Bremerton
25765,Natalie,Watson,Natalie Watson,FEMALE,2023-06-07,Lebanon
25766,Allison,Kelly,Allison Kelly,FEMALE,2023-11-19,Seattle
25767,Bailey,Hill,Bailey Hill,FEMALE,2023-06-18,Tacoma
25768,Tyrone,Ruiz,Tyrone Ruiz,MALE,2023-04-18,Berlin
25769,Gerald,Rubio,Gerald Rubio,MALE,2023-01-22,Frankfurt
25770,Reginald,Blanco,Reginald Blanco,MALE,2023-12-24,Boulogne-sur-Mer
25771,Gabriella,Rivera,Gabriella Rivera,FEMALE,2023-10-13,Hamburg
25772,Harold,Kapoor,Harold Kapoor,MALE,2023-08-05,München
25773,Jack,Simmons,Jack Simmons,MALE,2023-08-22,Paderborn
25774,Corey,Pal,Corey Pal,MALE,2023-09-04,London
25775,Marie,Chandra,Marie Chandra,FEMALE,2023-09-24,London
25776,Damien,Zhou,Damien Zhou,MALE,2023-10-17,Stoke-on-Trent
25777,Stephanie,Butler,Stephanie Butler,FEMALE,2023-12-05,Lille
25778,Larry,Gomez,Larry Gomez,MALE,2023-10-28,Esher-Molesey
25779,Marshall,Cai,Marshall Cai,MALE,2023-01-03,Saarbrücken
25780,Dana,Gill,Dana Gill,FEMALE,2023-01-22,Leipzig
25781,Alejandro,Xie,Alejandro Xie,MALE,2023-07-26,London
25782,Marshall,Gao,Marshall Gao,MALE,2023-05-28,London
25783,Omar,Sun,Omar Sun,MALE,2023-02-27,London
25784,Damien,Raje,Damien Raje,MALE,2023-09-04,Reading
25785,Jackson,Edwards,Jackson Edwards,MALE,2024-01-12,Cheltenham
25786,Cheryl,Romero,Cheryl Romero,FEMALE,2023-12-17,Cergy
25787,Lee,Serrano,Lee Serrano,MALE,2023-07-08,Villeneuve-d'Ascq
25788,Nichole,Yuan,Nichole Yuan,FEMALE,2023-02-17,Frankfurt am Main
25789,Julia,Mitchell,Julia Mitchell,FEMALE,2023-12-10,Drancy
25790,Cameron,Patterson,Cameron Patterson,MALE,2024-01-05,Metz
25791,Seth,Foster,Seth Foster,MALE,2023-11-27,Tremblay-en-France
25792,Alyssa,Gonzales,Alyssa Gonzales,FEMALE,2023-12-09,Darmstadt
25793,Ann,Rana,Ann Rana,FEMALE,2022-12-31,Hannover
25794,Kristin,Tang,Kristin Tang,FEMALE,2023-11-03,Duesseldorf
25795,Marie,Gomez,Marie Gomez,FEMALE,2023-01-08,Neunkirchen
25796,Kelvin,Jai,Kelvin Jai,MALE,2023-10-06,London
25797,Max,Torres,Max Torres,MALE,2023-10-10,Roubaix
25798,Christian,Coleman,Christian Coleman,MALE,2023-10-12,Bury
25799,Arianna,James,Arianna James,FEMALE,2023-01-30,Oxford
25800,Sheena,Nath,Sheena Nath,FEMALE,2023-05-13,Bury
25801,Colin,Raji,Colin Raji,MALE,2023-01-31,Oxford
25802,Clayton,He,Clayton He,MALE,2024-01-26,Hof
25803,Gregory,Xu,Gregory Xu,MALE,2023-02-11,Kassel
25804,Nelson,Torres,Nelson Torres,MALE,2023-03-05,Gloucestershire
25805,Melody,Gomez,Melody Gomez,FEMALE,2023-11-25,Peterborough
25806,Dwayne,Dominguez,Dwayne Dominguez,MALE,2023-08-31,Bobigny
25807,Kaitlin,Lopez,Kaitlin Lopez,FEMALE,2023-12-29,Paris
25808,Janet,Carlson,Janet Carlson,FEMALE,2023-09-19,Paris
25809,Nicholas,Williams,Nicholas Williams,MALE,2023-08-27,Port Macquarie
25810,Jimmy,Sanz,Jimmy Sanz,MALE,2023-06-12,Melbourne
25811,Miguel,Wright,Miguel Wright,MALE,2023-01-29,Gold Coast
25812,Donna,Lal,Donna Lal,FEMALE,2023-11-30,Findon
25813,Isaac,Hernandez,Isaac Hernandez,MALE,2023-03-25,Port Macquarie
25814,Krystal,Zeng,Krystal Zeng,FEMALE,2023-09-01,Findon
25815,Jacquelyn,Romero,Jacquelyn Romero,FEMALE,2023-02-14,Darlinghurst
25816,Teresa,Navarro,Teresa Navarro,FEMALE,2023-07-30,Silverwater
25817,Isaac,Phillips,Isaac Phillips,MALE,2024-01-26,Sydney
25818,Aaron,Hill,Aaron Hill,MALE,2023-04-23,Brisbane
25819,Carlos,Morgan,Carlos Morgan,MALE,2021-08-20,Townsville
25820,Adam,Evans,Adam Evans,MALE,2023-02-11,Melton
25821,Krystal,Gao,Krystal Gao,FEMALE,2021-08-25,Sunbury
25822,Julio,Navarro,Julio Navarro,MALE,2021-08-19,Springwood
25823,Jaime,Xie,Jaime Xie,MALE,2021-08-14,Seaford
25824,Terry,Pal,Terry Pal,MALE,2023-10-02,Darlinghurst
25825,Tammy,Fernandez,Tammy Fernandez,FEMALE,2023-07-27,Springwood
25826,Nathaniel,Watson,Nathaniel Watson,MALE,2021-09-09,Melton
25827,Karla,Nara,Karla Nara,FEMALE,2021-09-10,Port Macquarie
25828,Ronald,Madan,Ronald Madan,MALE,2021-08-29,Silverwater
25829,Toni,Patel,Toni Patel,FEMALE,2021-09-12,North Sydney
25830,Louis,Nath,Louis Nath,MALE,2021-09-01,Goulburn
25831,Sebastian,Torres,Sebastian Torres,MALE,2021-08-30,Gold Coast
25832,Shawn,Tang,Shawn Tang,MALE,2021-09-29,Malabar
25833,Sabrina,Hernandez,Sabrina Hernandez,FEMALE,2023-09-26,Beaverton
25834,Jeremy,Davis,Jeremy Davis,MALE,2023-09-22,Lemon Grove
25835,Destiny,Flores,Destiny Flores,FEMALE,2023-02-16,Santa Cruz
25836,Jaime,Luo,Jaime Luo,MALE,2023-10-09,Berkeley
25837,Timothy,Cook,Timothy Cook,MALE,2023-06-07,Newport Beach
25838,Makayla,Reed,Makayla Reed,FEMALE,2023-12-30,La Jolla
25839,Connor,Powell,Connor Powell,MALE,2023-02-05,Chula Vista
25840,Karla,Pal,Karla Pal,FEMALE,2023-07-14,Bellflower
25841,Lindsey,Becker,Lindsey Becker,FEMALE,2023-08-27,Berkeley
25842,Cole,Brooks,Cole Brooks,MALE,2023-05-01,Newport Beach
25843,Hunter,Perez,Hunter Perez,MALE,2023-06-23,Puyallup
25844,Riley,Butler,Riley Butler,FEMALE,2023-02-08,Coronado
25845,Timothy,Campbell,Timothy Campbell,MALE,2023-12-24,N. Vancouver
25846,Faith,Bailey,Faith Bailey,FEMALE,2023-09-16,Kirkland
25847,Destiny,Brown,Destiny Brown,FEMALE,2023-09-22,Everett
25848,Samuel,Robinson,Samuel Robinson,MALE,2023-04-08,Imperial Beach
25849,Danielle,Cooper,Danielle Cooper,FEMALE,2023-02-06,Burbank
25850,Jared,Sanchez,Jared Sanchez,MALE,2023-05-25,Langley
25851,Seth,Washington,Seth Washington,MALE,2023-12-04,Bellingham
25852,Amanda,Bennett,Amanda Bennett,FEMALE,2023-05-25,Lynnwood
25853,Chloe,Collins,Chloe Collins,FEMALE,2023-12-25,Spokane
25854,Jordan,Chen,Jordan Chen,MALE,2023-06-02,Burlingame
25855,Dylan,Diaz,Dylan Diaz,MALE,2023-02-25,Bellingham
25856,Benjamin,Sharma,Benjamin Sharma,MALE,2023-12-16,Chula Vista
25857,Abigail,Perry,Abigail Perry,FEMALE,2021-01-19,W. Linn
25858,Mariah,Gonzales,Mariah Gonzales,FEMALE,2024-01-27,Milwaukie
25859,Mackenzie,Peterson,Mackenzie Peterson,FEMALE,2023-06-14,Lake Oswego
25860,Justin,Thomas,Justin Thomas,MALE,2023-09-26,Burbank
25861,Garrett,Cooper,Garrett Cooper,MALE,2021-01-06,Woodland Hills
25862,Jared,Bell,Jared Bell,MALE,2023-08-25,Coronado
25863,Sydney,Wright,Sydney Wright,FEMALE,2020-12-29,Lebanon
25864,Petr,Lazecky,Petr Lazecky,FEMALE,2022-02-09,Vancouver
25865,Tristan,Butler,Tristan Butler,MALE,2021-01-19,Kirkland
25866,Tristan,Perry,Tristan Perry,MALE,2021-01-24,W. Linn
25867,Carlos,Carter,Carlos Carter,MALE,2021-02-27,Woodland Hills
25868,Jessica,Lewis,Jessica Lewis,FEMALE,2021-02-21,Woodland Hills
25869,Lucas,Parker,Lucas Parker,MALE,2023-08-19,Redmond
25870,Edward,Gonzales,Edward Gonzales,MALE,2023-06-04,Lebanon
25871,Jason,Nelson,Jason Nelson,MALE,2023-09-06,Issaquah
25872,Melanie,Ross,Melanie Ross,FEMALE,2021-02-12,Sedro Woolley
25873,Isaiah,Sanders,Isaiah Sanders,MALE,2023-11-03,Langley
25874,Jessica,Hall,Jessica Hall,FEMALE,2023-11-05,Olympia
25875,Jocelyn,Price,Jocelyn Price,FEMALE,2022-02-16,Port Hammond
25876,Noah,King,Noah King,MALE,2021-02-18,Walla Walla
25877,Alyssa,Price,Alyssa Price,FEMALE,2024-01-24,Walla Walla
25878,Brianna,Simmons,Brianna Simmons,FEMALE,2021-02-23,Los Angeles
25879,Alyssa,Wood,Alyssa Wood,FEMALE,2021-03-17,Mill Valley
25880,Jackson,Kumar,Jackson Kumar,MALE,2023-09-23,Redwood City
25881,Jennifer,Clark,Jennifer Clark,FEMALE,2024-01-04,San Carlos
25882,Edward,Roberts,Edward Roberts,MALE,2023-05-29,San Diego
25883,Luis,Carter,Luis Carter,MALE,2022-02-14,Westminster
25884,Elijah,Evans,Elijah Evans,MALE,2023-06-10,Newton
25885,Hailey,Washington,Hailey Washington,FEMALE,2023-08-24,Sooke
25886,Rachel,Rogers,Rachel Rogers,FEMALE,2021-03-21,Marysville
25887,Jack,Collins,Jack Collins,MALE,2021-03-04,Puyallup
25888,Morgan,Edwards,Morgan Edwards,FEMALE,2021-03-09,Tacoma
25889,Reginald,Munoz,Reginald Munoz,MALE,2021-03-12,Burbank
25890,Chloe,Brown,Chloe Brown,FEMALE,2023-02-15,Burlingame
25891,Brandon,Johnson,Brandon Johnson,MALE,2021-04-30,Woodland Hills
25892,Stephanie,Price,Stephanie Price,FEMALE,2022-02-12,Port Hammond
25893,Alexia,Alexander,Alexia Alexander,FEMALE,2023-04-26,Bremerton
25894,Steve,Zeng,Steve Zeng,MALE,2023-07-26,Burbank
25895,Jesse,Richardson,Jesse Richardson,MALE,2021-04-04,Oregon City
25896,Marissa,Coleman,Marissa Coleman,FEMALE,2023-06-25,Corvallis
25897,Kimberly,Bailey,Kimberly Bailey,FEMALE,2023-10-11,San Diego
25898,Brittney,Cai,Brittney Cai,FEMALE,2023-07-07,Ballard
25899,Caitlin,Rogers,Caitlin Rogers,FEMALE,2023-03-11,Imperial Beach
25900,Haley,Sanders,Haley Sanders,FEMALE,2023-05-18,Olympia
25901,Lucas,Harris,Lucas Harris,MALE,2021-04-12,Long Beach
25902,Cameron,Li,Cameron Li,MALE,2023-02-22,Redmond
25903,Marshall,Rai,Marshall Rai,MALE,2021-04-10,Bellingham
25904,Ian,Collins,Ian Collins,MALE,2023-12-02,Issaquah
25905,Nathan,Hayes,Nathan Hayes,MALE,2021-04-05,Mill Valley
25906,Crystal,Zhao,Crystal Zhao,FEMALE,2023-11-13,Findon
25907,Kelli,Shen,Kelli Shen,FEMALE,2024-01-14,Melton
25908,Melissa,Long,Melissa Long,FEMALE,2024-01-26,Long Beach
25909,Chase,James,Chase James,MALE,2021-05-24,National City
25910,Natalie,Miller,Natalie Miller,FEMALE,2021-05-28,National City
25911,Alexandra,Sanders,Alexandra Sanders,FEMALE,2022-03-29,Langford
25912,Walter,Rubio,Walter Rubio,MALE,2023-06-27,Cranbourne
25913,Beth,Srini,Beth Srini,MALE,2023-11-14,Lavender Bay
25914,Seth,Hughes,Seth Hughes,MALE,2023-08-27,Seattle
25915,Paige,Bryant,Paige Bryant,FEMALE,2023-10-27,Seattle
25916,Naomi,Serrano,Naomi Serrano,FEMALE,2021-05-13,Burbank
25917,Kyle,Long,Kyle Long,MALE,2021-05-01,El Cajon
25918,Carly,Anand,Carly Anand,FEMALE,2021-10-26,Coffs Harbour
25919,Dana,Ramos,Dana Ramos,FEMALE,2021-10-08,Goulburn
25920,Orlando,Gutierrez,Orlando Gutierrez,MALE,2021-10-18,South Melbourne
25921,Colin,Shan,Colin Shan,MALE,2021-10-21,Rhodes
25922,Veronica,Malhotra,Veronica Malhotra,FEMALE,2021-11-24,Sydney
25923,Mason,Parker,Mason Parker,MALE,2023-02-02,Hobart
25924,Hannah,Robinson,Hannah Robinson,FEMALE,2021-05-13,Redwood City
25925,Brianna,Cooper,Brianna Cooper,FEMALE,2023-04-29,Cliffside
25926,Larry,Gutierrez,Larry Gutierrez,MALE,2021-11-04,Newcastle
25927,Tiffany,Guo,Tiffany Guo,FEMALE,2021-10-29,North Sydney
25928,Mario,Sharma,Mario Sharma,MALE,2021-11-03,Port Macquarie
25929,Alexandra,Gray,Alexandra Gray,FEMALE,2023-04-10,Lynnwood
25930,Ethan,Harris,Ethan Harris,MALE,2023-06-05,Lynnwood
25931,Ryan,Henderson,Ryan Henderson,MALE,2023-07-24,Port Orchard
25932,Marcus,Rodriguez,Marcus Rodriguez,MALE,2024-01-21,Portland
25933,Dalton,Stewart,Dalton Stewart,MALE,2023-08-28,Fremont
25934,Luke,King,Luke King,MALE,2023-12-30,Lincoln Acres
25935,April,Tang,April Tang,FEMALE,2021-11-10,Lane Cove
25936,Deanna,Schmidt,Deanna Schmidt,FEMALE,2021-11-05,Perth
25937,Jon,Yuan,Jon Yuan,MALE,2021-11-07,Springwood
25938,Marvin,Gutierrez,Marvin Gutierrez,MALE,2021-11-25,Brisbane
25939,Willie,Tang,Willie Tang,MALE,2021-12-11,Sunbury
25940,Gerald,Arun,Gerald Arun,MALE,2021-12-18,Springwood
25941,Molly,Perez,Molly Perez,FEMALE,2021-12-16,East Brisbane
25942,Brianna,Brooks,Brianna Brooks,FEMALE,2021-05-16,San Diego
25943,Brianna,McDonald,Brianna McDonald,FEMALE,2021-06-12,Novato
25944,Ronald,Perez,Ronald Perez,MALE,2021-12-10,Geelong
25945,Brent,Guo,Brent Guo,MALE,2021-12-22,Sydney
25946,Britta,Simon,Britta Simon,FEMALE,2021-12-26,Wollongong
25947,Sam,Wilson,Sam Wilson,MALE,2021-12-08,Geelong
25948,Christine,Stone,Christine Stone,FEMALE,2021-12-21,East Brisbane
25949,Summer,Raman,Summer Raman,FEMALE,2021-12-03,Silverwater
25950,Kyle,Kumar,Kyle Kumar,MALE,2023-12-18,Marysville
25951,Anthony,Anderson,Anthony Anderson,MALE,2021-06-12,Beverly Hills
25952,Jon,Alonso,Jon Alonso,MALE,2021-06-04,Colma
25953,Hunter,Butler,Hunter Butler,MALE,2023-03-28,Concord
25954,Noah,Carter,Noah Carter,MALE,2023-05-27,San Gabriel
25955,Anna,Robinson,Anna Robinson,FEMALE,2021-06-19,Santa Monica
25956,Charles,Ramirez,Charles Ramirez,MALE,2023-07-27,Corvallis
25957,Stephanie,Washington,Stephanie Washington,FEMALE,2023-06-14,Woodland Hills
25958,Alfredo,Ortega,Alfredo Ortega,MALE,2022-01-07,North Ryde
25959,Katherine,Hall,Katherine Hall,FEMALE,2023-04-08,Lemon Grove
25960,Willie,Cai,Willie Cai,MALE,2022-01-22,Hobart
25961,Ricardo,Goel,Ricardo Goel,MALE,2021-12-31,Sunbury
25962,Jordyn,Jenkins,Jordyn Jenkins,FEMALE,2021-06-29,Lynnwood
25963,Charles,Morris,Charles Morris,MALE,2024-01-03,Kirkland
25964,Christopher,Winston,Christopher Winston,MALE,2021-06-12,Lake Oswego
25965,Andrea,Roberts,Andrea Roberts,FEMALE,2023-05-14,Newport Beach
25966,Alex,Watson,Alex Watson,MALE,2023-07-07,San Diego
25967,Alexis,Martinez,Alexis Martinez,FEMALE,2023-07-01,Mill Valley
25968,Benjamin,Powell,Benjamin Powell,MALE,2023-11-18,Oregon City
25969,Jason,Parker,Jason Parker,MALE,2021-06-14,Glendale
25970,Hailey,James,Hailey James,FEMALE,2021-06-25,Edmonds
25971,Savannah,Young,Savannah Young,FEMALE,2022-03-20,Oak Bay
25972,Jocelyn,Henderson,Jocelyn Henderson,FEMALE,2021-06-02,W. Linn
25973,Mariah,Griffin,Mariah Griffin,FEMALE,2021-06-03,Lebanon
25974,Noah,Jai,Noah Jai,MALE,2021-06-20,Glendale
25975,Ebony,Gutierrez,Ebony Gutierrez,FEMALE,2021-06-02,Bremerton
25976,Hunter,Coleman,Hunter Coleman,MALE,2021-06-14,El Cajon
25977,Jenna,Lopez,Jenna Lopez,FEMALE,2021-07-03,Woodland Hills
25978,Morgan,Perez,Morgan Perez,FEMALE,2021-07-15,La Jolla
25979,Miguel,Edwards,Miguel Edwards,MALE,2021-07-11,Beaverton
25980,Julia,Jones,Julia Jones,FEMALE,2021-07-14,Renton
25981,Isaiah,Howard,Isaiah Howard,MALE,2022-03-14,Sooke
25982,Rebecca,Phillips,Rebecca Phillips,FEMALE,2021-07-24,Yakima
25983,Jack,Alexander,Jack Alexander,MALE,2023-08-11,Oregon City
25984,Isabella,Wright,Isabella Wright,FEMALE,2021-07-08,Lemon Grove
25985,Justin,Harris,Justin Harris,MALE,2021-07-11,Novato
25986,Isabel,Bryant,Isabel Bryant,FEMALE,2021-08-07,Sedro Woolley
25987,Hunter,Kumar,Hunter Kumar,MALE,2021-08-10,Bellflower
25988,Victor,Muñoz,Victor Muñoz,MALE,2023-08-22,Beaverton
25989,Jeremy,Price,Jeremy Price,MALE,2022-04-20,Sooke
25990,Jenna,Parker,Jenna Parker,FEMALE,2021-08-16,Portland
25991,Arianna,Hayes,Arianna Hayes,FEMALE,2022-04-06,Langley
25992,Stephanie,Flores,Stephanie Flores,FEMALE,2022-04-18,Victoria
25993,Heidi,Chandra,Heidi Chandra,FEMALE,2021-08-26,Bellingham
25994,Richard,Garcia,Richard Garcia,MALE,2021-08-05,W. Linn
25995,Jack,Phillips,Jack Phillips,MALE,2022-06-26,Royal Oak
25996,Faith,Murphy,Faith Murphy,FEMALE,2021-08-28,West Covina
25997,Katherine,Wright,Katherine Wright,FEMALE,2021-09-08,Mill Valley
25998,Richard,Rivera,Richard Rivera,MALE,2021-09-14,Redmond
25999,Joshua,Thompson,Joshua Thompson,MALE,2022-06-25,Westminster
26000,Connor,Lopez,Connor Lopez,MALE,2023-06-01,Santa Monica
26001,Nicholas,Lee,Nicholas Lee,MALE,2021-09-23,Corvallis
26002,Samuel,Walker,Samuel Walker,MALE,2021-09-28,Salem
26003,Denise,Subram,Denise Subram,FEMALE,2021-09-10,Chula Vista
26004,Arthur,Washington,Arthur Washington,FEMALE,2021-09-11,Oakland
26005,Elizabeth,Clark,Elizabeth Clark,FEMALE,2021-09-14,Portland
26006,Garrett,Peterson,Garrett Peterson,MALE,2023-11-25,Ballard
26007,Jesse,Morgan,Jesse Morgan,MALE,2023-06-07,Novato
26008,Jennifer,Gonzales,Jennifer Gonzales,FEMALE,2024-01-20,Downey
26009,Luis,Foster,Luis Foster,MALE,2023-12-28,Downey
26010,Morgan,Campbell,Morgan Campbell,FEMALE,2023-03-02,Bremerton
26011,Daisuke,Yanagishima,Daisuke Yanagishima,FEMALE,2021-09-05,Burlingame
26012,Mark,Bebbington,Mark Bebbington,MALE,2021-10-08,National City
26013,Victoria,Taylor,Victoria Taylor,FEMALE,2022-07-17,Newton
26014,Olivia,Torres,Olivia Torres,FEMALE,2021-10-14,Palo Alto
26015,Gabriel,Chow,Gabriel Chow,MALE,2021-10-04,La Jolla
26016,Fernando,King,Fernando King,MALE,2021-10-17,Berkeley
26017,Derrick,Alonso,Derrick Alonso,MALE,2023-02-03,Burbank
26018,Zachary,Thompson,Zachary Thompson,MALE,2021-10-23,Lynnwood
26019,Luis,Allen,Luis Allen,MALE,2022-01-03,Warrnambool
26020,Barry,Lopez,Barry Lopez,MALE,2022-01-08,Geelong
26021,Meghan,Gutierrez,Meghan Gutierrez,FEMALE,2022-01-23,Springwood
26022,Jamie,Gao,Jamie Gao,FEMALE,2022-01-27,East Brisbane
26023,Crystal,Huang,Crystal Huang,FEMALE,2022-01-07,Gold Coast
26024,Jill,Gutierrez,Jill Gutierrez,FEMALE,2022-02-08,Malabar
26025,Aimee,Zhang,Aimee Zhang,FEMALE,2022-02-28,Caloundra
26026,Cindy,Srini,Cindy Srini,FEMALE,2023-03-07,Townsville
26027,Michele,Luo,Michele Luo,FEMALE,2022-02-27,Findon
26028,Brandy,Garcia,Brandy Garcia,FEMALE,2022-02-28,Sydney
26029,Roy,Vazquez,Roy Vazquez,MALE,2022-02-23,Bendigo
26030,Rebekah,Subram,Rebekah Subram,FEMALE,2023-06-15,Wollongong
26031,Katrina,Kumar,Katrina Kumar,FEMALE,2024-01-25,Townsville
26032,Leslie,Ruiz,Leslie Ruiz,FEMALE,2023-02-05,Rhodes
26033,Danny,Vazquez,Danny Vazquez,MALE,2022-02-06,East Brisbane
26034,Rosa,Gao,Rosa Gao,FEMALE,2023-08-28,Hervey Bay
26035,Shannon,Vazquez,Shannon Vazquez,MALE,2023-07-19,South Melbourne
26036,Haley,Wright,Haley Wright,FEMALE,2023-11-04,Goulburn
26037,Erik,Dominguez,Erik Dominguez,MALE,2023-02-21,High Wycombe
26038,Nicole,Flores,Nicole Flores,FEMALE,2023-08-29,Werne
26039,Robert,Garcia,Robert Garcia,MALE,2023-11-05,W. Linn
26040,Ana,Butler,Ana Butler,FEMALE,2022-07-15,Langley
26041,Gloria,Torres,Gloria Torres,FEMALE,2021-09-30,Bellingham
26042,Devin,Griffin,Devin Griffin,MALE,2021-10-10,Long Beach
26043,Jodi,Becker,Jodi Becker,FEMALE,2023-10-29,Bremerton
26044,Gavin,Hughes,Gavin Hughes,MALE,2023-04-20,San Gabriel
26045,Samuel,Jenkins,Samuel Jenkins,MALE,2023-09-29,Milwaukie
26046,Kara,Kumar,Kara Kumar,FEMALE,2023-10-04,Bellflower
26047,Ashley,Hall,Ashley Hall,FEMALE,2023-05-20,Issaquah
26048,Brad,Oliver,Brad Oliver,MALE,2023-07-25,Concord
26049,Christopher,White,Christopher White,MALE,2022-07-02,Cliffside
26050,Clarence,Ye,Clarence Ye,MALE,2021-10-02,Bremerton
26051,Joshua,Williams,Joshua Williams,MALE,2023-12-25,Oak Bay
26052,Carolyn,Subram,Carolyn Subram,FEMALE,2023-05-19,Burien
26053,Austin,Anderson,Austin Anderson,MALE,2023-03-19,Edmonds
26054,Dylan,Lee,Dylan Lee,MALE,2023-03-31,Marysville
26055,Ethan,Foster,Ethan Foster,MALE,2021-10-20,Yakima
26056,Karen,Zeng,Karen Zeng,FEMALE,2021-11-04,Bellflower
26057,Barry,Subram,Barry Subram,MALE,2021-11-21,Burbank
26058,Faith,Stewart,Faith Stewart,FEMALE,2021-11-21,Downey
26059,Andrew,Anderson,Andrew Anderson,MALE,2023-05-14,Palo Alto
26060,Kyle,Edwards,Kyle Edwards,MALE,2021-11-20,San Gabriel
26061,Connor,Butler,Connor Butler,MALE,2021-11-10,Woodland Hills
26062,Chad,Raji,Chad Raji,MALE,2023-05-18,Ballard
26063,Wesley,Lu,Wesley Lu,MALE,2023-10-29,Bellingham
26064,Logan,Scott,Logan Scott,MALE,2023-06-28,Spokane
26065,Chloe,Powell,Chloe Powell,FEMALE,2023-10-17,Berkeley
26066,Elizabeth,Martinez,Elizabeth Martinez,FEMALE,2021-11-22,Berkeley
26067,Erin,Morgan,Erin Morgan,FEMALE,2023-11-18,Lemon Grove
26068,Dylan,Patterson,Dylan Patterson,MALE,2023-11-04,Olympia
26069,Jessica,Foster,Jessica Foster,FEMALE,2023-03-05,Langley
26070,Elijah,Patterson,Elijah Patterson,MALE,2021-11-20,Bellflower
26071,Brittany,Henderson,Brittany Henderson,FEMALE,2023-04-22,Concord
26072,Kelli,Zhang,Kelli Zhang,FEMALE,2023-12-08,Beverly Hills
26073,Julia,Adams,Julia Adams,FEMALE,2023-11-27,Shawnee
26074,Isaac,Reed,Isaac Reed,MALE,2023-08-25,Vancouver
26075,Jessica,Walker,Jessica Walker,FEMALE,2021-11-18,Walla Walla
26076,Kelly,Ross,Kelly Ross,FEMALE,2023-06-21,Langford
26077,Isaac,Collins,Isaac Collins,MALE,2023-11-24,Sooke
26078,Alberto,Dominguez,Alberto Dominguez,MALE,2023-02-24,Bellingham
26079,Ryan,Robinson,Ryan Robinson,MALE,2023-07-14,Bellingham
26080,Sydney,Roberts,Sydney Roberts,FEMALE,2023-06-09,Everett
26081,Edward,Green,Edward Green,MALE,2023-03-12,Seattle
26082,Christian,Johnson,Christian Johnson,MALE,2021-11-03,Lemon Grove
26083,Alyssa,Smith,Alyssa Smith,FEMALE,2021-11-27,San Gabriel
26084,Luke,Jenkins,Luke Jenkins,MALE,2021-11-28,Spring Valley
26085,Ian,Powell,Ian Powell,MALE,2023-06-17,Newton
26086,Sean,Cox,Sean Cox,MALE,2023-10-21,Issaquah
26087,Ashley,Price,Ashley Price,FEMALE,2023-10-11,Milwaukie
26088,Ethan,Perry,Ethan Perry,MALE,2023-09-13,Seattle
26089,Terry,Rai,Terry Rai,MALE,2021-11-10,Bellflower
26090,Mathew,Moreno,Mathew Moreno,MALE,2021-11-02,Bellflower
26091,Chloe,Bennett,Chloe Bennett,FEMALE,2021-11-11,Santa Monica
26092,Devin,Morgan,Devin Morgan,MALE,2023-12-15,Bellingham
26093,Nicole,Washington,Nicole Washington,FEMALE,2021-11-21,El Cajon
26094,Sarah,Butler,Sarah Butler,FEMALE,2021-11-02,Oakland
26095,Trinity,Kelly,Trinity Kelly,FEMALE,2023-08-12,Shawnee
26096,Kevin,Wright,Kevin Wright,MALE,2021-12-22,Burbank
26097,Robert,Flores,Robert Flores,MALE,2021-12-21,San Francisco
26098,Daniel,Lee,Daniel Lee,MALE,2021-12-28,West Covina
26099,Christina,Bell,Christina Bell,FEMALE,2023-05-16,Port Hammond
26100,James,Ptaszynski,James Ptaszynski,FEMALE,2024-01-15,Shawnee
26101,Phillip,Smith,Phillip Smith,MALE,2023-07-08,Bellingham
26102,Ana,Wood,Ana Wood,FEMALE,2023-03-31,Beaverton
26103,Jack,Yang,Jack Yang,MALE,2024-01-07,Edmonds
26104,Timothy,Edwards,Timothy Edwards,MALE,2023-08-21,Portland
26105,Morgan,Gonzales,Morgan Gonzales,FEMALE,2023-06-12,Colma
26106,Connor,King,Connor King,MALE,2021-12-19,Los Angeles
26107,Alexis,Thomas,Alexis Thomas,FEMALE,2021-12-04,Newport Beach
26108,Dylan,Thompson,Dylan Thompson,MALE,2024-01-05,San Gabriel
26109,Dalton,Rodriguez,Dalton Rodriguez,MALE,2023-10-22,San Diego
26110,James,Alexander,James Alexander,MALE,2021-12-11,Burien
26111,Sarah,Coleman,Sarah Coleman,FEMALE,2021-12-18,Long Beach
26112,Luke,Perry,Luke Perry,MALE,2021-12-08,Walla Walla
26113,Caitlin,Rivera,Caitlin Rivera,FEMALE,2022-08-04,Oak Bay
26114,Isaac,Peterson,Isaac Peterson,MALE,2021-12-12,Berkeley
26115,Savannah,Mitchell,Savannah Mitchell,FEMALE,2022-08-29,Cliffside
26116,Ashley,Martin,Ashley Martin,FEMALE,2021-12-17,Ballard
26117,Samuel,Wright,Samuel Wright,MALE,2023-05-23,Chula Vista
26118,Ashley,Butler,Ashley Butler,FEMALE,2023-06-18,Oakland
26119,Danielle,Gray,Danielle Gray,FEMALE,2023-12-15,Beverly Hills
26120,Miguel,Lewis,Miguel Lewis,MALE,2022-01-24,Chula Vista
26121,Madeline,Nelson,Madeline Nelson,FEMALE,2022-01-14,Novato
26122,Lauren,Gonzales,Lauren Gonzales,FEMALE,2023-12-19,Los Angeles
26123,Isabella,Scott,Isabella Scott,FEMALE,2023-02-10,National City
26124,Riley,James,Riley James,FEMALE,2023-06-11,Concord
26125,Sara,Roberts,Sara Roberts,FEMALE,2023-06-03,Spokane
26126,Alexandra,Bell,Alexandra Bell,FEMALE,2023-12-11,Los Angeles
26127,Terry,Chander,Terry Chander,MALE,2022-01-06,Bellevue
26128,Samuel,Phillips,Samuel Phillips,MALE,2023-07-07,Oakland
26129,Jodi,Anand,Jodi Anand,FEMALE,2023-12-16,Coffs Harbour
26130,Ronnie,Liu,Ronnie Liu,MALE,2023-03-23,Hobart
26131,Lawrence,Suarez,Lawrence Suarez,MALE,2022-02-06,Sunbury
26132,Shelby,Ward,Shelby Ward,FEMALE,2023-01-31,Cranbourne
26133,Jesse,Hall,Jesse Hall,MALE,2022-02-08,Melton
26134,Bridget,Goel,Bridget Goel,FEMALE,2022-02-01,Hawthorne
26135,Erica,Sun,Erica Sun,FEMALE,2022-03-19,Malabar
26136,Tabitha,Gonzalez,Tabitha Gonzalez,FEMALE,2023-08-10,Matraville
26137,Joshua,Clark,Joshua Clark,MALE,2023-09-06,Rockhampton
26138,Latoya,Chander,Latoya Chander,FEMALE,2022-03-29,Newcastle
26139,Derek,Nara,Derek Nara,MALE,2023-03-02,Matraville
26140,Emily,Long,Emily Long,FEMALE,2022-03-22,Coffs Harbour
26141,Jorge,Zhu,Jorge Zhu,MALE,2023-02-07,Townsville
26142,Micheal,Dominguez,Micheal Dominguez,MALE,2022-03-25,Geelong
26143,Michele,Mehta,Michele Mehta,FEMALE,2023-07-04,Lavender Bay
26144,Cassidy,Russell,Cassidy Russell,FEMALE,2023-05-05,Sunbury
26145,Calvin,Shen,Calvin Shen,MALE,2023-07-07,Brisbane
26146,Laura,Wang,Laura Wang,FEMALE,2023-12-12,Hervey Bay
26147,Ivan,Subram,Ivan Subram,MALE,2023-12-22,Perth
26148,Michael,Thompson,Michael Thompson,MALE,2022-03-11,Warrnambool
26149,Casey,Chande,Casey Chande,FEMALE,2023-10-04,Gold Coast
26150,Nancy,Rana,Nancy Rana,FEMALE,2022-03-24,North Sydney
26151,Austin,Lee,Austin Lee,MALE,2023-06-25,Rockhampton
26152,Jaime,Gill,Jaime Gill,FEMALE,2022-03-01,North Ryde
26153,Rebecca,Collins,Rebecca Collins,FEMALE,2022-03-09,Caloundra
26154,Cory,Madan,Cory Madan,MALE,2022-03-19,East Brisbane
26155,Chad,Xie,Chad Xie,MALE,2023-09-25,Lane Cove
26156,Shannon,Cai,Shannon Cai,FEMALE,2023-08-17,Port Macquarie
26157,Brad,Xu,Brad Xu,MALE,2023-09-27,South Melbourne
26158,Lisa,Wu,Lisa Wu,FEMALE,2023-05-02,Melton
26159,Virginia,Raman,Virginia Raman,FEMALE,2023-09-14,Sydney
26160,Leonard,Lal,Leonard Lal,MALE,2022-04-11,Townsville
26161,Wayne,Raji,Wayne Raji,MALE,2022-04-10,Cranbourne
26162,Toni,Malhotra,Toni Malhotra,FEMALE,2022-04-05,Darlinghurst
26163,Autumn,Cai,Autumn Cai,FEMALE,2023-03-24,North Sydney
26164,Krista,Vazquez,Krista Vazquez,FEMALE,2023-07-05,Townsville
26165,Alexandra,Flores,Alexandra Flores,FEMALE,2022-03-30,Rockhampton
26166,Brett,Van,Brett Van,MALE,2023-12-24,Seaford
26167,Jaclyn,Zhao,Jaclyn Zhao,FEMALE,2022-04-27,St. Leonards
26168,Ian,Campbell,Ian Campbell,MALE,2023-11-18,Edmonds
26169,Alexandra,White,Alexandra White,FEMALE,2023-11-19,San Carlos
26170,Jeremiah,Jenkins,Jeremiah Jenkins,MALE,2024-01-05,San Gabriel
26171,Randall,Ruiz,Randall Ruiz,MALE,2023-06-05,Concord
26172,Madeline,Hernandez,Madeline Hernandez,FEMALE,2024-01-24,Beverly Hills
26173,Ariana,Rivera,Ariana Rivera,FEMALE,2023-04-30,Westminster
26174,Isaac,Adams,Isaac Adams,MALE,2022-01-08,Salem
26175,Jose,Hughes,Jose Hughes,MALE,2023-03-17,Lake Oswego
26176,Jason,Hayes,Jason Hayes,MALE,2023-10-02,Royal Oak
26177,Nicole,Simmons,Nicole Simmons,FEMALE,2023-09-07,Vancouver
26178,Paige,Price,Paige Price,FEMALE,2023-10-12,Woodburn
26179,Ruth,Rodriguez,Ruth Rodriguez,FEMALE,2023-03-26,Goulburn
26180,Jonathan,Butler,Jonathan Butler,MALE,2023-09-14,Newton
26181,Lucas,Ross,Lucas Ross,MALE,2023-04-11,Everett
26182,Brittney,Liang,Brittney Liang,FEMALE,2023-10-31,Cloverdale
26183,Allen,Arthur,Allen Arthur,MALE,2022-01-24,Bellflower
26184,Louis,Lal,Louis Lal,MALE,2023-04-07,Bremerton
26185,Kaylee,Green,Kaylee Green,FEMALE,2023-06-02,Oak Bay
26186,Joanna,Gill,Joanna Gill,FEMALE,2023-11-20,Goulburn
26187,Hector,Gill,Hector Gill,MALE,2022-04-10,Hervey Bay
26188,Geoffrey,Sara,Geoffrey Sara,MALE,2022-04-24,Rockhampton
26189,Pedro,Serrano,Pedro Serrano,MALE,2022-04-29,Seaford
26190,Arthur,Suri,Arthur Suri,MALE,2022-04-17,Malabar
26191,Jon,Wang,Jon Wang,MALE,2022-04-28,Goulburn
26192,Noah,Hill,Noah Hill,MALE,2022-04-26,Hervey Bay
26193,Luis,Edwards,Luis Edwards,MALE,2024-01-02,Beverly Hills
26194,Miguel,Brown,Miguel Brown,MALE,2023-12-06,Downey
26195,Alyssa,Rivera,Alyssa Rivera,FEMALE,2023-02-02,National City
26196,Gavin,Griffin,Gavin Griffin,MALE,2023-08-22,Imperial Beach
26197,Marcus,Lopez,Marcus Lopez,MALE,2024-01-10,Burien
26198,Alyssa,Taylor,Alyssa Taylor,FEMALE,2023-09-02,Lincoln Acres
26199,Matthew,White,Matthew White,MALE,2023-01-31,Woodland Hills
26200,Ian,Baker,Ian Baker,MALE,2022-09-26,Metchosin
26201,Dalton,Watson,Dalton Watson,MALE,2022-01-10,Santa Monica
26202,Haley,Simmons,Haley Simmons,FEMALE,2022-09-06,N. Vancouver
26203,Nicole,Hall,Nicole Hall,FEMALE,2023-10-21,Imperial Beach
26204,Christy,Gao,Christy Gao,FEMALE,2022-04-10,Port Macquarie
26205,Julio,Alvarez,Julio Alvarez,MALE,2023-11-29,Lancaster
26206,Kurt,She,Kurt She,MALE,2023-12-23,London
26207,Kelvin,Zeng,Kelvin Zeng,MALE,2023-12-23,Oxford
26208,Sharon,Anand,Sharon Anand,FEMALE,2023-06-25,Watford
26209,Jan,Cox,Jan Cox,FEMALE,2023-09-09,Solingen
26210,Clinton,Gill,Clinton Gill,MALE,2023-04-02,Berks
26211,Bridget,Yuan,Bridget Yuan,FEMALE,2023-04-10,London
26212,Summer,Martinez,Summer Martinez,FEMALE,2023-10-05,Kassel
26213,Grant,Andersen,Grant Andersen,MALE,2023-11-13,Boulogne-Billancourt
26214,Christy,Chande,Christy Chande,FEMALE,2023-05-28,Gateshead
26215,Grant,Shan,Grant Shan,MALE,2023-12-26,Milton Keynes
26216,Ebony,Subram,Ebony Subram,FEMALE,2023-07-15,London
26217,Pedro,Blanco,Pedro Blanco,MALE,2023-11-25,W. York
26218,Barry,Patel,Barry Patel,MALE,2023-04-12,Billericay
26219,Summer,Suri,Summer Suri,FEMALE,2023-05-17,Bury
26220,Jonathan,Harris,Jonathan Harris,MALE,2023-05-21,Bury
26221,Kari,Chapman,Kari Chapman,FEMALE,2023-09-08,Erlangen
26222,Carolyn,Madan,Carolyn Madan,FEMALE,2023-03-30,London
26223,Dominic,Sai,Dominic Sai,MALE,2023-09-25,Offenbach
26224,Henry,Gonzalez,Henry Gonzalez,MALE,2023-03-04,Cergy
26225,Sergio,Srini,Sergio Srini,MALE,2023-03-02,Chatou
26226,Michele,Andersen,Michele Andersen,FEMALE,2023-07-09,München
26227,Joe,Gutierrez,Joe Gutierrez,MALE,2023-10-28,Offenbach
26228,Carolyn,Perez,Carolyn Perez,FEMALE,2023-10-14,Poing
26229,Cara,Ye,Cara Ye,FEMALE,2023-10-26,Hamburg
26230,Natasha,Ramos,Natasha Ramos,FEMALE,2023-10-09,Braunschweig
26231,Maurice,Nara,Maurice Nara,MALE,2023-11-15,Colomiers
26232,Jay,Gomez,Jay Gomez,MALE,2023-04-23,Bury
26233,Cristina,Chande,Cristina Chande,FEMALE,2023-02-04,Bonn
26234,Antonio,Perry,Antonio Perry,MALE,2022-01-11,Berkeley
26235,Michelle,Watson,Michelle Watson,FEMALE,2022-10-10,Shawnee
26236,Isabella,Evans,Isabella Evans,FEMALE,2024-01-16,Burien
26237,Grace,Martin,Grace Martin,FEMALE,2023-02-22,Concord
26238,Julia,Foster,Julia Foster,FEMALE,2022-01-08,National City
26239,Kaitlyn,Turner,Kaitlyn Turner,FEMALE,2023-11-09,Milwaukie
26240,Katelyn,Evans,Katelyn Evans,FEMALE,2023-04-27,Port Orchard
26241,James,Lal,James Lal,MALE,2022-01-22,Palo Alto
26242,Isabella,Lewis,Isabella Lewis,FEMALE,2023-04-21,Shawnee
26243,Fernando,Gonzalez,Fernando Gonzalez,MALE,2023-12-07,Lake Oswego
26244,Jordan,Hughes,Jordan Hughes,MALE,2023-08-29,Spokane
26245,Devin,Murphy,Devin Murphy,MALE,2022-01-27,Beverly Hills
26246,Jade,Bell,Jade Bell,FEMALE,2023-10-04,Burlingame
26247,Sophia,Turner,Sophia Turner,FEMALE,2022-01-11,Chula Vista
26248,Thomas,Lewis,Thomas Lewis,MALE,2023-07-06,Lake Oswego
26249,Thomas,Ross,Thomas Ross,MALE,2022-01-09,Spokane
26250,Miguel,Simmons,Miguel Simmons,MALE,2023-02-14,Woodburn
26251,Cedric,Huang,Cedric Huang,MALE,2023-12-12,Beverly Hills
26252,Morgan,Garcia,Morgan Garcia,FEMALE,2022-01-06,Lincoln Acres
26253,Dalton,Wright,Dalton Wright,MALE,2023-06-11,Salem
26254,Seth,Henderson,Seth Henderson,MALE,2023-07-14,Beaverton
26255,Cameron,Alexander,Cameron Alexander,MALE,2023-10-05,Lebanon
26256,Ronald,Rana,Ronald Rana,MALE,2023-10-09,Ballard
26257,Hector,Jimenez,Hector Jimenez,MALE,2023-09-03,Burlingame
26258,Angelica,Powell,Angelica Powell,FEMALE,2023-10-06,Portland
26259,Hunter,Bryant,Hunter Bryant,MALE,2023-04-01,Redmond
26260,Ryan,Jackson,Ryan Jackson,MALE,2023-05-20,Spokane
26261,Brooke,Watson,Brooke Watson,FEMALE,2023-04-20,Woodburn
26262,Hannah,Thompson,Hannah Thompson,FEMALE,2023-06-17,Lynnwood
26263,Kaitlyn,Collins,Kaitlyn Collins,FEMALE,2023-03-16,Portland
26264,Elijah,Lal,Elijah Lal,MALE,2023-03-21,West Covina
26265,Tammy,Lopez,Tammy Lopez,FEMALE,2023-11-01,Beaverton
26266,Brent,Gao,Brent Gao,MALE,2023-05-23,Bellingham
26267,Matthew,Martin,Matthew Martin,MALE,2023-10-20,Long Beach
26268,Jonathon,Romero,Jonathon Romero,MALE,2023-05-04,Berkeley
26269,Chloe,Moore,Chloe Moore,FEMALE,2023-08-23,Langford
26270,Hailey,Bailey,Hailey Bailey,FEMALE,2023-07-25,Shawnee
26271,Bailey,Baker,Bailey Baker,FEMALE,2023-07-22,San Diego
26272,Kelly,Hughes,Kelly Hughes,FEMALE,2023-02-06,Yakima
26273,Chelsea,Suri,Chelsea Suri,FEMALE,2023-06-30,Burien
26274,Jennifer,Wood,Jennifer Wood,FEMALE,2023-05-24,Tacoma
26275,Miguel,Johnson,Miguel Johnson,MALE,2023-07-10,Yakima
26276,Heather,Huang,Heather Huang,FEMALE,2022-01-27,Beaverton
26277,Jacqueline,Hughes,Jacqueline Hughes,FEMALE,2022-02-13,Kirkland
26278,Jon,Wu,Jon Wu,MALE,2023-02-03,Ballard
26279,Trinity,Sanchez,Trinity Sanchez,FEMALE,2022-11-24,N. Vancouver
26280,Jackson,Jenkins,Jackson Jenkins,MALE,2022-02-09,Coronado
26281,Ian,Alexander,Ian Alexander,MALE,2022-02-10,West Covina
26282,Leonard,Jai,Leonard Jai,MALE,2023-12-19,Burien
26283,Jeremiah,Diaz,Jeremiah Diaz,MALE,2022-02-01,Woodland Hills
26284,Garrett,Ward,Garrett Ward,MALE,2023-10-05,Everett
26285,Kayla,Hayes,Kayla Hayes,FEMALE,2022-02-13,Issaquah
26286,Evan,Phillips,Evan Phillips,MALE,2022-02-12,Santa Monica
26287,Elijah,Baker,Elijah Baker,MALE,2023-05-16,Lebanon
26288,Alexandra,Russell,Alexandra Russell,FEMALE,2024-01-13,Burbank
26289,Samuel,Simmons,Samuel Simmons,MALE,2023-06-25,Burlingame
26290,Noah,Chen,Noah Chen,MALE,2022-02-06,West Covina
26291,Blake,Walker,Blake Walker,MALE,2023-03-11,Long Beach
26292,Marty,Simpson,Marty Simpson,FEMALE,2022-02-23,Bellingham
26293,Casey,Carlson,Casey Carlson,MALE,2022-01-29,Bremerton
26294,Andrew,Johnson,Andrew Johnson,MALE,2022-10-31,Langford
26295,Toni,Kapoor,Toni Kapoor,FEMALE,2022-02-16,Bremerton
26296,Grace,Simmons,Grace Simmons,FEMALE,2022-02-05,Issaquah
26297,Jeremiah,Lopez,Jeremiah Lopez,MALE,2022-02-22,Lebanon
26298,Jasmine,Peterson,Jasmine Peterson,FEMALE,2022-02-11,Marysville
26299,Y.,Yong,Y. Yong,MALE,2022-02-15,Tacoma
26300,Audrey,Ortega,Audrey Ortega,FEMALE,2022-02-09,Bellflower
26301,Isaiah,Hall,Isaiah Hall,MALE,2022-02-14,Lakewood
26302,James,Jackson,James Jackson,MALE,2022-01-30,Daly City
26303,Devon,Pal,Devon Pal,MALE,2022-02-24,Bellflower
26304,Anna,Lewis,Anna Lewis,FEMALE,2022-02-28,Bellingham
26305,Julia,Rogers,Julia Rogers,FEMALE,2022-02-19,Lebanon
26306,Kyle,Holt,Kyle Holt,MALE,2022-03-20,Fremont
26307,Alexander,Miller,Alexander Miller,MALE,2022-03-08,Colma
26308,Sara,Kelly,Sara Kelly,FEMALE,2022-03-09,Walla Walla
26309,Julian,Powell,Julian Powell,MALE,2022-03-09,Downey
26310,Kaitlyn,Garcia,Kaitlyn Garcia,FEMALE,2022-10-29,N. Vancouver
26311,Brenda,Rodriguez,Brenda Rodriguez,FEMALE,2022-03-25,Bellingham
26312,Elizabeth,Wood,Elizabeth Wood,FEMALE,2022-03-19,Port Orchard
26313,Dalton,Simmons,Dalton Simmons,MALE,2022-03-19,Lemon Grove
26314,Angel,Murphy,Angel Murphy,MALE,2023-05-15,Santa Monica
26315,Taylor,Peterson,Taylor Peterson,FEMALE,2022-03-17,San Gabriel
26316,Stephanie,Hughes,Stephanie Hughes,FEMALE,2022-02-16,Oak Bay
26317,Amanda,Wright,Amanda Wright,FEMALE,2022-03-27,Redmond
26318,Caleb,Parker,Caleb Parker,MALE,2023-08-16,Royal Oak
26319,Dylan,Martinez,Dylan Martinez,MALE,2022-03-26,Santa Cruz
26320,Brianna,Diaz,Brianna Diaz,FEMALE,2022-02-28,Los Angeles
26321,Randall,Blanco,Randall Blanco,MALE,2022-04-18,Burnaby
26322,Justin,Zhang,Justin Zhang,MALE,2022-03-22,Issaquah
26323,Dwayne,Ruiz,Dwayne Ruiz,MALE,2023-11-16,Beaverton
26324,Faith,Brooks,Faith Brooks,FEMALE,2022-03-08,Redmond
26325,Tyler,Robinson,Tyler Robinson,MALE,2022-03-25,Spokane
26326,Trevor,Washington,Trevor Washington,MALE,2022-03-12,Chula Vista
26327,Jack,Jai,Jack Jai,MALE,2022-03-20,Downey
26328,Edward,Anderson,Edward Anderson,MALE,2022-04-15,Redwood City
26329,Angelica,Bryant,Angelica Bryant,FEMALE,2022-04-04,Fremont
26330,Marcus,Diaz,Marcus Diaz,MALE,2022-04-03,Bremerton
26331,Melanie,Powell,Melanie Powell,FEMALE,2022-04-16,Bremerton
26332,Aaron,Mitchell,Aaron Mitchell,MALE,2023-08-16,Lebanon
26333,Alexandria,Alexander,Alexandria Alexander,FEMALE,2023-05-06,Portland
26334,Ross,Blanco,Ross Blanco,MALE,2023-09-28,Bellflower
26335,April,Pal,April Pal,FEMALE,2023-04-12,Burbank
26336,Noah,Brown,Noah Brown,MALE,2024-01-17,Downey
26337,Jennifer,Gonzalez,Jennifer Gonzalez,FEMALE,2023-04-25,Bremerton
26338,Anna,Coleman,Anna Coleman,FEMALE,2022-04-11,Oakland
26339,Cindy,James,Cindy James,FEMALE,2022-04-17,Walla Walla
26340,Melissa,Morris,Melissa Morris,FEMALE,2023-02-22,Olympia
26341,Olivia,Taylor,Olivia Taylor,FEMALE,2023-06-13,Port Orchard
26342,Eduardo,Griffin,Eduardo Griffin,MALE,2022-04-16,National City
26343,Mariah,Washington,Mariah Washington,FEMALE,2022-04-04,Spokane
26344,Natalie,Hughes,Natalie Hughes,FEMALE,2022-04-20,Los Angeles
26345,Connor,Baker,Connor Baker,MALE,2023-08-08,Newport Beach
26346,Emmanuel,Suri,Emmanuel Suri,MALE,2023-06-23,Beverly Hills
26347,Alvin,Raji,Alvin Raji,MALE,2023-10-22,Bremerton
26348,Logan,Moore,Logan Moore,MALE,2023-02-08,Metchosin
26349,Adam,Lopez,Adam Lopez,MALE,2023-04-02,Spokane
26350,Gabrielle,King,Gabrielle King,FEMALE,2023-05-27,N. Vancouver
26351,Emma,Moore,Emma Moore,FEMALE,2022-04-23,Oakland
26352,Cynthia,Fernandez,Cynthia Fernandez,FEMALE,2023-10-01,Eilenburg
26353,Holly,Malhotra,Holly Malhotra,FEMALE,2023-11-04,Frankfurt
26354,Nelson,Serrano,Nelson Serrano,MALE,2023-11-24,München
26355,Darren,Madan,Darren Madan,MALE,2023-12-04,Les Ulis
26356,Timothy,Howard,Timothy Howard,MALE,2023-05-23,York
26357,Sergio,Gonzalez,Sergio Gonzalez,MALE,2023-04-28,Paris
26358,Mason,Gonzalez,Mason Gonzalez,MALE,2023-05-15,Paderborn
26359,George,Raman,George Raman,MALE,2023-05-20,Runcorn
26360,Max,Blanco,Max Blanco,MALE,2023-05-20,Berkshire
26361,Ebony,Suarez,Ebony Suarez,FEMALE,2024-01-27,London
26362,Joy,Torres,Joy Torres,FEMALE,2023-10-16,Neunkirchen
26363,Larry,Jimenez,Larry Jimenez,MALE,2023-11-18,Eilenburg
26364,Gabriella,Hill,Gabriella Hill,FEMALE,2023-08-09,Peterborough
26365,Phillip,Fernandez,Phillip Fernandez,MALE,2023-02-28,Orleans
26366,Johnathan,Schmidt,Johnathan Schmidt,MALE,2023-11-05,Berlin
26367,Omar,Shan,Omar Shan,MALE,2023-06-23,Paris
26368,Bharat,Mirchandani,Bharat Mirchandani,MALE,2023-10-09,Bobigny
26369,Kate,Nath,Kate Nath,FEMALE,2024-01-26,Sèvres
26370,Maria,Bryant,Maria Bryant,FEMALE,2023-08-23,Bottrop
26371,Cassandra,Garcia,Cassandra Garcia,FEMALE,2024-01-24,Saint-Denis
26372,Marie,Browning,Marie Browning,FEMALE,2023-05-13,W. York
26373,Mariah,Reed,Mariah Reed,FEMALE,2022-04-20,Oak Bay
26374,Bradley,Pal,Bradley Pal,MALE,2024-01-20,Melton
26375,Shannon,Ortega,Shannon Ortega,MALE,2022-04-04,Bendigo
26376,Anthony,Martinez,Anthony Martinez,MALE,2023-10-18,National City
26377,Isabelle,Foster,Isabelle Foster,FEMALE,2023-12-01,Cliffside
26378,Colin,Raje,Colin Raje,MALE,2023-10-21,Paderborn
26379,Cindy,Rodriguez,Cindy Rodriguez,FEMALE,2023-07-17,Leeds
26380,Ricardo,Luo,Ricardo Luo,MALE,2023-07-29,Cergy
26381,Shannon,Romero,Shannon Romero,MALE,2023-01-20,Frankfurt
26382,Dale,Xu,Dale Xu,MALE,2023-01-26,Frankfurt am Main
26383,Ronnie,Hu,Ronnie Hu,MALE,2023-08-04,Paris
26384,Jon,Zhu,Jon Zhu,MALE,2023-09-15,Paris
26385,Javier,Muñoz,Javier Muñoz,MALE,2023-11-25,Eilenburg
26386,Kelli,Zhao,Kelli Zhao,FEMALE,2023-08-23,Newcastle upon Tyne
26387,Dalton,Roberts,Dalton Roberts,MALE,2023-11-18,Watford
26388,Wayne,Jai,Wayne Jai,MALE,2023-12-08,Cergy
26389,Candice,Zhou,Candice Zhou,FEMALE,2023-04-27,Paris
26390,Ivan,Mehta,Ivan Mehta,MALE,2023-08-04,London
26391,Dominique,Arun,Dominique Arun,FEMALE,2023-05-27,Les Ulis
26392,Kelli,Rai,Kelli Rai,FEMALE,2023-04-09,München
26393,Donald,Raman,Donald Raman,MALE,2023-06-13,Paderborn
26394,Martha,Sun,Martha Sun,FEMALE,2023-10-07,Paris La Defense
26395,Daisy,Gill,Daisy Gill,FEMALE,2023-02-11,Poing
26396,Terry,Black,Terry Black,MALE,2024-01-16,Stuttgart
26397,Micheal,Travers,Micheal Travers,MALE,2023-11-08,Oxford
26398,Ian,Watson,Ian Watson,MALE,2023-08-30,York
26399,Erick,Gonzalez,Erick Gonzalez,MALE,2023-02-27,Saarlouis
26400,Jade,James,Jade James,FEMALE,2023-03-07,Esher-Molesey
26401,Natalie,Butler,Natalie Butler,FEMALE,2023-02-12,Esher-Molesey
26402,Jamie,Wagner,Jamie Wagner,FEMALE,2023-06-17,Dunkerque
26403,Philip,Navarro,Philip Navarro,MALE,2023-09-06,Leipzig
26404,Trisha,Wu,Trisha Wu,FEMALE,2023-12-22,W. York
26405,Naomi,Blanco,Naomi Blanco,FEMALE,2023-09-12,Paris
26406,Haley,Lopez,Haley Lopez,FEMALE,2023-12-17,Roubaix
26407,Ashley,Davis,Ashley Davis,FEMALE,2023-03-02,Bury
26408,Martha,Huang,Martha Huang,FEMALE,2023-08-28,London
26409,Christy,Goel,Christy Goel,FEMALE,2023-03-14,Maidenhead
26410,Franklin,Goel,Franklin Goel,MALE,2023-07-11,Saint Germain en Laye
26411,Mario,Xu,Mario Xu,MALE,2023-03-01,Birmingham
26412,Kate,Chande,Kate Chande,FEMALE,2023-10-22,Les Ulis
26413,Rebekah,Romero,Rebekah Romero,FEMALE,2023-10-22,Saint Ouen
26414,George,Patel,George Patel,MALE,2023-02-06,München
26415,Latoya,Lal,Latoya Lal,FEMALE,2024-01-19,Hamburg
26416,Amy,Zhao,Amy Zhao,FEMALE,2023-07-09,London
26417,Dustin,Rai,Dustin Rai,MALE,2023-06-03,Oxford
26418,Rafael,Chande,Rafael Chande,MALE,2023-07-07,Paris
26419,Geoffrey,Suri,Geoffrey Suri,MALE,2023-06-24,Berlin
26420,Bob,Kapoor,Bob Kapoor,MALE,2023-02-07,Stuttgart
26421,Allison,Peterson,Allison Peterson,FEMALE,2023-10-23,Caloundra
26422,Pedro,Suri,Pedro Suri,MALE,2022-05-17,Warrnambool
26423,Hector,Gutierrez,Hector Gutierrez,MALE,2022-05-23,Cranbourne
26424,Kayla,White,Kayla White,FEMALE,2023-03-03,Cranbourne
26425,Janelle,Malhotra,Janelle Malhotra,FEMALE,2023-08-30,Lane Cove
26426,Heidi,Malhotra,Heidi Malhotra,FEMALE,2023-12-05,Cloverdale
26427,Alicia,Xie,Alicia Xie,FEMALE,2023-11-20,Seaford
26428,Colin,Ma,Colin Ma,MALE,2023-09-16,Cranbourne
26429,Reginald,Ortega,Reginald Ortega,MALE,2022-05-28,Cloverdale
26430,Paula,Sanz,Paula Sanz,FEMALE,2023-09-22,Perth
26431,Shaun,Rai,Shaun Rai,MALE,2023-12-15,Lane Cove
26432,Isabel,Simmons,Isabel Simmons,FEMALE,2023-04-26,Hervey Bay
26433,Nelson,Rubio,Nelson Rubio,MALE,2022-05-10,Silverwater
26434,Mallory,Romero,Mallory Romero,FEMALE,2023-06-21,Sydney
26435,Yolanda,Goel,Yolanda Goel,FEMALE,2022-05-26,Bendigo
26436,Briana,Carlson,Briana Carlson,FEMALE,2022-05-05,Bendigo
26437,Tiffany,Zhu,Tiffany Zhu,FEMALE,2022-05-26,Rockhampton
26438,Alisha,Shen,Alisha Shen,FEMALE,2022-05-11,Malabar
26439,Isaac,Morris,Isaac Morris,MALE,2022-05-04,Caloundra
26440,Devin,Green,Devin Green,MALE,2022-05-17,Melbourne
26441,Randy,Lu,Randy Lu,MALE,2023-12-22,Rockhampton
26442,Barbara,Huang,Barbara Huang,FEMALE,2022-05-04,Matraville
26443,Kathryn,She,Kathryn She,FEMALE,2022-05-16,Townsville
26444,Pamela,Lopez,Pamela Lopez,FEMALE,2022-05-22,North Ryde
26445,Aidan,Foster,Aidan Foster,MALE,2022-05-19,Caloundra
26446,Jamie,Muñoz,Jamie Muñoz,MALE,2024-01-24,Milsons Point
26447,Noah,Russell,Noah Russell,MALE,2022-06-05,Rockhampton
26448,Kara,Yuan,Kara Yuan,FEMALE,2023-08-26,Bremerton
26449,Jared,Gray,Jared Gray,MALE,2023-03-27,Port Hammond
26450,Lauren,Ramirez,Lauren Ramirez,FEMALE,2023-10-15,Salem
26451,Mariah,Perry,Mariah Perry,FEMALE,2023-07-15,Spokane
26452,James,Martinez,James Martinez,MALE,2023-04-11,West Covina
26453,Cole,Peterson,Cole Peterson,MALE,2023-10-08,Oregon City
26454,Sebastian,Cox,Sebastian Cox,MALE,2023-07-27,Redmond
26455,Samuel,Carter,Samuel Carter,MALE,2023-05-28,Kirkland
26456,Xavier,Peterson,Xavier Peterson,MALE,2023-11-20,Port Hammond
26457,Sydney,Moore,Sydney Moore,FEMALE,2023-03-11,Woodburn
26458,Ryan,Moore,Ryan Moore,MALE,2023-06-07,Daly City
26459,Angelica,Hayes,Angelica Hayes,FEMALE,2023-08-26,Port Orchard
26460,Gabriella,Cook,Gabriella Cook,FEMALE,2024-01-16,W. Linn
26461,Brooke,Howard,Brooke Howard,FEMALE,2023-12-31,Oak Bay
26462,Lauren,Kelly,Lauren Kelly,FEMALE,2023-09-15,Bellingham
26463,Alexa,Rogers,Alexa Rogers,FEMALE,2023-09-26,Bellingham
26464,Alexandria,Griffin,Alexandria Griffin,FEMALE,2023-10-28,Olympia
26465,Andrea,Evans,Andrea Evans,FEMALE,2023-03-14,Lincoln Acres
26466,Kevin,Turner,Kevin Turner,MALE,2023-06-03,Beaverton
26467,Nicole,Brooks,Nicole Brooks,FEMALE,2023-12-01,Mill Valley
26468,Alyssa,Brown,Alyssa Brown,FEMALE,2023-02-08,Newport Beach
26469,Joy,Alvarez,Joy Alvarez,FEMALE,2023-03-05,Berkeley
26470,Marcus,Cooper,Marcus Cooper,MALE,2023-03-15,Mill Valley
26471,Edward,Perez,Edward Perez,MALE,2023-08-28,San Carlos
26472,David,Hughes,David Hughes,MALE,2023-03-20,Spring Valley
26473,Anna,Wood,Anna Wood,FEMALE,2023-08-05,Salem
26474,Mackenzie,Morris,Mackenzie Morris,FEMALE,2023-07-25,Port Hammond
26475,Isabella,Gonzalez,Isabella Gonzalez,FEMALE,2023-06-17,Newport Beach
26476,Jordan,Jai,Jordan Jai,MALE,2023-08-07,Downey
26477,Joel,Rana,Joel Rana,MALE,2023-10-08,Burlingame
26478,Sara,Collins,Sara Collins,FEMALE,2023-07-17,Daly City
26479,Katherine,Cook,Katherine Cook,FEMALE,2023-10-07,Colma
26480,Jacqueline,Patterson,Jacqueline Patterson,FEMALE,2023-02-13,Novato
26481,Luke,Young,Luke Young,MALE,2022-04-19,La Jolla
26482,Sydney,Hill,Sydney Hill,FEMALE,2022-05-20,Royal Oak
26483,Taylor,Ward,Taylor Ward,FEMALE,2023-07-22,Downey
26484,Fernando,Patterson,Fernando Patterson,MALE,2022-04-28,Bellflower
26485,Jason,Bryant,Jason Bryant,MALE,2022-04-01,Renton
26486,Andrea,Cook,Andrea Cook,FEMALE,2022-04-24,Los Angeles
26487,Vincent,Ma,Vincent Ma,MALE,2022-04-16,Beaverton
26488,Julia,Rodriguez,Julia Rodriguez,FEMALE,2023-02-23,Cliffside
26489,Jordan,Collins,Jordan Collins,MALE,2023-02-02,Beverly Hills
26490,Antonio,Simmons,Antonio Simmons,MALE,2022-04-14,Woodland Hills
26491,Riley,Sanchez,Riley Sanchez,FEMALE,2022-05-09,Bellingham
26492,Ryan,Rodriguez,Ryan Rodriguez,MALE,2023-04-23,Colma
26493,Lawrence,Ramos,Lawrence Ramos,MALE,2023-02-17,Bellingham
26494,Nicholas,White,Nicholas White,MALE,2023-10-05,Coronado
26495,Allison,Baker,Allison Baker,FEMALE,2023-09-15,Cliffside
26496,Cassidy,Griffin,Cassidy Griffin,FEMALE,2022-05-26,Westminster
26497,Karen,Sanchez,Karen Sanchez,FEMALE,2023-09-30,Issaquah
26498,Ethan,Hayes,Ethan Hayes,MALE,2023-06-18,Renton
26499,Renee,Ruiz,Renee Ruiz,FEMALE,2022-05-17,Bellflower
26500,Billy,Ruiz,Billy Ruiz,MALE,2023-09-07,Beverly Hills
26501,Allison,Parker,Allison Parker,FEMALE,2023-10-04,Colma
26502,Taylor,Brown,Taylor Brown,FEMALE,2023-09-04,Concord
26503,Jeremiah,Townsend,Jeremiah Townsend,MALE,2022-06-03,Newton
26504,Jennifer,Robinson,Jennifer Robinson,FEMALE,2022-06-14,Royal Oak
26505,Jennifer,Wright,Jennifer Wright,FEMALE,2023-02-04,Royal Oak
26506,Ruth,Srini,Ruth Srini,FEMALE,2023-02-23,Ballard
26507,Abhijit,Thakur,Abhijit Thakur,FEMALE,2023-06-02,Burien
26508,Marcus,Ross,Marcus Ross,MALE,2023-05-10,Issaquah
26509,Seth,Taylor,Seth Taylor,MALE,2022-05-19,Tacoma
26510,Jack,Scott,Jack Scott,MALE,2022-05-23,Lemon Grove
26511,Charles,Weisman,Charles Weisman,MALE,2022-05-21,Woodland Hills
26512,Christina,Cooper,Christina Cooper,FEMALE,2022-06-06,Langley
26513,Stacy,Moreno,Stacy Moreno,FEMALE,2022-05-02,Bellingham
26514,Cameron,Powell,Cameron Powell,MALE,2023-06-17,Grossmont
26515,Zoe,Watson,Zoe Watson,FEMALE,2023-08-21,Grossmont
26516,Jill,Perry,Jill Perry,FEMALE,2023-07-13,Imperial Beach
26517,Melanie,Griffin,Melanie Griffin,FEMALE,2023-03-21,Imperial Beach
26518,Marcus,Lee,Marcus Lee,MALE,2023-10-11,Long Beach
26519,Brianna,Wood,Brianna Wood,FEMALE,2023-08-26,Torrance
26520,Chloe,Ramirez,Chloe Ramirez,FEMALE,2022-05-24,Edmonds
26521,Nathan,Taylor,Nathan Taylor,MALE,2022-05-07,Puyallup
26522,Logan,Thompson,Logan Thompson,MALE,2023-08-06,Spokane
26523,Casey,Raji,Casey Raji,FEMALE,2023-10-18,Berkeley
26524,Anthony,Robinson,Anthony Robinson,MALE,2023-12-19,Imperial Beach
26525,Jeremy,Bell,Jeremy Bell,MALE,2023-09-16,West Covina
26526,Blake,Coleman,Blake Coleman,MALE,2023-10-24,Lakewood
26527,Oscar,Hayes,Oscar Hayes,MALE,2023-07-28,Burnaby
26528,Samuel,Garcia,Samuel Garcia,MALE,2023-12-29,Edmonds
26529,Jasmine,Davis,Jasmine Davis,FEMALE,2022-07-21,Victoria
26530,Riley,Morgan,Riley Morgan,FEMALE,2022-05-23,Lake Oswego
26531,Jeremy,Reed,Jeremy Reed,MALE,2023-05-23,Burlingame
26532,Angela,Barnes,Angela Barnes,FEMALE,2022-05-24,Concord
26533,Xavier,Mitchell,Xavier Mitchell,MALE,2022-08-29,Langley
26534,Fernando,Smith,Fernando Smith,MALE,2022-05-06,Oakland
26535,Kelly,Perry,Kelly Perry,FEMALE,2023-09-09,Port Orchard
26536,Katherine,Thomas,Katherine Thomas,FEMALE,2022-05-10,Glendale
26537,Wyatt,Perez,Wyatt Perez,MALE,2022-05-18,Walla Walla
26538,Warren,Black,Warren Black,MALE,2022-05-19,Bellflower
26539,Faith,Hayes,Faith Hayes,FEMALE,2022-05-12,Burlingame
26540,Jada,Sanchez,Jada Sanchez,FEMALE,2022-05-29,Colma
26541,Alexis,Butler,Alexis Butler,FEMALE,2023-05-19,Concord
26542,Jamie,Torres,Jamie Torres,MALE,2023-04-13,Ballard
26543,Susan,Guo,Susan Guo,FEMALE,2023-02-15,Caloundra
26544,Riley,Ramirez,Riley Ramirez,FEMALE,2023-05-08,Edmonds
26545,Taylor,Ross,Taylor Ross,FEMALE,2022-05-14,Downey
26546,Miguel,Bennett,Miguel Bennett,MALE,2022-05-01,Imperial Beach
26547,Barbara,Beck,Barbara Beck,FEMALE,2022-06-18,Malabar
26548,Casey,Suarez,Casey Suarez,MALE,2022-06-23,Malabar
26549,Jamie,Sanz,Jamie Sanz,MALE,2022-06-25,Silverwater
26550,Alex,Morris,Alex Morris,MALE,2023-08-03,Burien
26551,Noah,Moore,Noah Moore,MALE,2023-02-13,Milwaukie
26552,Judith,Turner,Judith Turner,FEMALE,2023-06-21,Olympia
26553,Kayla,Powell,Kayla Powell,FEMALE,2023-12-14,Redmond
26554,Michael,Garcia,Michael Garcia,MALE,2023-11-01,Burbank
26555,Jeremy,Perry,Jeremy Perry,MALE,2023-08-15,Newport Beach
26556,Jeremy,Cooper,Jeremy Cooper,MALE,2023-05-18,Corvallis
26557,Katelyn,Morgan,Katelyn Morgan,FEMALE,2023-05-11,Coronado
26558,Holly,Garcia,Holly Garcia,FEMALE,2023-07-09,Cloverdale
26559,Marshall,Ye,Marshall Ye,MALE,2023-05-15,Darlinghurst
26560,Lindsey,Shen,Lindsey Shen,FEMALE,2022-06-10,Newcastle
26561,Hannah,Lewis,Hannah Lewis,FEMALE,2022-06-12,Bendigo
26562,Edward,Wilson,Edward Wilson,MALE,2022-06-12,Coffs Harbour
26563,Keith,She,Keith She,MALE,2022-06-29,Warrnambool
26564,Franklin,Chen,Franklin Chen,MALE,2024-01-28,Bendigo
26565,Gabriel,Mitchell,Gabriel Mitchell,MALE,2023-12-31,Coffs Harbour
26566,Crystal,Chen,Crystal Chen,FEMALE,2022-06-08,Sunbury
26567,Michele,Rai,Michele Rai,FEMALE,2022-06-07,Lavender Bay
26568,Nancy,Kovar,Nancy Kovar,FEMALE,2022-06-15,South Melbourne
26569,Michelle,Sanchez,Michelle Sanchez,FEMALE,2022-06-15,Hervey Bay
26570,Hunter,Gonzales,Hunter Gonzales,MALE,2022-06-18,Sydney
26571,Lacey,Pal,Lacey Pal,FEMALE,2022-06-14,East Brisbane
26572,Jessica,Russell,Jessica Russell,FEMALE,2022-10-31,Sooke
26573,Samantha,Clark,Samantha Clark,FEMALE,2023-02-04,Spokane
26574,Jordan,Allen,Jordan Allen,MALE,2023-11-10,Beverly Hills
26575,Toni,Gonzalez,Toni Gonzalez,FEMALE,2022-05-10,Burlingame
26576,Kaitlyn,Robinson,Kaitlyn Robinson,FEMALE,2023-05-31,Lemon Grove
26577,Cindy,Edwards,Cindy Edwards,FEMALE,2023-06-01,Mill Valley
26578,Jeremy,White,Jeremy White,MALE,2023-10-28,Mill Valley
26579,Hunter,Hayes,Hunter Hayes,MALE,2022-05-23,Santa Monica
26580,Paige,Ramirez,Paige Ramirez,FEMALE,2024-01-03,Salem
26581,Mariah,Patterson,Mariah Patterson,FEMALE,2022-05-22,Bellingham
26582,Fernando,Moore,Fernando Moore,MALE,2022-11-21,Cliffside
26583,James,Patterson,James Patterson,MALE,2023-07-15,Santa Monica
26584,Benjamin,Alexander,Benjamin Alexander,MALE,2023-01-29,Walla Walla
26585,Alejandro,Xu,Alejandro Xu,MALE,2022-05-31,Newcastle
26586,Alexandra,Baker,Alexandra Baker,FEMALE,2023-07-16,Bremerton
26587,Mario,Johnsen,Mario Johnsen,MALE,2022-06-06,Port Macquarie
26588,Dustin,Pal,Dustin Pal,MALE,2022-07-09,Perth
26589,Julie,Tang,Julie Tang,FEMALE,2022-07-28,Port Macquarie
26590,Jorge,Guo,Jorge Guo,MALE,2023-10-17,Darlinghurst
26591,Aimee,Chen,Aimee Chen,FEMALE,2022-07-18,Geelong
26592,Brenda,Lopez,Brenda Lopez,FEMALE,2023-05-26,Sunbury
26593,Eduardo,Campbell,Eduardo Campbell,MALE,2023-12-18,Imperial Beach
26594,Melissa,Wood,Melissa Wood,FEMALE,2023-06-07,Oakland
26595,Alyssa,Bailey,Alyssa Bailey,FEMALE,2024-01-05,Kirkland
26596,Antonio,Hayes,Antonio Hayes,MALE,2023-06-09,National City
26597,Madison,Lewis,Madison Lewis,FEMALE,2024-01-09,Yakima
26598,Charles,Adams,Charles Adams,MALE,2023-02-04,Tacoma
26599,Allison,Reed,Allison Reed,FEMALE,2023-02-11,Woodland Hills
26600,Michelle,Gray,Michelle Gray,FEMALE,2022-05-15,Redwood City
26601,Kyle,Gonzalez,Kyle Gonzalez,MALE,2022-05-18,Novato
26602,Noah,Yang,Noah Yang,MALE,2022-06-08,Lemon Grove
26603,Sheila,Ruiz,Sheila Ruiz,FEMALE,2022-06-08,Burlingame
26604,Elizabeth,West,Elizabeth West,FEMALE,2022-06-13,San Diego
26605,Brandon,Foster,Brandon Foster,MALE,2024-01-25,Los Angeles
26606,Hannah,Harris,Hannah Harris,FEMALE,2022-06-08,Puyallup
26607,Natalie,Powell,Natalie Powell,FEMALE,2022-06-22,Berkeley
26608,Aaron,Nelson,Aaron Nelson,MALE,2022-06-24,Beverly Hills
26609,Abigail,Kelly,Abigail Kelly,FEMALE,2022-06-17,Beaverton
26610,Mary,Perez,Mary Perez,FEMALE,2022-06-21,Newport Beach
26611,Kayla,Henderson,Kayla Henderson,FEMALE,2022-06-06,Concord
26612,Janet,Romero,Janet Romero,FEMALE,2023-10-20,Berkeley
26613,Priscilla,Lal,Priscilla Lal,FEMALE,2024-01-19,Burlingame
26614,Richard,Robinson,Richard Robinson,MALE,2022-06-16,Seattle
26615,David,Powell,David Powell,MALE,2022-11-07,Port Hammond
26616,Colin,Goel,Colin Goel,MALE,2022-06-17,Beaverton
26617,Isaiah,Peterson,Isaiah Peterson,MALE,2022-06-10,Santa Monica
26618,Amanda,Morris,Amanda Morris,FEMALE,2022-06-03,Santa Cruz
26619,Thomas,Hill,Thomas Hill,MALE,2022-06-01,Olympia
26620,Isabella,Green,Isabella Green,FEMALE,2021-01-27,Shawnee
26621,Sarah,Wood,Sarah Wood,FEMALE,2023-10-01,Beaverton
26622,Jan,Howard,Jan Howard,FEMALE,2022-06-12,Edmonds
26623,Alexandra,Ross,Alexandra Ross,FEMALE,2022-06-20,Issaquah
26624,Elizabeth,Russell,Elizabeth Russell,FEMALE,2022-06-26,Seattle
26625,Lauren,Barnes,Lauren Barnes,FEMALE,2022-06-21,Woodburn
26626,Dalton,Taylor,Dalton Taylor,MALE,2022-06-05,Burlingame
26627,Jose,Alexander,Jose Alexander,MALE,2022-06-24,Coronado
26628,Lucas,Lee,Lucas Lee,MALE,2023-05-12,Spokane
26629,Miranda,Price,Miranda Price,FEMALE,2021-02-16,Metchosin
26630,Vanessa,Powell,Vanessa Powell,FEMALE,2021-04-21,Shawnee
26631,Isaiah,Stewart,Isaiah Stewart,MALE,2022-06-09,Newport Beach
26632,Isabella,Moore,Isabella Moore,FEMALE,2022-06-15,Bellingham
26633,Gabrielle,Ward,Gabrielle Ward,FEMALE,2022-06-01,Los Angeles
26634,Devin,Walker,Devin Walker,MALE,2022-05-31,Novato
26635,Jasmine,Harris,Jasmine Harris,FEMALE,2022-06-09,Grossmont
26636,Miguel,Walker,Miguel Walker,MALE,2023-07-26,Corvallis
26637,Thomas,Robinson,Thomas Robinson,MALE,2024-01-02,El Cajon
26638,Olivia,Flores,Olivia Flores,FEMALE,2022-06-10,Tacoma
26639,Riley,Diaz,Riley Diaz,FEMALE,2023-08-04,Concord
26640,Eduardo,Lopez,Eduardo Lopez,MALE,2021-04-28,Cliffside
26641,Arturo,Xie,Arturo Xie,MALE,2022-06-05,Bellflower
26642,Gabrielle,Evans,Gabrielle Evans,FEMALE,2022-06-06,W. Linn
26643,Benjamin,Miller,Benjamin Miller,MALE,2021-05-27,Sooke
26644,Jenna,Hernandez,Jenna Hernandez,FEMALE,2022-06-17,Port Orchard
26645,Morgan,Richardson,Morgan Richardson,FEMALE,2022-06-03,Concord
26646,Jordyn,Perry,Jordyn Perry,FEMALE,2022-06-17,Oakland
26647,Jasmine,Simmons,Jasmine Simmons,FEMALE,2022-06-26,Santa Cruz
26648,Riley,Rogers,Riley Rogers,FEMALE,2023-11-05,Beverly Hills
26649,Emily,Perry,Emily Perry,FEMALE,2022-05-30,Concord
26650,Kevin,Collins,Kevin Collins,MALE,2022-06-16,Lincoln Acres
26651,Gregory,Nara,Gregory Nara,MALE,2022-07-22,Sunbury
26652,Bruce,Moreno,Bruce Moreno,MALE,2022-07-07,Melton
26653,Kaylee,Allen,Kaylee Allen,FEMALE,2022-07-12,Coffs Harbour
26654,Kathleen,Jimenez,Kathleen Jimenez,FEMALE,2022-07-28,Bendigo
26655,Kelvin,Sharma,Kelvin Sharma,MALE,2022-07-22,Townsville
26656,Amanda,Hall,Amanda Hall,FEMALE,2022-07-21,Gold Coast
26657,Lucas,Hughes,Lucas Hughes,MALE,2022-07-09,Sunbury
26658,Darryl,Liang,Darryl Liang,MALE,2022-07-14,Bendigo
26659,Katrina,Yuan,Katrina Yuan,FEMALE,2024-01-11,Hawthorne
26660,Kern,Sutton,Kern Sutton,MALE,2022-07-25,East Brisbane
26661,Dawn,Zhu,Dawn Zhu,FEMALE,2022-07-24,Rhodes
26662,Lori,Alvarez,Lori Alvarez,FEMALE,2022-08-02,Warrnambool
26663,Joanna,Serrano,Joanna Serrano,FEMALE,2022-08-19,Perth
26664,Amy,Zhu,Amy Zhu,FEMALE,2023-03-27,Matraville
26665,Jésus,Vazquez,Jésus Vazquez,MALE,2023-05-25,Darlinghurst
26666,Ashlee,Beck,Ashlee Beck,FEMALE,2022-08-24,Hobart
26667,Jillian,Patel,Jillian Patel,FEMALE,2022-08-02,Melton
26668,Toni,Madan,Toni Madan,FEMALE,2023-04-04,Lavender Bay
26669,Curtis,Zeng,Curtis Zeng,MALE,2023-05-15,Hawthorne
26670,Jerry,Johnsen,Jerry Johnsen,MALE,2023-06-05,Geelong
26671,Arthur,Patel,Arthur Patel,MALE,2023-10-05,Rockhampton
26672,Kelli,Sharma,Kelli Sharma,FEMALE,2023-10-26,North Sydney
26673,Austin,Alexander,Austin Alexander,MALE,2022-08-17,Warrnambool
26674,Ashley,Jackson,Ashley Jackson,FEMALE,2023-07-18,Chula Vista
26675,Natalie,King,Natalie King,FEMALE,2023-07-19,San Carlos
26676,Emily,Jenkins,Emily Jenkins,FEMALE,2022-06-11,Lemon Grove
26677,William,Johnson,William Johnson,MALE,2023-09-19,Los Angeles
26678,Miranda,Hughes,Miranda Hughes,FEMALE,2023-08-02,N. Vancouver
26679,Noah,Perry,Noah Perry,MALE,2023-07-15,Renton
26680,Melissa,Powell,Melissa Powell,FEMALE,2023-04-30,Marysville
26681,Zachary,Jackson,Zachary Jackson,MALE,2022-06-20,Long Beach
26682,Richard,Diaz,Richard Diaz,MALE,2023-08-16,N. Vancouver
26683,Mariah,Simmons,Mariah Simmons,FEMALE,2021-05-04,Vancouver
26684,Dustin,Andersen,Dustin Andersen,MALE,2022-06-12,Berkeley
26685,Noah,Baker,Noah Baker,MALE,2023-10-12,Newport Beach
26686,Christian,Washington,Christian Washington,MALE,2023-10-20,Haney
26687,Marshall,Xu,Marshall Xu,MALE,2023-07-02,Bellingham
26688,Brittney,Xu,Brittney Xu,FEMALE,2023-03-30,Bremerton
26689,Arthur,Gill,Arthur Gill,MALE,2023-08-05,Berkeley
26690,Alexia,Bennett,Alexia Bennett,FEMALE,2023-05-26,Burbank
26691,Tina,Suri,Tina Suri,FEMALE,2023-02-19,Burbank
26692,Isabella,Brown,Isabella Brown,FEMALE,2021-06-07,Port Hammond
26693,Charles,Perez,Charles Perez,MALE,2023-03-03,Vancouver
26694,Aaron,Hughes,Aaron Hughes,MALE,2022-07-16,Bellingham
26695,Jocelyn,Diaz,Jocelyn Diaz,FEMALE,2022-07-04,Lincoln Acres
26696,Robyn,Suarez,Robyn Suarez,FEMALE,2023-04-28,Bellingham
26697,Manuel,Arun,Manuel Arun,MALE,2023-05-02,Beverly Hills
26698,Brooke,Rivera,Brooke Rivera,FEMALE,2022-07-26,Imperial Beach
26699,Joan,Coleman,Joan Coleman,FEMALE,2023-04-30,Cliffside
26700,Sydney,Ramirez,Sydney Ramirez,FEMALE,2023-04-26,Haney
26701,Katherine,Hill,Katherine Hill,FEMALE,2023-04-02,Shawnee
26702,Cynthia,Arun,Cynthia Arun,FEMALE,2023-06-23,Bellingham
26703,Wyatt,Miller,Wyatt Miller,MALE,2022-07-15,Oregon City
26704,Frank,Alvarez,Frank Alvarez,MALE,2023-11-12,Beverly Hills
26705,Eric,Jenkins,Eric Jenkins,MALE,2022-07-13,San Gabriel
26706,Bailey,Mitchell,Bailey Mitchell,FEMALE,2023-03-13,Vancouver
26707,Sydney,Brooks,Sydney Brooks,FEMALE,2023-07-19,Beverly Hills
26708,Katherine,Washington,Katherine Washington,FEMALE,2022-06-30,Chula Vista
26709,Mary,King,Mary King,FEMALE,2023-10-10,La Jolla
26710,Jan,Green,Jan Green,FEMALE,2022-07-16,San Gabriel
26711,Mya,Bryant,Mya Bryant,FEMALE,2022-07-11,Burbank
26712,Ashley,Wilson,Ashley Wilson,FEMALE,2023-07-31,San Diego
26713,Stephanie,Edwards,Stephanie Edwards,FEMALE,2023-06-05,Coronado
26714,Angela,Long,Angela Long,FEMALE,2023-05-18,Ballard
26715,Gabriella,Bell,Gabriella Bell,FEMALE,2023-10-09,Oakland
26716,Megan,Smith,Megan Smith,FEMALE,2023-11-28,Oak Bay
26717,David,Simpson,David Simpson,MALE,2022-07-07,Beaverton
26718,Richard,Flores,Richard Flores,MALE,2022-07-08,Long Beach
26719,Tamara,Li,Tamara Li,FEMALE,2023-07-17,Beaverton
26720,Seth,Watson,Seth Watson,MALE,2023-08-08,Seattle
26721,Paula,Jimenez,Paula Jimenez,FEMALE,2023-08-14,Berkeley
26722,Alexandra,McDonald,Alexandra McDonald,FEMALE,2023-03-02,Downey
26723,Devin,Kelly,Devin Kelly,MALE,2022-07-25,Spring Valley
26724,Sydney,Edwards,Sydney Edwards,FEMALE,2022-07-19,Salem
26725,Alexis,Smith,Alexis Smith,FEMALE,2022-07-18,Puyallup
26726,Danielle,Rivera,Danielle Rivera,FEMALE,2022-07-20,Edmonds
26727,Jose,Clark,Jose Clark,MALE,2022-07-13,Milwaukie
26728,Elijah,Roberts,Elijah Roberts,MALE,2022-07-17,Santa Cruz
26729,Brian,Gray,Brian Gray,MALE,2022-07-03,Burien
26730,Rachel,Sanchez,Rachel Sanchez,FEMALE,2023-10-07,Haney
26731,Ethan,Clark,Ethan Clark,MALE,2022-07-30,National City
26732,Martin,Rienstra,Martin Rienstra,MALE,2023-09-20,San Carlos
26733,Benjamin,Smith,Benjamin Smith,MALE,2023-10-22,Bellingham
26734,Morgan,Powell,Morgan Powell,FEMALE,2022-07-12,Issaquah
26735,Grace,White,Grace White,FEMALE,2022-07-14,Kirkland
26736,Lacey,Xu,Lacey Xu,FEMALE,2023-02-15,Bellflower
26737,Katherine,Young,Katherine Young,FEMALE,2023-05-31,Yakima
26738,Katherine,Simmons,Katherine Simmons,FEMALE,2023-11-30,Palo Alto
26739,Corey,Shen,Corey Shen,MALE,2023-03-04,Newcastle
26740,Donald,Lopez,Donald Lopez,MALE,2022-08-24,Gold Coast
26741,Nichole,Pal,Nichole Pal,FEMALE,2023-08-12,Lane Cove
26742,James,Collins,James Collins,MALE,2023-10-02,Geelong
26743,Derek,Chande,Derek Chande,MALE,2022-08-13,St. Leonards
26744,Mitchell,Yuan,Mitchell Yuan,MALE,2022-07-31,Caloundra
26745,Valerie,Huang,Valerie Huang,FEMALE,2022-08-22,Perth
26746,Amber,Adams,Amber Adams,FEMALE,2022-08-07,Brisbane
26747,Candice,Cai,Candice Cai,FEMALE,2022-08-14,North Sydney
26748,Stacey,She,Stacey She,FEMALE,2022-08-11,Cloverdale
26749,Rafael,Sun,Rafael Sun,MALE,2022-08-03,Hervey Bay
26750,Randall,Alvarez,Randall Alvarez,MALE,2022-09-22,Lavender Bay
26751,Mallory,Serrano,Mallory Serrano,FEMALE,2022-09-16,Wollongong
26752,Henry,Perez,Henry Perez,MALE,2022-08-28,Perth
26753,Summer,Patel,Summer Patel,FEMALE,2022-08-28,Coffs Harbour
26754,Candice,Zimmerman,Candice Zimmerman,FEMALE,2022-09-18,Melton
26755,Brendan,Jai,Brendan Jai,MALE,2023-12-14,Port Macquarie
26756,Brooke,Gray,Brooke Gray,FEMALE,2023-09-22,Townsville
26757,Evan,Rivera,Evan Rivera,MALE,2022-09-18,Cranbourne
26758,Damien,Zhang,Damien Zhang,MALE,2022-09-24,Matraville
26759,Hailey,Allen,Hailey Allen,FEMALE,2023-07-16,Caloundra
26760,Katherine,Butler,Katherine Butler,FEMALE,2022-09-10,Warrnambool
26761,Tabitha,Prasad,Tabitha Prasad,FEMALE,2022-09-14,Gold Coast
26762,Rachael,Perez,Rachael Perez,FEMALE,2023-04-30,South Melbourne
26763,Grant,Shen,Grant Shen,MALE,2022-09-08,Goulburn
26764,Alvin,Li,Alvin Li,MALE,2022-08-30,Goulburn
26765,Dominique,Chandra,Dominique Chandra,FEMALE,2023-03-13,Matraville
26766,Jodi,Andersen,Jodi Andersen,FEMALE,2023-11-13,Port Macquarie
26767,Alisha,Goel,Alisha Goel,FEMALE,2022-09-08,Rhodes
26768,Cristina,Shen,Cristina Shen,FEMALE,2022-09-07,North Ryde
26769,Holly,Sai,Holly Sai,FEMALE,2023-09-02,St. Leonards
26770,Katie,Ashe,Katie Ashe,FEMALE,2023-10-03,East Brisbane
26771,Eric,Shan,Eric Shan,MALE,2023-03-15,Geelong
26772,Jamie,Hu,Jamie Hu,FEMALE,2024-01-01,Milsons Point
26773,Meghan,Martin,Meghan Martin,FEMALE,2023-03-17,South Melbourne
26774,Arianna,Ross,Arianna Ross,FEMALE,2022-09-15,Geelong
26775,Riley,Bryant,Riley Bryant,FEMALE,2023-12-23,West Covina
26776,Jenny,Guo,Jenny Guo,FEMALE,2023-05-22,Berkeley
26777,Andrew,Clark,Andrew Clark,MALE,2023-06-25,Santa Monica
26778,Sierra,Perez,Sierra Perez,FEMALE,2023-10-08,Spokane
26779,Alexandra,Henderson,Alexandra Henderson,FEMALE,2023-08-26,Novato
26780,Julia,Butler,Julia Butler,FEMALE,2023-10-02,Grossmont
26781,Jan,Cox,Jan Cox,FEMALE,2024-01-14,Redmond
26782,Seth,Lewis,Seth Lewis,MALE,2021-07-01,Victoria
26783,Juan,Torres,Juan Torres,MALE,2024-01-03,Walla Walla
26784,Walter,Torres,Walter Torres,MALE,2023-03-18,Wollongong
26785,Raul,Raje,Raul Raje,MALE,2023-05-17,Bendigo
26786,Seth,Smith,Seth Smith,MALE,2022-07-08,Daly City
26787,Austin,Moore,Austin Moore,MALE,2024-01-19,Bellingham
26788,Destiny,Howard,Destiny Howard,FEMALE,2023-02-04,Chula Vista
26789,Chase,Morris,Chase Morris,MALE,2021-08-06,Newton
26790,Chloe,Cook,Chloe Cook,FEMALE,2023-10-21,Santa Cruz
26791,Kelvin,Nath,Kelvin Nath,MALE,2023-08-20,Baytown
26792,Casey,Torres,Casey Torres,MALE,2023-03-31,Berkeley
26793,Jesse,Nelson,Jesse Nelson,MALE,2023-11-18,Torrance
26794,Michele,Dominguez,Michele Dominguez,FEMALE,2023-07-14,Beaverton
26795,Elijah,Shan,Elijah Shan,MALE,2022-10-26,Wollongong
26796,Warren,Raji,Warren Raji,MALE,2022-10-08,North Sydney
26797,Marshall,Hu,Marshall Hu,MALE,2022-10-14,East Brisbane
26798,Jeremiah,Garcia,Jeremiah Garcia,MALE,2023-08-05,Seattle
26799,Ryan,Russell,Ryan Russell,MALE,2023-11-14,Coronado
26800,Lauren,Lewis,Lauren Lewis,FEMALE,2023-07-25,Downey
26801,Wyatt,Washington,Wyatt Washington,MALE,2022-07-10,Woodland Hills
26802,Lucas,Sanders,Lucas Sanders,MALE,2023-07-01,Shawnee
26803,Xavier,Bennett,Xavier Bennett,MALE,2023-07-27,Los Angeles
26804,Trinity,Sanders,Trinity Sanders,FEMALE,2023-06-24,Spring Valley
26805,Alexandria,Reed,Alexandria Reed,FEMALE,2022-07-08,Lemon Grove
26806,Caleb,Mitchell,Caleb Mitchell,MALE,2023-08-15,Vancouver
26807,Angel,Hall,Angel Hall,MALE,2023-02-05,Lemon Grove
26808,Kimberly,Howard,Kimberly Howard,FEMALE,2023-12-04,Edmonds
26809,Julia,Morgan,Julia Morgan,FEMALE,2023-05-09,Redwood City
26810,Melanie,Stewart,Melanie Stewart,FEMALE,2024-01-15,N. Vancouver
26811,Rachael,Sanchez,Rachael Sanchez,FEMALE,2022-07-11,Burbank
26812,James,Hernandez,James Hernandez,MALE,2023-07-07,Palo Alto
26813,Xavier,Diaz,Xavier Diaz,MALE,2023-11-04,Chula Vista
26814,Alex,Hernandez,Alex Hernandez,MALE,2022-07-13,Walla Walla
26815,Erin,Cox,Erin Cox,FEMALE,2022-08-01,Lebanon
26816,Ronnie,Wu,Ronnie Wu,MALE,2023-11-15,Roissy en Brie
26817,Melvin,Ashe,Melvin Ashe,MALE,2023-06-03,Cheltenham
26818,Eduardo,Coleman,Eduardo Coleman,MALE,2023-10-07,Frankfurt
26819,Devin,Mitchell,Devin Mitchell,MALE,2023-12-15,Saarlouis
26820,Carol,Nath,Carol Nath,FEMALE,2024-01-03,London
26821,Tamara,Guo,Tamara Guo,FEMALE,2023-06-05,Bottrop
26822,Cindy,Gonzalez,Cindy Gonzalez,FEMALE,2023-11-24,Leipzig
26823,Kaitlin,Raman,Kaitlin Raman,FEMALE,2023-12-13,Eilenburg
26824,Theresa,Blanco,Theresa Blanco,FEMALE,2023-05-19,London
26825,Jamie,Jimenez,Jamie Jimenez,MALE,2023-01-27,Hamburg
26826,Kendra,Romero,Kendra Romero,FEMALE,2022-12-30,Berlin
26827,Renee,Rubio,Renee Rubio,FEMALE,2023-10-29,Paris
26828,Stephanie,Rivera,Stephanie Rivera,FEMALE,2023-11-04,Versailles
26829,Morgan,Evans,Morgan Evans,FEMALE,2023-12-24,Bottrop
26830,Levi,Perez,Levi Perez,MALE,2023-05-28,Watford
26831,Drew,Raje,Drew Raje,MALE,2023-01-13,Saarbrücken
26832,Kate,Xie,Kate Xie,FEMALE,2024-01-28,Frankfurt
26833,Kelvin,Rai,Kelvin Rai,MALE,2023-06-17,Gateshead
26834,Teresa,Romero,Teresa Romero,FEMALE,2023-07-31,Billericay
26835,Kyle,Turner,Kyle Turner,MALE,2023-11-09,Tremblay-en-France
26836,Hector,Diaz,Hector Diaz,MALE,2024-01-12,Runcorn
26837,Albert,Martin,Albert Martin,MALE,2023-05-13,London
26838,Cassie,Shan,Cassie Shan,FEMALE,2023-02-17,Lille
26839,Jeremy,Nelson,Jeremy Nelson,MALE,2023-05-18,Versailles
26840,Eric,Yang,Eric Yang,MALE,2023-10-20,Versailles
26841,Roberto,Jiménez,Roberto Jiménez,MALE,2023-03-17,Lieusaint
26842,Felicia,Alonso,Felicia Alonso,FEMALE,2023-04-30,Leeds
26843,Noah,Gonzalez,Noah Gonzalez,MALE,2023-10-14,Paderborn
26844,Erin,Cooper,Erin Cooper,FEMALE,2024-01-16,Cheltenham
26845,Theodore,Ortega,Theodore Ortega,MALE,2023-08-01,Saarbrücken
26846,Dustin,Kumar,Dustin Kumar,MALE,2023-12-12,High Wycombe
26847,Brent,Yang,Brent Yang,MALE,2023-10-20,Hannover
26848,Alisha,Rai,Alisha Rai,FEMALE,2023-06-19,Kirkby
26849,Billy,Martin,Billy Martin,MALE,2023-05-04,London
26850,Terry,Luo,Terry Luo,MALE,2023-06-07,Birmingham
26851,Diane,Alvarez,Diane Alvarez,FEMALE,2023-10-13,Bottrop
26852,Karen,She,Karen She,FEMALE,2023-02-02,Saarbrücken
26853,Shane,Rana,Shane Rana,MALE,2023-05-08,Chatou
26854,Jonathan,Hayes,Jonathan Hayes,MALE,2023-11-04,Lille
26855,Carla,Fernandez,Carla Fernandez,FEMALE,2023-11-02,Pantin
26856,Jessica,Brooks,Jessica Brooks,FEMALE,2023-05-14,Drancy
26857,Willie,Anand,Willie Anand,MALE,2023-06-11,Frankfurt am Main
26858,Samuel,Lopez,Samuel Lopez,MALE,2023-06-20,Warrington
26859,Darrell,Pal,Darrell Pal,MALE,2023-07-18,Cergy
26860,Olivia,Miller,Olivia Miller,FEMALE,2023-06-04,Esher-Molesey
26861,Bruce,Gutierrez,Bruce Gutierrez,MALE,2023-02-04,Villeneuve-d'Ascq
26862,Tina,Vance,Tina Vance,FEMALE,2023-01-16,Darmstadt
26863,Alvin,Chen,Alvin Chen,MALE,2024-01-05,London
26864,Christine,Sutton,Christine Sutton,FEMALE,2022-12-29,Frankfurt am Main
26865,Tabitha,Martinez,Tabitha Martinez,FEMALE,2023-02-19,London
26866,Jada,Allen,Jada Allen,FEMALE,2023-06-23,Stoke-on-Trent
26867,Danny,Romero,Danny Romero,MALE,2023-12-03,Stuttgart
26868,Lydia,Raman,Lydia Raman,FEMALE,2023-06-11,London
26869,Anne,Sims,Anne Sims,MALE,2023-06-26,Stoke-on-Trent
26870,Jill,Gill,Jill Gill,FEMALE,2023-06-05,Warrington
26871,Justin,Chen,Justin Chen,MALE,2023-08-28,Saint-Denis
26872,Wyatt,Hughes,Wyatt Hughes,MALE,2023-08-17,Erlangen
26873,Ann,Suri,Ann Suri,FEMALE,2023-02-16,Berlin
26874,Jorge,Zhang,Jorge Zhang,MALE,2023-05-01,Frankfurt
26875,Bobby,Perez,Bobby Perez,MALE,2023-11-15,München
26876,Holly,Lopez,Holly Lopez,FEMALE,2023-06-12,Milton Keynes
26877,Damien,Nara,Damien Nara,MALE,2023-12-06,Peterborough
26878,Madeline,Roberts,Madeline Roberts,FEMALE,2023-05-09,Hof
26879,Shannon,Lin,Shannon Lin,FEMALE,2023-10-16,Frankfurt am Main
26880,Heather,Xu,Heather Xu,FEMALE,2023-08-23,Dresden
26881,Regina,Fernandez,Regina Fernandez,FEMALE,2023-07-20,Drancy
26882,Mayra,Sanchez,Mayra Sanchez,FEMALE,2023-04-25,Les Ulis
26883,Shelby,Bradley,Shelby Bradley,FEMALE,2023-11-25,Villeneuve-d'Ascq
26884,Paige,James,Paige James,FEMALE,2023-02-25,Hof
26885,Victor,Martin,Victor Martin,MALE,2023-06-08,Oxon
26886,Jasmine,Robinson,Jasmine Robinson,FEMALE,2023-06-21,Runcorn
26887,Janelle,Rodriguez,Janelle Rodriguez,FEMALE,2023-06-17,High Wycombe
26888,Bruce,Fernandez,Bruce Fernandez,MALE,2023-12-15,Bracknell
26889,Natasha,Torres,Natasha Torres,FEMALE,2023-04-14,Frankfurt
26890,Bryan,Rogers,Bryan Rogers,MALE,2023-06-23,Billericay
26891,Arturo,Zhang,Arturo Zhang,MALE,2023-08-20,Cheltenham
26892,Cody,Rogers,Cody Rogers,MALE,2023-07-24,Kirkby
26893,Sharon,Deng,Sharon Deng,FEMALE,2023-07-24,Woolston
26894,Lindsey,Goel,Lindsey Goel,FEMALE,2023-03-30,Leipzig
26895,Christine,Shan,Christine Shan,FEMALE,2023-06-27,Gateshead
26896,Michele,Malhotra,Michele Malhotra,FEMALE,2023-03-18,London
26897,Katrina,Xie,Katrina Xie,FEMALE,2023-03-22,London
26898,Ashley,Simmons,Ashley Simmons,FEMALE,2023-03-03,Lille
26899,Rachael,Vance,Rachael Vance,FEMALE,2023-02-23,Werne
26900,Rosa,Sun,Rosa Sun,FEMALE,2023-09-24,Birmingham
26901,Louis,Nara,Louis Nara,MALE,2023-11-21,London
26902,Clifford,Mehta,Clifford Mehta,MALE,2023-05-08,Croix
26903,Rafael,Luo,Rafael Luo,MALE,2023-05-25,Orleans
26904,Judith,Parker,Judith Parker,FEMALE,2023-02-08,Saint-Denis
26905,Kari,Serrano,Kari Serrano,FEMALE,2023-05-24,Berks
26906,Darrell,Rai,Darrell Rai,MALE,2023-10-10,London
26907,Dana,Torres,Dana Torres,FEMALE,2023-11-23,Pantin
26908,Glenn,Zheng,Glenn Zheng,MALE,2023-10-20,Orleans
26909,Christine,Nath,Christine Nath,FEMALE,2023-03-01,Bobigny
26910,Kristina,Kovar,Kristina Kovar,FEMALE,2023-06-27,Lancaster
26911,Kristi,Gomez,Kristi Gomez,FEMALE,2023-02-22,London
26912,Denise,Rodriguez,Denise Rodriguez,FEMALE,2023-07-10,Braunschweig
26913,Harold,Lopez,Harold Lopez,MALE,2023-06-29,High Wycombe
26914,Cindy,Prasad,Cindy Prasad,FEMALE,2023-06-20,Peterborough
26915,Peter,Kumar,Peter Kumar,MALE,2023-07-02,Lancaster
26916,Mackenzie,King,Mackenzie King,FEMALE,2022-10-01,Rockhampton
26917,Roberto,Dominguez,Roberto Dominguez,MALE,2022-10-20,Sunbury
26918,Krista,Hernandez,Krista Hernandez,FEMALE,2022-10-24,Cranbourne
26919,Ramon,He,Ramon He,MALE,2022-10-23,Findon
26920,Jon,Chen,Jon Chen,MALE,2022-10-22,Melbourne
26921,Cynthia,Weber,Cynthia Weber,FEMALE,2022-10-04,Hawthorne
26922,Trevor,Powell,Trevor Powell,MALE,2022-10-27,Sunbury
26923,Krystal,Ye,Krystal Ye,FEMALE,2022-10-14,Gold Coast
26924,Erica,Zeng,Erica Zeng,FEMALE,2022-10-12,Bendigo
26925,Dominic,Rana,Dominic Rana,MALE,2023-11-16,Orleans
26926,Sergio,Mehta,Sergio Mehta,MALE,2023-12-03,Paris
26927,Jill,Dominguez,Jill Dominguez,FEMALE,2023-04-22,Saint Ouen
26928,Roger,Nara,Roger Nara,MALE,2023-06-04,Gateshead
26929,Maurice,Pal,Maurice Pal,MALE,2023-08-26,Woolston
26930,Sharon,Andersen,Sharon Andersen,FEMALE,2023-03-20,Münster
26931,Edward,Lopez,Edward Lopez,MALE,2023-06-09,Kirkby
26932,Kristina,Raman,Kristina Raman,FEMALE,2023-06-15,Maidenhead
26933,Jessie,Sanz,Jessie Sanz,FEMALE,2023-04-01,Frankfurt am Main
26934,Kelli,Chander,Kelli Chander,FEMALE,2023-06-11,Woolston
26935,Gabriel,Butler,Gabriel Butler,MALE,2023-08-19,Paris
26936,Jaclyn,He,Jaclyn He,FEMALE,2023-05-23,Dresden
26937,Audrey,Navarro,Audrey Navarro,FEMALE,2023-06-29,London
26938,Maurice,Shen,Maurice Shen,MALE,2023-06-06,London
26939,Craig,Diaz,Craig Diaz,MALE,2023-05-26,Drancy
26940,Franklin,Tang,Franklin Tang,MALE,2023-05-25,Bonn
26941,Gerald,Vazquez,Gerald Vazquez,MALE,2023-06-19,Colombes
26942,Tanya,Alonso,Tanya Alonso,FEMALE,2023-06-24,Liverpool
26943,Ashlee,Xie,Ashlee Xie,FEMALE,2023-10-15,Metz
26944,Drew,Nara,Drew Nara,MALE,2023-06-11,Milton Keynes
26945,Katelyn,Hill,Katelyn Hill,FEMALE,2023-05-30,Bobigny
26946,Andre,Madan,Andre Madan,MALE,2023-06-04,Berlin
26947,Suzanne,Ma,Suzanne Ma,FEMALE,2023-06-03,Cambridge
26948,Abby,Garcia,Abby Garcia,FEMALE,2023-06-09,Hannover
26949,Lindsey,Chander,Lindsey Chander,FEMALE,2023-07-26,London
26950,Dominic,Suri,Dominic Suri,MALE,2023-06-25,Orleans
26951,Trisha,Hu,Trisha Hu,FEMALE,2024-01-03,Mühlheim
26952,Mircea,Singer,Mircea Singer,FEMALE,2023-06-14,Lille
26953,Roy,Rubio,Roy Rubio,MALE,2023-06-11,Roubaix
26954,Gerald,Torres,Gerald Torres,MALE,2023-06-18,Offenbach
26955,Carlos,Cook,Carlos Cook,MALE,2023-08-01,Warrington
26956,Kristin,Pal,Kristin Pal,FEMALE,2023-07-05,Oxford
26957,Kristina,Sai,Kristina Sai,FEMALE,2023-12-11,Berlin
26958,Jerry,Xu,Jerry Xu,MALE,2023-12-23,Orleans
26959,Alisha,Nara,Alisha Nara,FEMALE,2023-09-18,London
26960,Jose,Thomas,Jose Thomas,MALE,2023-07-17,Warrington
26961,Carly,Chander,Carly Chander,FEMALE,2023-06-24,Leipzig
26962,Francis,Moreno,Francis Moreno,MALE,2023-07-19,Runcorn
26963,Meredith,Arun,Meredith Arun,FEMALE,2023-07-15,Hof
26964,Kelli,Tang,Kelli Tang,FEMALE,2023-06-04,Metz
26965,Jordan,Nelson,Jordan Nelson,FEMALE,2023-06-29,Lille
26966,Cedric,Zhang,Cedric Zhang,MALE,2023-07-27,Warrington
26967,Edwin,Li,Edwin Li,MALE,2022-10-23,Lane Cove
26968,Henry,Sanchez,Henry Sanchez,MALE,2023-09-16,Springwood
26969,Cedric,Hu,Cedric Hu,MALE,2023-07-18,Paderborn
26970,Kara,Rai,Kara Rai,FEMALE,2023-08-19,Bury
26971,Douglas,Madan,Douglas Madan,MALE,2023-09-15,York
26972,Kristopher,Sara,Kristopher Sara,MALE,2023-03-27,Paris
26973,Alberto,Rowe,Alberto Rowe,MALE,2023-05-12,Cheltenham
26974,Philip,Suarez,Philip Suarez,MALE,2023-07-21,Stuttgart
26975,Janet,Ward,Janet Ward,FEMALE,2023-07-07,Dunkerque
26976,Erik,Serrano,Erik Serrano,MALE,2023-07-20,Tremblay-en-France
26977,Barry,Madan,Barry Madan,MALE,2023-07-29,Hamburg
26978,Cassie,Sharma,Cassie Sharma,FEMALE,2023-09-12,London
26979,Christy,Jai,Christy Jai,FEMALE,2023-09-03,Oxford
26980,Marc,Suarez,Marc Suarez,MALE,2023-12-29,Grevenbroich
26981,Audrey,Suarez,Audrey Suarez,FEMALE,2023-03-22,Berlin
26982,Jose,Muñoz,Jose Muñoz,MALE,2023-08-04,Villeneuve-d'Ascq
26983,Adriana,Vance,Adriana Vance,FEMALE,2023-12-27,Berlin
26984,Manuel,Prasad,Manuel Prasad,MALE,2023-12-07,Eilenburg
26985,Jésus,Diaz,Jésus Diaz,MALE,2023-02-12,Grevenbroich
26986,Riley,Watson,Riley Watson,FEMALE,2023-03-13,Ingolstadt
26987,Roy,Lopez,Roy Lopez,MALE,2023-03-22,München
26988,Brandy,Srini,Brandy Srini,FEMALE,2023-05-10,Sulzbach Taunus
26989,Mason,Campbell,Mason Campbell,MALE,2023-02-02,Solingen
26990,Darren,Patel,Darren Patel,MALE,2023-04-16,Hof
26991,Rodney,Ortega,Rodney Ortega,MALE,2023-07-07,Münster
26992,Brad,Andersen,Brad Andersen,MALE,2023-07-23,Watford
26993,Julio,Gill,Julio Gill,MALE,2023-12-05,London
26994,Erika,Torres,Erika Torres,FEMALE,2023-01-05,Sèvres
26995,Caleb,Washington,Caleb Washington,MALE,2023-01-08,Versailles
26996,Natasha,Oliver,Natasha Oliver,FEMALE,2023-10-13,Bottrop
26997,Katie,Becker,Katie Becker,FEMALE,2023-05-24,Werne
26998,Fernando,Perry,Fernando Perry,MALE,2023-08-19,Bottrop
26999,Samuel,Brown,Samuel Brown,MALE,2023-11-13,Billericay
27000,Brandi,Dominguez,Brandi Dominguez,FEMALE,2023-03-03,Mühlheim
27001,Carla,Kapoor,Carla Kapoor,FEMALE,2023-03-17,Neunkirchen
27002,Kelvin,She,Kelvin She,MALE,2023-02-10,W. York
27003,Roger,Jai,Roger Jai,MALE,2023-09-03,Bonn
27004,Philip,Moreno,Philip Moreno,MALE,2023-08-06,Bonn
27005,Susan,Lin,Susan Lin,FEMALE,2023-07-30,Courbevoie
27006,Shane,Madan,Shane Madan,MALE,2023-07-03,Colombes
27007,Joe,Gonzalez,Joe Gonzalez,MALE,2023-07-18,Berkshire
27008,Oscar,Blue,Oscar Blue,MALE,2023-09-15,Bury
27009,Erica,Lu,Erica Lu,FEMALE,2023-10-04,London
27010,Jordyn,Patterson,Jordyn Patterson,FEMALE,2024-01-12,Chula Vista
27011,Kevin,Powell,Kevin Powell,MALE,2023-12-27,Seattle
27012,Anne,Jiménez,Anne Jiménez,FEMALE,2023-10-03,Beaverton
27013,Alisha,Yuan,Alisha Yuan,FEMALE,2023-12-11,Burbank
27014,Luke,Hughes,Luke Hughes,MALE,2021-11-30,Royal Oak
27015,Jessica,Torres,Jessica Torres,FEMALE,2023-11-04,Bremerton
27016,Lauren,Reed,Lauren Reed,FEMALE,2023-03-07,Edmonds
27017,Jonathan,Thompson,Jonathan Thompson,MALE,2022-08-04,Port Orchard
27018,Blake,Price,Blake Price,MALE,2023-08-13,Chula Vista
27019,Victoria,Jackson,Victoria Jackson,FEMALE,2023-09-13,N. Vancouver
27020,Rachel,Perry,Rachel Perry,FEMALE,2022-08-03,National City
27021,Victoria,Peterson,Victoria Peterson,FEMALE,2022-08-23,San Gabriel
27022,Anthony,Johnson,Anthony Johnson,MALE,2023-04-30,Westminster
27023,Emily,Simmons,Emily Simmons,FEMALE,2023-04-13,Corvallis
27024,Austin,Patterson,Austin Patterson,MALE,2023-12-13,Cliffside
27025,Jasmine,Rivera,Jasmine Rivera,FEMALE,2023-03-17,W. Linn
27026,Jonathan,Perry,Jonathan Perry,MALE,2021-12-01,N. Vancouver
27027,Jennifer,White,Jennifer White,FEMALE,2022-02-05,Oak Bay
27028,Sarah,Robinson,Sarah Robinson,FEMALE,2023-04-20,Langley
27029,Elizabeth,Hughes,Elizabeth Hughes,FEMALE,2024-01-12,San Carlos
27030,Jan,Gray,Jan Gray,FEMALE,2023-06-23,Seattle
27031,Jessica,Garcia,Jessica Garcia,FEMALE,2023-11-07,Grossmont
27032,Miguel,Garcia,Miguel Garcia,MALE,2024-01-18,San Diego
27033,Ernest,Harrison,Ernest Harrison,MALE,2023-05-27,Bellingham
27034,Corey,Nara,Corey Nara,MALE,2023-09-05,Bremerton
27035,Ana,Long,Ana Long,FEMALE,2023-07-25,Spring Valley
27036,Hunter,Brown,Hunter Brown,MALE,2023-03-01,Ballard
27037,Lauren,Rodriguez,Lauren Rodriguez,FEMALE,2023-03-13,Imperial Beach
27038,Eduardo,Reed,Eduardo Reed,MALE,2023-11-09,Lakewood
27039,Jonathan,Lewis,Jonathan Lewis,MALE,2023-08-29,Torrance
27040,Paul,Singh,Paul Singh,MALE,2023-02-02,Burbank
27041,Edward,Smith,Edward Smith,MALE,2023-10-24,Kirkland
27042,Noah,Roberts,Noah Roberts,MALE,2023-12-11,Newton
27043,Dalton,Murphy,Dalton Murphy,MALE,2022-02-14,Oak Bay
27044,Carol,Long,Carol Long,FEMALE,2022-08-27,Spring Valley
27045,Angel,Brooks,Angel Brooks,MALE,2022-08-17,Redmond
27046,Allison,Howard,Allison Howard,FEMALE,2023-04-16,Downey
27047,Yolanda,Rai,Yolanda Rai,FEMALE,2022-08-19,Beaverton
27048,Melanie,Watson,Melanie Watson,FEMALE,2023-11-13,Marysville
27049,Faith,Sanchez,Faith Sanchez,FEMALE,2023-05-03,Burnaby
27050,Chloe,Turner,Chloe Turner,FEMALE,2022-08-11,Lake Oswego
27051,Charles,Brown,Charles Brown,MALE,2022-08-20,Redwood City
27052,Jada,Bailey,Jada Bailey,FEMALE,2023-08-01,Seattle
27053,Steven,Cook,Steven Cook,MALE,2022-03-15,Oak Bay
27054,Shawn,Sharma,Shawn Sharma,MALE,2022-07-31,Bellflower
27055,Isabella,Sanchez,Isabella Sanchez,FEMALE,2023-03-20,Colma
27056,Mackenzie,James,Mackenzie James,FEMALE,2022-08-08,Los Angeles
27057,Brooke,Morris,Brooke Morris,FEMALE,2024-01-10,Yakima
27058,Nathan,Butler,Nathan Butler,MALE,2022-08-05,Renton
27059,Hunter,Perry,Hunter Perry,MALE,2023-02-25,Berkeley
27060,Lucas,Coleman,Lucas Coleman,MALE,2022-03-25,Port Hammond
27061,Gabrielle,Scott,Gabrielle Scott,FEMALE,2023-07-30,Port Hammond
27062,Edward,Harris,Edward Harris,MALE,2022-03-27,Sooke
27063,Taylor,Flores,Taylor Flores,FEMALE,2022-08-14,Bremerton
27064,Barbara,Chande,Barbara Chande,FEMALE,2022-07-31,Burien
27065,Jordan,Wright,Jordan Wright,MALE,2023-07-01,Fremont
27066,Cole,Murphy,Cole Murphy,MALE,2023-01-30,National City
27067,Jennifer,Rodriguez,Jennifer Rodriguez,FEMALE,2022-08-20,Spring Valley
27068,Jade,Kelly,Jade Kelly,FEMALE,2022-08-16,Torrance
27069,Gabriella,Perez,Gabriella Perez,FEMALE,2022-08-18,Torrance
27070,Nathan,Davis,Nathan Davis,MALE,2023-12-20,Everett
27071,Anthony,Clark,Anthony Clark,MALE,2022-03-07,Newton
27072,Alex,Baker,Alex Baker,MALE,2023-05-02,Port Orchard
27073,Sydney,Sanders,Sydney Sanders,FEMALE,2022-08-04,Corvallis
27074,Kristi,Sanchez,Kristi Sanchez,FEMALE,2022-08-06,Ballard
27075,Jackson,Chen,Jackson Chen,MALE,2022-03-22,Sooke
27076,Dakota,Russell,Dakota Russell,MALE,2022-08-18,Grossmont
27077,Robert,Henderson,Robert Henderson,MALE,2022-08-11,Burlingame
27078,Chloe,Scott,Chloe Scott,FEMALE,2022-08-04,San Gabriel
27079,Natalie,Lewis,Natalie Lewis,FEMALE,2022-09-08,Santa Monica
27080,Nathan,Campbell,Nathan Campbell,MALE,2022-09-09,Concord
27081,Jason,Ross,Jason Ross,MALE,2022-09-10,Chula Vista
27082,Zachary,Taylor,Zachary Taylor,MALE,2022-04-22,Port Hammond
27083,Kevin,Perry,Kevin Perry,MALE,2022-09-08,Marysville
27084,Fernando,Russell,Fernando Russell,MALE,2022-03-30,Westminster
27085,Christian,Wilson,Christian Wilson,MALE,2022-05-26,Newton
27086,Lauren,Howard,Lauren Howard,FEMALE,2022-09-16,Walla Walla
27087,Justin,Clark,Justin Clark,MALE,2022-08-29,San Diego
27088,Tristan,Patterson,Tristan Patterson,MALE,2022-09-04,Salem
27089,Janelle,Garcia,Janelle Garcia,FEMALE,2022-09-27,Bremerton
27090,Elizabeth,Brown,Elizabeth Brown,FEMALE,2022-09-24,Lincoln Acres
27091,Miguel,Martin,Miguel Martin,MALE,2022-09-22,Everett
27092,Marissa,Ross,Marissa Ross,FEMALE,2022-09-01,Chula Vista
27093,Alexandra,Martin,Alexandra Martin,FEMALE,2022-09-25,Daly City
27094,Sean,Kelly,Sean Kelly,MALE,2022-09-21,Oakland
27095,Spencer,Flores,Spencer Flores,MALE,2022-09-14,Torrance
27096,Chase,Watson,Chase Watson,MALE,2022-09-27,Marysville
27097,Kaitlyn,Gonzales,Kaitlyn Gonzales,FEMALE,2022-09-06,Kirkland
27098,Sarah,Wilson,Sarah Wilson,FEMALE,2023-08-18,Ballard
27099,Zachary,Williams,Zachary Williams,MALE,2022-05-26,Haney
27100,Hunter,Walker,Hunter Walker,MALE,2023-04-05,Haney
27101,Eduardo,Bell,Eduardo Bell,MALE,2022-05-26,Langford
27102,Katherine,Miller,Katherine Miller,FEMALE,2022-05-27,Newton
27103,Chloe,Brooks,Chloe Brooks,FEMALE,2022-09-22,Port Orchard
27104,Randy,Zhu,Randy Zhu,MALE,2022-09-05,Bellflower
27105,Sean,Perez,Sean Perez,MALE,2022-09-03,Burlingame
27106,Jennifer,Allen,Jennifer Allen,FEMALE,2022-09-15,Los Angeles
27107,Alexa,Stewart,Alexa Stewart,FEMALE,2022-08-30,Los Angeles
27108,Rachel,Thompson,Rachel Thompson,FEMALE,2022-09-11,Downey
27109,Mandy,Cai,Mandy Cai,FEMALE,2023-03-14,Beaverton
27110,Andrew,Miller,Andrew Miller,MALE,2023-11-14,Cliffside
27111,Gabriel,Flores,Gabriel Flores,MALE,2023-06-08,Vancouver
27112,Caleb,Foster,Caleb Foster,MALE,2023-06-26,Haney
27113,Ashley,Diaz,Ashley Diaz,FEMALE,2023-09-10,Issaquah
27114,Alexander,Thompson,Alexander Thompson,MALE,2022-10-21,Colma
27115,Kristi,Navarro,Kristi Navarro,FEMALE,2023-11-03,Beaverton
27116,Regina,Gonzalez,Regina Gonzalez,FEMALE,2022-10-08,Bellingham
27117,Jermaine,Prasad,Jermaine Prasad,MALE,2022-10-15,Bellingham
27118,Tina,Kapoor,Tina Kapoor,FEMALE,2023-07-03,Lieusaint
27119,Mayra,Gonzalez,Mayra Gonzalez,FEMALE,2023-09-05,Hannover
27120,Clarence,Kumar,Clarence Kumar,MALE,2023-09-02,München
27121,Teresa,Rubio,Teresa Rubio,FEMALE,2023-07-14,London
27122,Ernest,Liang,Ernest Liang,MALE,2023-08-12,Courbevoie
27123,Jaclyn,Xie,Jaclyn Xie,FEMALE,2023-08-25,Croix
27124,Raymond,Kovar,Raymond Kovar,MALE,2023-09-22,Metz
27125,Albert,Dominguez,Albert Dominguez,MALE,2023-08-17,Bracknell
27126,Derek,Sharma,Derek Sharma,MALE,2023-02-26,Saint Ouen
27127,Misty,Black,Misty Black,FEMALE,2023-05-29,Paderborn
27128,Heather,Cai,Heather Cai,FEMALE,2023-02-22,Saint Ouen
27129,Mindy,Tang,Mindy Tang,FEMALE,2023-05-04,Frankfurt am Main
27130,Eric,Parker,Eric Parker,MALE,2023-10-26,Esher-Molesey
27131,Edgar,Madan,Edgar Madan,MALE,2023-10-21,Milton Keynes
27132,Eduardo,Gonzalez,Eduardo Gonzalez,MALE,2023-08-24,Billericay
27133,Phillip,Arun,Phillip Arun,MALE,2023-09-15,Villeneuve-d'Ascq
27134,Glenn,Chen,Glenn Chen,MALE,2023-08-31,Paris
27135,David,Martin,David Martin,MALE,2023-07-08,Versailles
27136,Isabella,Coleman,Isabella Coleman,FEMALE,2023-09-25,Solingen
27137,Cindy,Lopez,Cindy Lopez,FEMALE,2023-08-16,London
27138,Veronica,Sara,Veronica Sara,FEMALE,2023-09-21,Suresnes
27139,Jon,Liu,Jon Liu,MALE,2023-10-26,Berlin
27140,Roger,Holt,Roger Holt,MALE,2023-08-17,Cambridge
27141,Tonya,Anand,Tonya Anand,FEMALE,2023-08-12,Warrington
27142,Lindsay,Andersen,Lindsay Andersen,FEMALE,2023-09-24,Pantin
27143,Alvin,Deng,Alvin Deng,MALE,2023-03-16,Drancy
27144,Franklin,Shen,Franklin Shen,MALE,2023-09-09,Coffs Harbour
27145,Pamela,Chapman,Pamela Chapman,FEMALE,2023-08-10,Townsville
27146,Danny,Hernandez,Danny Hernandez,MALE,2023-06-05,Rockhampton
27147,Melvin,Nara,Melvin Nara,MALE,2023-11-05,Findon
27148,Edwin,Zhu,Edwin Zhu,MALE,2023-06-30,Hawthorne
27149,Jeffery,She,Jeffery She,MALE,2023-10-06,Warrnambool
27150,Lacey,Anand,Lacey Anand,FEMALE,2023-05-14,St. Leonards
27151,Carrie,Moreno,Carrie Moreno,FEMALE,2023-10-08,West Sussex
27152,Dawn,Wang,Dawn Wang,FEMALE,2023-03-31,London
27153,Gina,Ruiz,Gina Ruiz,FEMALE,2023-03-26,Les Ulis
27154,Holly,Arun,Holly Arun,FEMALE,2023-10-20,Ingolstadt
27155,Eric,Hall,Eric Hall,MALE,2023-03-15,Paris
27156,Makayla,Morgan,Makayla Morgan,FEMALE,2023-05-23,Warrington
27157,Raul,Xu,Raul Xu,MALE,2023-06-11,Münster
27158,Lucas,Jones,Lucas Jones,MALE,2023-09-27,Gateshead
27159,Veronica,Rodriguez,Veronica Rodriguez,FEMALE,2023-08-30,Boulogne-Billancourt
27160,Brandi,Vazquez,Brandi Vazquez,FEMALE,2023-10-08,Dresden
27161,Reginald,Gill,Reginald Gill,MALE,2023-11-28,Berlin
27162,Phillip,Madan,Phillip Madan,MALE,2023-11-11,Reading
27163,Wayne,Luo,Wayne Luo,MALE,2023-05-03,Paris
27164,Micheal,Carlson,Micheal Carlson,MALE,2023-05-12,Billericay
27165,Bruce,Patel,Bruce Patel,MALE,2023-08-12,Leeds
27166,Trisha,Ye,Trisha Ye,FEMALE,2023-10-17,Colombes
27167,Tanya,Vazquez,Tanya Vazquez,FEMALE,2023-05-13,Saint Ouen
27168,Donald,Madan,Donald Madan,MALE,2023-10-18,Runcorn
27169,Louis,Xu,Louis Xu,MALE,2023-12-03,Neunkirchen
27170,Douglas,Sara,Douglas Sara,MALE,2023-10-11,Suresnes
27171,Kristi,Gill,Kristi Gill,FEMALE,2023-08-11,Oxford
27172,Jessie,Navarro,Jessie Navarro,FEMALE,2023-10-26,Duesseldorf
27173,Suzanne,Ye,Suzanne Ye,FEMALE,2023-03-07,Essen
27174,Fernando,Bennett,Fernando Bennett,MALE,2023-09-10,Paderborn
27175,Marshall,Raji,Marshall Raji,MALE,2023-11-16,London
27176,Erik,Martin,Erik Martin,MALE,2023-02-18,Stuttgart
27177,Henry,Arun,Henry Arun,MALE,2023-12-03,Reading
27178,Terrance,Mehta,Terrance Mehta,MALE,2023-12-20,Bonn
27179,Jamie,Rubio,Jamie Rubio,MALE,2023-08-22,Billericay
27180,Joe,Diaz,Joe Diaz,MALE,2023-11-29,Grevenbroich
27181,Rafael,Deng,Rafael Deng,MALE,2023-06-27,Sèvres
27182,Jarrod,Srini,Jarrod Srini,MALE,2023-06-24,Paris
27183,Geoffrey,Garcia,Geoffrey Garcia,MALE,2023-06-03,Hof
27184,Donald,Subram,Donald Subram,MALE,2023-02-01,Poing
27185,Haley,Nelson,Haley Nelson,FEMALE,2023-11-08,Cheltenham
27186,Lindsay,Shan,Lindsay Shan,FEMALE,2023-11-09,York
27187,Lucas,Diaz,Lucas Diaz,MALE,2023-12-16,Werne
27188,Claudia,She,Claudia She,FEMALE,2023-10-07,Münster
27189,Elizabeth,Diaz,Elizabeth Diaz,FEMALE,2023-09-10,National City
27190,Shelby,Reed,Shelby Reed,FEMALE,2024-01-04,Burbank
27191,David,Brown,David Brown,MALE,2024-01-19,Newton
27192,Angelica,Gonzales,Angelica Gonzales,FEMALE,2023-02-13,Long Beach
27193,Daniel,Miller,Daniel Miller,MALE,2022-09-29,Lincoln Acres
27194,Chase,Cooper,Chase Cooper,MALE,2023-05-02,Lake Oswego
27195,Robert,Perez,Robert Perez,MALE,2022-10-11,San Francisco
27196,Lauren,Robinson,Lauren Robinson,FEMALE,2023-03-20,Sooke
27197,Isaiah,Bell,Isaiah Bell,MALE,2023-05-26,Bremerton
27198,Jocelyn,Flores,Jocelyn Flores,FEMALE,2023-07-17,Burien
27199,Jesse,Wright,Jesse Wright,MALE,2022-09-29,Everett
27200,Anna,Thompson,Anna Thompson,FEMALE,2023-11-16,Lebanon
27201,Jose,Taylor,Jose Taylor,MALE,2022-10-02,Marysville
27202,James,Hall,James Hall,MALE,2023-03-09,Sedro Woolley
27203,Jennifer,Sanchez,Jennifer Sanchez,FEMALE,2023-10-17,Portland
27204,Devin,Hall,Devin Hall,MALE,2023-07-27,Chula Vista
27205,Erin,Murphy,Erin Murphy,FEMALE,2022-10-23,Coronado
27206,Marcus,Mitchell,Marcus Mitchell,MALE,2022-10-13,San Francisco
27207,Taylor,Morris,Taylor Morris,FEMALE,2023-03-06,Bellingham
27208,David,Chen,David Chen,MALE,2023-12-25,Westminster
27209,Erick,Rodriguez,Erick Rodriguez,MALE,2023-07-30,Burlingame
27210,Hunter,Flores,Hunter Flores,MALE,2023-04-14,Burbank
27211,Isaiah,Roberts,Isaiah Roberts,MALE,2022-10-08,Milwaukie
27212,Sophia,Roberts,Sophia Roberts,FEMALE,2022-10-12,Long Beach
27213,Julia,Lewis,Julia Lewis,FEMALE,2023-10-12,Spokane
27214,Bianca,Zimmerman,Bianca Zimmerman,FEMALE,2023-05-01,Beverly Hills
27215,Samantha,Hughes,Samantha Hughes,FEMALE,2023-10-21,Port Hammond
27216,Ana,Diaz,Ana Diaz,FEMALE,2024-01-23,San Gabriel
27217,Julia,Walker,Julia Walker,FEMALE,2023-05-29,Renton
27218,Bailey,Allen,Bailey Allen,FEMALE,2023-04-13,Santa Monica
27219,Benjamin,Yang,Benjamin Yang,MALE,2023-05-27,Lemon Grove
27220,Jackson,Long,Jackson Long,MALE,2023-09-12,Torrance
27221,Matthew,Jones,Matthew Jones,MALE,2023-04-29,Tacoma
27222,Virginia,Sai,Virginia Sai,FEMALE,2023-02-15,Chula Vista
27223,Jeremy,Wright,Jeremy Wright,MALE,2023-03-26,Walla Walla
27224,Jessica,Griffin,Jessica Griffin,FEMALE,2023-04-02,W. Linn
27225,Isaac,Murphy,Isaac Murphy,MALE,2023-09-09,Santa Cruz
27226,Christian,Wang,Christian Wang,MALE,2022-10-05,Lake Oswego
27227,Emily,Bryant,Emily Bryant,FEMALE,2022-10-22,El Cajon
27228,Amanda,Young,Amanda Young,FEMALE,2022-10-09,Issaquah
27229,Zachary,Zhang,Zachary Zhang,MALE,2023-02-22,San Francisco
27230,Hunter,Wilson,Hunter Wilson,MALE,2023-07-18,Port Hammond
27231,Tyrone,Ramos,Tyrone Ramos,MALE,2022-10-04,Colma
27232,Ram,Thirunavukkarasu,Ram Thirunavukkarasu,MALE,2022-10-10,Puyallup
27233,Seth,Ward,Seth Ward,MALE,2023-05-03,Spring Valley
27234,Gabriel,Jenkins,Gabriel Jenkins,MALE,2022-10-11,Sedro Woolley
27235,Robert,Li,Robert Li,MALE,2022-10-21,Renton
27236,Nicole,Alexander,Nicole Alexander,FEMALE,2023-11-09,Olympia
27237,Jasmine,Ramirez,Jasmine Ramirez,FEMALE,2023-04-29,Fremont
27238,Jesse,Hernandez,Jesse Hernandez,MALE,2023-11-14,Concord
27239,Noah,Simmons,Noah Simmons,MALE,2022-10-16,Grossmont
27240,Dalton,Cooper,Dalton Cooper,MALE,2022-10-08,Yakima
27241,Oscar,Butler,Oscar Butler,MALE,2023-06-01,West Covina
27242,Hunter,Diaz,Hunter Diaz,MALE,2022-06-24,Oak Bay
27243,Mariah,Bailey,Mariah Bailey,FEMALE,2023-04-17,Vancouver
27244,Arianna,Kelly,Arianna Kelly,FEMALE,2023-12-26,Woodburn
27245,Lauren,Jones,Lauren Jones,FEMALE,2023-10-31,La Jolla
27246,Aaron,Hall,Aaron Hall,MALE,2023-05-14,Lemon Grove
27247,Blake,Hughes,Blake Hughes,MALE,2023-05-18,Lemon Grove
27248,Kayla,Taylor,Kayla Taylor,FEMALE,2023-08-11,Puyallup
27249,Emma,Cox,Emma Cox,FEMALE,2023-02-23,Santa Monica
27250,Virginia,Vance,Virginia Vance,FEMALE,2022-10-25,Burien
27251,Jessica,Flores,Jessica Flores,FEMALE,2022-10-02,Grossmont
27252,Andrea,Stewart,Andrea Stewart,FEMALE,2022-06-27,Oak Bay
27253,Connor,Jai,Connor Jai,MALE,2022-06-27,Cliffside
27254,Theodore,Jimenez,Theodore Jimenez,MALE,2022-10-20,Bremerton
27255,Xavier,Rivera,Xavier Rivera,MALE,2022-10-10,Lake Oswego
27256,Caleb,Lopez,Caleb Lopez,MALE,2022-10-21,Port Orchard
27257,Rebekah,Sara,Rebekah Sara,FEMALE,2022-10-27,Chula Vista
27258,Christian,Flores,Christian Flores,MALE,2022-11-02,Concord
27259,Angela,Diaz,Angela Diaz,FEMALE,2022-06-18,Royal Oak
27260,Candice,Ma,Candice Ma,FEMALE,2022-11-01,Burbank
27261,Omar,Chande,Omar Chande,MALE,2022-11-18,Burien
27262,Courtney,Hill,Courtney Hill,FEMALE,2022-11-22,Redmond
27263,Aaron,Kumar,Aaron Kumar,MALE,2022-10-31,San Diego
27264,Jacob,Clark,Jacob Clark,MALE,2022-11-16,Renton
27265,Isabella,Thomas,Isabella Thomas,FEMALE,2022-06-03,Metchosin
27266,Riley,Gonzales,Riley Gonzales,FEMALE,2022-11-02,San Gabriel
27267,Emily,Davis,Emily Davis,FEMALE,2022-08-14,Shawnee
27268,Latasha,Serrano,Latasha Serrano,FEMALE,2022-11-04,Chula Vista
27269,Victoria,Lee,Victoria Lee,FEMALE,2022-11-10,Walla Walla
27270,Connor,Collins,Connor Collins,MALE,2022-09-20,Newton
27271,Anna,Reed,Anna Reed,FEMALE,2022-11-23,Edmonds
27272,Elijah,Chen,Elijah Chen,MALE,2022-11-08,Milwaukie
27273,Marcus,Miller,Marcus Miller,MALE,2022-11-04,Lakewood
27274,Marcus,Morris,Marcus Morris,MALE,2022-11-22,Lincoln Acres
27275,Aidan,Powell,Aidan Powell,MALE,2022-11-27,Spring Valley
27276,Faith,Alexander,Faith Alexander,FEMALE,2022-11-22,Berkeley
27277,Jeremy,Wood,Jeremy Wood,MALE,2022-11-25,El Cajon
27278,Brian,Cook,Brian Cook,MALE,2023-11-12,Novato
27279,Katelyn,Brooks,Katelyn Brooks,FEMALE,2022-11-16,Issaquah
27280,Naomi,Gutierrez,Naomi Gutierrez,FEMALE,2022-11-08,Burbank
27281,Jenny,Nath,Jenny Nath,FEMALE,2022-11-25,Clearwater
27282,Barry,Perez,Barry Perez,MALE,2023-10-08,Calgary
27283,Jamie,Hernandez,Jamie Hernandez,MALE,2023-02-09,Cliffside
27284,Danielle,Bailey,Danielle Bailey,FEMALE,2023-05-24,Seattle
27285,Zachary,Jones,Zachary Jones,MALE,2022-09-17,Port Hammond
27286,Shawn,Pal,Shawn Pal,MALE,2022-11-20,Chicago
27287,Samuel,Perez,Samuel Perez,MALE,2022-11-22,Los Angeles
27288,Destiny,Richardson,Destiny Richardson,FEMALE,2022-11-10,Newport Beach
27289,Anna,Long,Anna Long,FEMALE,2022-10-29,National City
27290,Marcus,Evans,Marcus Evans,MALE,2023-07-26,Puyallup
27291,Bobby,Mehta,Bobby Mehta,MALE,2022-10-28,Burien
27292,Julia,Evans,Julia Evans,FEMALE,2022-10-31,Oregon City
27293,Kaitlyn,Jackson,Kaitlyn Jackson,FEMALE,2023-02-19,Glendale
27294,Ana,Bradley,Ana Bradley,FEMALE,2022-11-24,San Carlos
27295,Wyatt,Taylor,Wyatt Taylor,MALE,2022-11-17,Lynnwood
27296,Rodrigo,Ready,Rodrigo Ready,MALE,2022-11-25,El Cajon
27297,Ashley,Coleman,Ashley Coleman,FEMALE,2022-09-23,Cliffside
27298,Jennifer,Coleman,Jennifer Coleman,FEMALE,2022-09-22,Haney
27299,Micheal,Gutierrez,Micheal Gutierrez,MALE,2022-10-19,Port Macquarie
27300,Robert,Baker,Robert Baker,MALE,2023-03-18,Langford
27301,Clarence,Zhou,Clarence Zhou,MALE,2023-10-24,Burlingame
27302,Charles,Smith,Charles Smith,MALE,2023-12-13,Chatou
27303,Arturo,Yang,Arturo Yang,MALE,2023-07-22,Paris
27304,Alexandra,Robinson,Alexandra Robinson,FEMALE,2023-09-30,Roubaix
27305,Terry,Nara,Terry Nara,MALE,2023-12-15,Peterborough
27306,Tony,Black,Tony Black,MALE,2023-08-16,Paris
27307,Andre,Prasad,Andre Prasad,MALE,2023-07-18,Paderborn
27308,Marie,Rana,Marie Rana,FEMALE,2023-04-07,Billericay
27309,Tony,Deng,Tony Deng,MALE,2023-03-01,Mühlheim
27310,Isabella,Hill,Isabella Hill,FEMALE,2023-10-18,Ingolstadt
27311,Jenna,Adams,Jenna Adams,FEMALE,2023-07-18,Villeneuve-d'Ascq
27312,Sandra,Sun,Sandra Sun,FEMALE,2023-10-09,Offenbach
27313,Diane,Moreno,Diane Moreno,FEMALE,2023-05-05,Versailles
27314,Jarrod,Arthur,Jarrod Arthur,MALE,2023-07-17,Berlin
27315,James,Mitchell,James Mitchell,MALE,2024-01-06,Saarlouis
27316,Jarrod,Malhotra,Jarrod Malhotra,MALE,2023-03-03,Solingen
27317,Raymond,Lopez,Raymond Lopez,MALE,2023-10-23,Milton Keynes
27318,James,Bryant,James Bryant,MALE,2024-01-04,Paris
27319,Ian,Bryant,Ian Bryant,MALE,2023-12-25,York
27320,Jose,Green,Jose Green,MALE,2023-11-17,Solingen
27321,Dylan,Zhang,Dylan Zhang,MALE,2023-02-23,Saarlouis
27322,Derrick,Bradley,Derrick Bradley,MALE,2023-04-02,Paris
27323,Michele,Shan,Michele Shan,FEMALE,2023-02-03,Roubaix
27324,Candice,Xu,Candice Xu,FEMALE,2023-12-09,Villeneuve-d'Ascq
27325,Todd,Liang,Todd Liang,MALE,2023-03-13,Hannover
27326,Ashlee,Goel,Ashlee Goel,FEMALE,2023-07-17,Tremblay-en-France
27327,Melody,Nicholls,Melody Nicholls,FEMALE,2023-05-25,Saarlouis
27328,Edgar,Srini,Edgar Srini,MALE,2024-01-21,Lille
27329,Gloria,Vazquez,Gloria Vazquez,FEMALE,2023-06-15,Roncq
27330,Brendan,Nara,Brendan Nara,MALE,2023-12-27,Hamburg
27331,Julia,Richardson,Julia Richardson,FEMALE,2023-02-02,Billericay
27332,Tony,Raji,Tony Raji,MALE,2023-09-11,Saint Ouen
27333,Kathryn,Luo,Kathryn Luo,FEMALE,2023-10-26,Stuttgart
27334,Corey,Yuan,Corey Yuan,MALE,2023-09-01,Suresnes
27335,Ricardo,Raji,Ricardo Raji,MALE,2023-12-18,Tremblay-en-France
27336,George,Suri,George Suri,MALE,2023-04-12,Werne
27337,Julia,Hall,Julia Hall,FEMALE,2023-08-28,Watford
27338,Virginia,Lopez,Virginia Lopez,FEMALE,2022-09-30,North Sydney
27339,Ann,Sai,Ann Sai,FEMALE,2022-10-30,Silverwater
27340,Francis,Carlson,Francis Carlson,MALE,2022-11-16,Springwood
27341,Kari,Sanz,Kari Sanz,FEMALE,2022-11-17,Lavender Bay
27342,Henry,Rana,Henry Rana,MALE,2022-11-13,Melbourne
27343,Dale,Nath,Dale Nath,MALE,2023-07-06,Rockhampton
27344,Hector,Sanz,Hector Sanz,MALE,2023-05-21,Geelong
27345,Darrell,Shan,Darrell Shan,MALE,2023-10-27,Port Macquarie
27346,Leslie,Dominguez,Leslie Dominguez,FEMALE,2022-11-09,Hawthorne
27347,Jeffery,Lin,Jeffery Lin,MALE,2023-06-14,Hobart
27348,Clayton,Zhou,Clayton Zhou,MALE,2022-11-09,Hawthorne
27349,Sheila,Diaz,Sheila Diaz,FEMALE,2024-01-10,Sunbury
27350,Arthur,Subram,Arthur Subram,MALE,2023-04-01,Seaford
27351,Jenny,Liang,Jenny Liang,FEMALE,2023-06-05,Darlinghurst
27352,Douglas,Subram,Douglas Subram,MALE,2022-11-08,Findon
27353,Gilbert,Andersen,Gilbert Andersen,MALE,2022-11-01,Hobart
27354,Deanna,Patel,Deanna Patel,FEMALE,2022-11-10,Silverwater
27355,Nelson,Suarez,Nelson Suarez,MALE,2022-11-08,Sydney
27356,Mayra,Lopez,Mayra Lopez,FEMALE,2022-11-26,Silverwater
27357,Victor,Gutierrez,Victor Gutierrez,MALE,2023-09-16,Geelong
27358,Devon,Shen,Devon Shen,MALE,2023-04-27,Hervey Bay
27359,Morgan,Davis,Morgan Davis,FEMALE,2022-11-20,Warrnambool
27360,Kurt,Kumar,Kurt Kumar,MALE,2023-04-14,Findon
27361,Valerie,Yang,Valerie Yang,FEMALE,2023-09-19,Milsons Point
27362,Alex,Cooper,Alex Cooper,MALE,2022-11-27,Geelong
27363,Tara,Jai,Tara Jai,FEMALE,2023-07-09,Coffs Harbour
27364,Cedric,Li,Cedric Li,MALE,2023-03-01,Seaford
27365,Jimmy,Jimenez,Jimmy Jimenez,MALE,2022-11-18,East Brisbane
27366,Bob,Alan,Bob Alan,MALE,2022-11-13,South Melbourne
27367,Sydney,Adams,Sydney Adams,FEMALE,2023-08-08,Hervey Bay
27368,Brandy,Gonzalez,Brandy Gonzalez,FEMALE,2023-03-06,Brisbane
27369,Pamela,Raman,Pamela Raman,FEMALE,2023-05-20,East Brisbane
27370,Stephanie,Bell,Stephanie Bell,FEMALE,2022-11-09,Townsville
27371,Carolyn,Srini,Carolyn Srini,FEMALE,2022-11-01,Geelong
27372,Andre,Sai,Andre Sai,MALE,2023-12-30,Bradenton
27373,Eduardo,Rivera,Eduardo Rivera,MALE,2023-05-24,Woodburn
27374,Robert,Phillips,Robert Phillips,MALE,2023-11-16,Bremerton
27375,Nicole,Wilson,Nicole Wilson,FEMALE,2023-03-20,Puyallup
27376,Courtney,Gonzalez,Courtney Gonzalez,FEMALE,2023-11-13,Marysville
27377,Melanie,Alexander,Melanie Alexander,FEMALE,2024-01-03,Langford
27378,Samantha,Lee,Samantha Lee,FEMALE,2023-10-14,N. Vancouver
27379,Isabel,Ross,Isabel Ross,FEMALE,2023-08-05,Imperial Beach
27380,Eric,Green,Eric Green,MALE,2023-05-25,Langford
27381,Miguel,Sanz,Miguel Sanz,FEMALE,2023-11-18,Burbank
27382,Kaitlin,Chapman,Kaitlin Chapman,FEMALE,2023-04-13,Colma
27383,Jay,Hernandez,Jay Hernandez,MALE,2024-01-23,Concord
27384,Eric,Patterson,Eric Patterson,MALE,2023-06-06,Port Hammond
27385,Jonathon,Ramos,Jonathon Ramos,MALE,2023-09-16,Burbank
27386,James,Garcia,James Garcia,MALE,2023-08-01,Burlingame
27387,Noah,Washington,Noah Washington,MALE,2023-03-27,Oregon City
27388,Xavier,Cox,Xavier Cox,MALE,2023-04-12,Spokane
27389,Lucas,Henderson,Lucas Henderson,MALE,2023-03-06,Woodland Hills
27390,Leah,Zeng,Leah Zeng,FEMALE,2023-12-08,Burien
27391,Logan,Young,Logan Young,MALE,2023-07-15,Kirkland
27392,Felicia,Romero,Felicia Romero,FEMALE,2024-01-27,Bellflower
27393,Sierra,Hernandez,Sierra Hernandez,FEMALE,2023-03-12,Cliffside
27394,Kyle,Alexander,Kyle Alexander,MALE,2023-09-04,Lebanon
27395,Jenny,Lu,Jenny Lu,FEMALE,2023-10-03,Beaverton
27396,Adrian,Cook,Adrian Cook,MALE,2023-08-15,Edmonds
27397,Alex,James,Alex James,MALE,2023-11-23,Glendale
27398,Alexis,Lee,Alexis Lee,FEMALE,2023-09-29,Torrance
27399,Thomas,Parker,Thomas Parker,MALE,2023-04-24,Coronado
27400,Miguel,Coleman,Miguel Coleman,MALE,2023-02-03,Westminster
27401,Micah,He,Micah He,MALE,2023-04-30,Cliffside
27402,Adam,Nelson,Adam Nelson,MALE,2023-10-21,Vancouver
27403,Dylan,Coleman,Dylan Coleman,MALE,2023-11-16,N. Vancouver
27404,Maria,Mitchell,Maria Mitchell,FEMALE,2022-09-23,Vancouver
27405,Jackson,Shan,Jackson Shan,MALE,2022-10-30,San Gabriel
27406,Richard,Sanchez,Richard Sanchez,MALE,2022-10-10,Westminster
27407,Faith,Griffin,Faith Griffin,FEMALE,2022-11-02,Portland
27408,Tabitha,Sanchez,Tabitha Sanchez,FEMALE,2023-09-03,Concord
27409,Preston,Smith,Preston Smith,MALE,2023-06-19,Colma
27410,Brianna,Patterson,Brianna Patterson,FEMALE,2023-05-19,San Carlos
27411,Mason,Bendixen,Mason Bendixen,MALE,2023-06-04,Corvallis
27412,Miguel,Price,Miguel Price,MALE,2023-10-25,Imperial Beach
27413,Kaitlyn,Reed,Kaitlyn Reed,FEMALE,2023-05-30,Langford
27414,Julia,Young,Julia Young,FEMALE,2023-07-18,Shawnee
27415,Trevor,Butler,Trevor Butler,MALE,2023-02-01,Shawnee
27416,Jeremiah,Morris,Jeremiah Morris,MALE,2022-11-23,Sedro Woolley
27417,Edwin,She,Edwin She,MALE,2023-10-21,Coronado
27418,Mya,Coleman,Mya Coleman,FEMALE,2022-11-15,Woodland Hills
27419,Rebekah,Mehta,Rebekah Mehta,FEMALE,2023-06-08,Cliffside
27420,Samuel,Turner,Samuel Turner,MALE,2023-02-09,Port Hammond
27421,Mindy,Chander,Mindy Chander,FEMALE,2022-11-05,Braintree
27422,Evan,Gonzalez,Evan Gonzalez,MALE,2023-10-05,Woodburn
27423,Dakota,Butler,Dakota Butler,MALE,2022-11-15,Coronado
27424,Luis,Mitchell,Luis Mitchell,MALE,2022-11-20,La Jolla
27425,Steven,Morris,Steven Morris,MALE,2022-10-29,Los Angeles
27426,Evan,Stewart,Evan Stewart,MALE,2023-08-04,National City
27427,Mason,Young,Mason Young,MALE,2022-11-27,Santa Monica
27428,Paige,Foster,Paige Foster,FEMALE,2023-06-29,Royal Oak
27429,Stephanie,Ward,Stephanie Ward,FEMALE,2022-10-23,Westminster
27430,Stephanie,Young,Stephanie Young,FEMALE,2023-07-24,Bremerton
27431,Ethan,Jenkins,Ethan Jenkins,MALE,2022-11-25,Oregon City
27432,Craig,Ruiz,Craig Ruiz,MALE,2023-11-12,Chula Vista
27433,Barry,Garcia,Barry Garcia,MALE,2023-07-28,Colma
27434,David,Patterson,David Patterson,MALE,2024-01-23,Lincoln Acres
27435,Alexandra,Johnson,Alexandra Johnson,FEMALE,2023-05-09,Mill Valley
27436,Carmen,Mehta,Carmen Mehta,FEMALE,2023-11-16,Cliffside
27437,Gabriella,Reed,Gabriella Reed,FEMALE,2023-04-02,Metchosin
27438,Alejandro,Shan,Alejandro Shan,MALE,2023-05-21,Bellflower
27439,Chase,Ramirez,Chase Ramirez,MALE,2022-11-20,Glendale
27440,Trinity,Howard,Trinity Howard,FEMALE,2022-11-01,Olympia
27441,Jose,Ross,Jose Ross,MALE,2023-02-06,Shawnee
27442,Janelle,Raman,Janelle Raman,FEMALE,2023-05-28,Colma
27443,Jessica,Jackson,Jessica Jackson,FEMALE,2023-04-27,Novato
27444,Kayla,Martinez,Kayla Martinez,FEMALE,2023-10-22,Walla Walla
27445,Shaun,Tang,Shaun Tang,MALE,2023-10-26,Colma
27446,Tyler,Jones,Tyler Jones,MALE,2022-11-11,Santa Monica
27447,Miranda,Hayes,Miranda Hayes,FEMALE,2022-10-28,Woodland Hills
27448,Marc,Romero,Marc Romero,MALE,2022-11-19,Chandler
27449,Bryan,Cox,Bryan Cox,MALE,2022-10-29,San Carlos
27450,Abigail,Ross,Abigail Ross,FEMALE,2022-11-24,Walla Walla
27451,Thomas,Washington,Thomas Washington,MALE,2023-07-31,Langford
27452,Evan,Watson,Evan Watson,MALE,2022-11-22,Woodland Hills
27453,Carson,Henderson,Carson Henderson,MALE,2022-11-12,Coronado
27454,Benjamin,Wang,Benjamin Wang,MALE,2023-06-14,Langley
27455,Brianna,Jenkins,Brianna Jenkins,FEMALE,2022-11-27,Lebanon
27456,Jackson,Hughes,Jackson Hughes,MALE,2023-10-15,Marysville
27457,Elizabeth,Walker,Elizabeth Walker,FEMALE,2023-08-29,Oregon City
27458,Roger,Liang,Roger Liang,MALE,2023-07-02,Berkeley
27459,Kevin,Kumar,Kevin Kumar,MALE,2022-12-18,Burbank
27460,Grant,Goel,Grant Goel,MALE,2022-12-17,Chula Vista
27461,Arianna,Coleman,Arianna Coleman,FEMALE,2023-07-10,Yakima
27462,Xavier,Rodriguez,Xavier Rodriguez,MALE,2023-11-05,Bellflower
27463,Rachel,Morgan,Rachel Morgan,FEMALE,2023-03-11,Chula Vista
27464,Jacquelyn,Torres,Jacquelyn Torres,FEMALE,2023-09-18,Port Macquarie
27465,Seth,Garcia,Seth Garcia,MALE,2023-06-09,Woodburn
27466,Abigail,Murphy,Abigail Murphy,FEMALE,2023-06-09,Yakima
27467,Jackson,Coleman,Jackson Coleman,MALE,2022-12-20,Coronado
27468,Robert,Powell,Robert Powell,MALE,2022-12-16,El Cajon
27469,Anne,Gill,Anne Gill,FEMALE,2022-11-24,North Sydney
27470,Raquel,Dominguez,Raquel Dominguez,FEMALE,2022-12-19,Springwood
27471,Susan,Gao,Susan Gao,FEMALE,2022-12-18,Perth
27472,Mindy,Chande,Mindy Chande,FEMALE,2022-12-18,Townsville
27473,Gabriel,Lal,Gabriel Lal,MALE,2022-12-08,Warrnambool
27474,Alexandria,Hayes,Alexandria Hayes,FEMALE,2023-07-15,Burien
27475,Alexa,Bailey,Alexa Bailey,FEMALE,2023-12-26,Olympia
27476,Alexis,Alexander,Alexis Alexander,FEMALE,2023-11-24,Bellflower
27477,Hunter,Wright,Hunter Wright,MALE,2023-06-30,Berkeley
27478,Sheila,Alvarez,Sheila Alvarez,FEMALE,2023-04-09,Chula Vista
27479,Kaitlyn,Sanders,Kaitlyn Sanders,FEMALE,2023-03-28,Glendale
27480,Chloe,Parker,Chloe Parker,FEMALE,2024-01-23,Lincoln Acres
27481,Oscar,Gonzales,Oscar Gonzales,MALE,2023-08-08,San Gabriel
27482,Gary,Diaz,Gary Diaz,MALE,2023-03-06,Coffs Harbour
27483,Thomas,Shan,Thomas Shan,MALE,2022-12-02,Hervey Bay
27484,Kristen,Zhang,Kristen Zhang,FEMALE,2022-12-11,Melbourne
27485,Nina,Tang,Nina Tang,FEMALE,2022-12-18,Milsons Point
27486,Mathew,Gill,Mathew Gill,MALE,2022-12-23,Lavender Bay
27487,Cedric,Guo,Cedric Guo,MALE,2022-11-28,Springwood
27488,Sheila,Munoz,Sheila Munoz,FEMALE,2022-11-30,Rhodes
27489,Haley,Hall,Haley Hall,FEMALE,2022-11-30,Warrnambool
27490,Natasha,Martin,Natasha Martin,FEMALE,2022-11-30,Warrnambool
27491,Maurice,Luo,Maurice Luo,MALE,2023-07-12,Matraville
27492,Clayton,Lin,Clayton Lin,MALE,2022-12-11,Melbourne
27493,Barbara,Zheng,Barbara Zheng,FEMALE,2022-12-02,South Melbourne
27494,Virginia,Perez,Virginia Perez,FEMALE,2022-12-25,Silverwater
27495,Nina,Luo,Nina Luo,FEMALE,2023-09-18,Rhodes
27496,Stanley,Suri,Stanley Suri,MALE,2023-04-29,Melbourne
27497,Johnathan,Rana,Johnathan Rana,MALE,2023-06-13,Coffs Harbour
27498,Marie,Ruiz,Marie Ruiz,FEMALE,2022-12-02,Newcastle
27499,Barbara,Kumar,Barbara Kumar,FEMALE,2022-12-03,Rhodes
27500,Luis,Hill,Luis Hill,MALE,2022-12-25,Melton
27501,Darren,Alonso,Darren Alonso,MALE,2023-07-11,Lavender Bay
27502,Tyler,Thompson,Tyler Thompson,MALE,2023-01-30,Westminster
27503,Warren,Shen,Warren Shen,MALE,2023-08-03,Chicago
27504,Rebecca,Lopez,Rebecca Lopez,FEMALE,2022-12-07,Lake Oswego
27505,Bonnie,Skelly,Bonnie Skelly,FEMALE,2023-08-28,Burlingame
27506,Carla,Srini,Carla Srini,FEMALE,2023-07-15,Burlingame
27507,Valerie,Li,Valerie Li,FEMALE,2024-01-07,Colma
27508,James,Edwards,James Edwards,MALE,2022-12-14,Berkeley
27509,Zachary,Johnson,Zachary Johnson,MALE,2023-03-20,Yakima
27510,Cole,Bailey,Cole Bailey,MALE,2023-10-27,Burlingame
27511,Bethany,Goel,Bethany Goel,FEMALE,2023-07-25,Port Macquarie
27512,Joe,Lopez,Joe Lopez,MALE,2023-07-02,Rhodes
27513,Cara,Zheng,Cara Zheng,FEMALE,2023-07-05,Sunbury
27514,Daisy,Navarro,Daisy Navarro,FEMALE,2023-07-22,Bendigo
27515,Keith,Becker,Keith Becker,MALE,2023-07-01,Coffs Harbour
27516,Charles,Murphy,Charles Murphy,MALE,2024-01-02,Sydney
27517,Jessie,Xu,Jessie Xu,MALE,2023-07-30,Bendigo
27518,Stefanie,Perez,Stefanie Perez,FEMALE,2023-05-06,South Melbourne
27519,Alejandro,Li,Alejandro Li,MALE,2023-11-30,Matraville
27520,Francis,Navarro,Francis Navarro,MALE,2023-05-18,Perth
27521,Gabriel,Foster,Gabriel Foster,MALE,2022-12-26,Chula Vista
27522,Madeline,Carter,Madeline Carter,FEMALE,2023-08-02,Metchosin
27523,Kayla,Martin,Kayla Martin,FEMALE,2022-12-19,Bellingham
27524,Denise,Suri,Denise Suri,FEMALE,2022-12-23,Burien
27525,Ariana,Sanders,Ariana Sanders,FEMALE,2023-03-08,Edmonds
27526,Ramon,Ma,Ramon Ma,MALE,2023-03-22,Beverly Hills
27527,Tina,Sanchez,Tina Sanchez,FEMALE,2022-12-15,Concord
27528,Jade,Stewart,Jade Stewart,FEMALE,2023-09-10,Los Angeles
27529,Rachel,White,Rachel White,FEMALE,2023-08-22,San Carlos
27530,Maria,Ross,Maria Ross,FEMALE,2023-03-24,Spring Valley
27531,Abigail,Bailey,Abigail Bailey,FEMALE,2022-12-12,Renton
27532,Kaitlyn,Flores,Kaitlyn Flores,FEMALE,2023-12-29,Lynnwood
27533,Allison,Perez,Allison Perez,FEMALE,2023-04-16,Bellflower
27534,Candace,Chapman,Candace Chapman,FEMALE,2022-12-07,Burlingame
27535,Ian,Cook,Ian Cook,MALE,2022-12-05,San Francisco
27536,Victoria,Wilson,Victoria Wilson,FEMALE,2022-11-25,Victoria
27537,Amanda,Bryant,Amanda Bryant,FEMALE,2022-12-05,Oakland
27538,José,Jackson,José Jackson,MALE,2024-01-20,Beaverton
27539,Samuel,Winston,Samuel Winston,MALE,2022-12-26,Colma
27540,Jacqueline,Butler,Jacqueline Butler,FEMALE,2022-12-18,Glendale
27541,Samantha,Martin,Samantha Martin,FEMALE,2022-12-07,Novato
27542,Jessica,Rivera,Jessica Rivera,FEMALE,2022-12-06,Everett
27543,Katherine,Griffin,Katherine Griffin,FEMALE,2022-12-09,Oakland
27544,Marissa,Hayes,Marissa Hayes,FEMALE,2022-12-19,Berkeley
27545,Lucas,Garcia,Lucas Garcia,MALE,2022-11-25,Langley
27546,Jackson,Ross,Jackson Ross,MALE,2022-12-21,Lakewood
27547,Kevin,Hill,Kevin Hill,MALE,2022-12-03,Torrance
27548,Mason,Green,Mason Green,MALE,2023-12-23,Ballard
27549,Hunter,Johnson,Hunter Johnson,MALE,2022-11-28,Walla Walla
27550,Marcus,Blue,Marcus Blue,MALE,2022-11-27,Westminster
27551,Antonio,Long,Antonio Long,MALE,2022-12-06,Corvallis
27552,Shannon,Guo,Shannon Guo,FEMALE,2022-12-07,Coronado
27553,Julia,Sanders,Julia Sanders,FEMALE,2022-11-29,San Carlos
27554,Jordyn,West,Jordyn West,FEMALE,2022-12-16,La Jolla
27555,Isabella,Alexander,Isabella Alexander,FEMALE,2022-12-10,Torrance
27556,Amanda,Cox,Amanda Cox,FEMALE,2022-12-26,W. Linn
27557,Richard,Thomas,Richard Thomas,MALE,2022-11-02,Metchosin
27558,Caleb,Kumar,Caleb Kumar,MALE,2022-12-06,Sedro Woolley
27559,Emily,Rodriguez,Emily Rodriguez,FEMALE,2022-12-24,Spokane
27560,Grace,Patterson,Grace Patterson,FEMALE,2022-11-22,Oak Bay
27561,Kimberly,Brooks,Kimberly Brooks,FEMALE,2023-02-26,West Covina
27562,Haley,Bailey,Haley Bailey,FEMALE,2024-01-24,Vancouver
27563,Devin,Bennett,Devin Bennett,MALE,2023-06-28,W. Linn
27564,Kevin,Lal,Kevin Lal,MALE,2023-05-26,Burbank
27565,Kayla,Wood,Kayla Wood,FEMALE,2023-02-27,Downey
27566,Tristan,Long,Tristan Long,MALE,2023-06-19,Torrance
27567,Miranda,Foster,Miranda Foster,FEMALE,2023-11-10,Sedro Woolley
27568,Miguel,Evans,Miguel Evans,MALE,2022-12-25,Milwaukie
27569,Jocelyn,Wood,Jocelyn Wood,FEMALE,2022-12-10,Woodland Hills
27570,Natasha,Navarro,Natasha Navarro,FEMALE,2022-12-04,Burien
27571,Shannon,Gao,Shannon Gao,FEMALE,2022-12-27,Colma
27572,Isaiah,Carter,Isaiah Carter,MALE,2022-12-09,El Cajon
27573,Hunter,Lal,Hunter Lal,MALE,2022-12-05,Torrance
27574,Madeline,Hill,Madeline Hill,FEMALE,2022-12-17,Santa Monica
27575,Emma,Wilson,Emma Wilson,FEMALE,2022-11-30,Burbank
27576,Caroline,Gonzales,Caroline Gonzales,FEMALE,2022-12-11,Milwaukie
27577,Patrick,Cook,Patrick Cook,MALE,2021-01-06,Port Orchard
27578,Courtney,Carter,Courtney Carter,FEMALE,2021-01-14,Lakewood
27579,Bruce,Suarez,Bruce Suarez,MALE,2023-10-18,Chula Vista
27580,Krista,Blanco,Krista Blanco,FEMALE,2023-10-06,Sydney
27581,Phillip,Kapoor,Phillip Kapoor,MALE,2023-08-10,Hervey Bay
27582,Latoya,Nath,Latoya Nath,FEMALE,2023-08-08,Brisbane
27583,Calvin,Xu,Calvin Xu,MALE,2023-08-08,Cloverdale
27584,Tina,Malhotra,Tina Malhotra,FEMALE,2023-08-21,South Melbourne
27585,Candace,Subram,Candace Subram,FEMALE,2023-08-14,Hobart
27586,Jenny,She,Jenny She,FEMALE,2023-11-16,Coffs Harbour
27587,Cara,Li,Cara Li,FEMALE,2023-11-24,Silverwater
27588,Virginia,Chandra,Virginia Chandra,FEMALE,2023-11-23,Lavender Bay
27589,Derek,Yuan,Derek Yuan,MALE,2023-12-01,Wollongong
27590,Dominic,Lopez,Dominic Lopez,MALE,2023-12-23,Melbourne
27591,Gerald,Serrano,Gerald Serrano,MALE,2023-12-21,Darlinghurst
27592,Hector,Ruiz,Hector Ruiz,MALE,2023-08-10,Newcastle
27593,Jorge,Lin,Jorge Lin,MALE,2023-09-15,Darlinghurst
27594,Nicolas,Andersen,Nicolas Andersen,MALE,2023-03-12,North Sydney
27595,Jamie,Wu,Jamie Wu,FEMALE,2023-12-18,Malabar
27596,Edgar,Raman,Edgar Raman,MALE,2023-04-20,Caloundra
27597,Carl,Jai,Carl Jai,MALE,2023-09-28,Townsville
27598,Marco,Gonzalez,Marco Gonzalez,MALE,2023-09-01,Warrnambool
27599,Cory,Subram,Cory Subram,MALE,2023-09-11,Sunbury
27600,Destiny,Sanchez,Destiny Sanchez,FEMALE,2023-10-17,Spring Valley
27601,Sydney,Rogers,Sydney Rogers,FEMALE,2021-01-02,Burbank
27602,Wyatt,Campbell,Wyatt Campbell,MALE,2022-12-17,Langley
27603,Mya,Barnes,Mya Barnes,FEMALE,2023-07-06,Novato
27604,Richard,Brooks,Richard Brooks,MALE,2021-01-07,Port Orchard
27605,Miguel,Martinez,Miguel Martinez,MALE,2021-01-26,Sedro Woolley
27606,Courtney,Edwards,Courtney Edwards,FEMALE,2021-01-01,Milwaukie
27607,Joshua,Martin,Joshua Martin,MALE,2023-03-21,Metchosin
27608,Hector,Hernandez,Hector Hernandez,MALE,2023-11-04,Bellingham
27609,Audrey,Alonso,Audrey Alonso,FEMALE,2023-07-02,Beverly Hills
27610,Jeremy,Washington,Jeremy Washington,MALE,2023-05-18,Spring Valley
27611,Jack,Edwards,Jack Edwards,MALE,2021-01-26,El Cajon
27612,Lucas,Hill,Lucas Hill,MALE,2021-01-03,Berkeley
27613,Alexia,Washington,Alexia Washington,FEMALE,2022-12-04,Oak Bay
27614,Warren,Ye,Warren Ye,MALE,2021-01-16,Bellingham
27615,Maria,Henderson,Maria Henderson,FEMALE,2021-01-20,La Jolla
27616,Emma,Brown,Emma Brown,FEMALE,2020-12-31,Lemon Grove
27617,Morgan,Phillips,Morgan Phillips,FEMALE,2021-01-12,Olympia
27618,Melanie,Diaz,Melanie Diaz,FEMALE,2023-08-03,Spokane
27619,Joseph,Lee,Joseph Lee,MALE,2023-07-11,Chula Vista
27620,Nicole,Hughes,Nicole Hughes,FEMALE,2023-09-22,Colma
27621,Edward,Brown,Edward Brown,MALE,2020-12-31,Santa Monica
27622,Lucas,Wilson,Lucas Wilson,MALE,2023-09-02,Bremerton
27623,Christian,Jackson,Christian Jackson,MALE,2021-01-11,Lincoln Acres
27624,Connor,Russell,Connor Russell,MALE,2023-02-01,San Gabriel
27625,Alexandria,Hughes,Alexandria Hughes,FEMALE,2021-01-11,Lake Oswego
27626,Connor,Hayes,Connor Hayes,MALE,2023-11-22,Downey
27627,Jason,Yang,Jason Yang,MALE,2023-08-11,Long Beach
27628,Jasmine,Hughes,Jasmine Hughes,FEMALE,2023-08-05,Langford
27629,Jose,Bryant,Jose Bryant,MALE,2023-12-30,Port Orchard
27630,Xavier,Coleman,Xavier Coleman,MALE,2023-05-19,Chula Vista
27631,Gabriella,Phillips,Gabriella Phillips,FEMALE,2023-03-17,Oakland
27632,Sheila,Ortega,Sheila Ortega,FEMALE,2023-09-29,Cliffside
27633,Richard,Russell,Richard Russell,MALE,2023-07-12,Victoria
27634,Jacqueline,Cooper,Jacqueline Cooper,FEMALE,2023-11-15,Westminster
27635,Grace,Perry,Grace Perry,FEMALE,2023-12-15,Burien
27636,Paige,Murphy,Paige Murphy,FEMALE,2021-01-11,Issaquah
27637,Gabrielle,Cook,Gabrielle Cook,FEMALE,2023-07-04,Lebanon
27638,Marcus,Brooks,Marcus Brooks,MALE,2023-06-02,Marysville
27639,Emma,Price,Emma Price,FEMALE,2023-07-28,Walla Walla
27640,Lauren,Thomas,Lauren Thomas,FEMALE,2024-01-27,Concord
27641,Miranda,Alexander,Miranda Alexander,FEMALE,2021-01-28,El Cajon
27642,Kayla,Johnson,Kayla Johnson,FEMALE,2023-09-21,La Jolla
27643,Austin,Henderson,Austin Henderson,MALE,2023-10-12,Shawnee
27644,Alexandria,Sanchez,Alexandria Sanchez,FEMALE,2023-09-18,Issaquah
27645,Colin,Anand,Colin Anand,MALE,2020-12-30,Coronado
27646,Jackson,Li,Jackson Li,MALE,2021-01-13,Imperial Beach
27647,Daniel,Moore,Daniel Moore,MALE,2024-01-11,San Gabriel
27648,Chase,Rogers,Chase Rogers,MALE,2023-07-12,Walla Walla
27649,Evan,Bailey,Evan Bailey,MALE,2021-01-16,Seattle
27650,Richard,Griffin,Richard Griffin,MALE,2023-09-21,Lake Oswego
27651,Jeremy,Murphy,Jeremy Murphy,MALE,2021-01-25,Concord
27652,Miguel,Foster,Miguel Foster,MALE,2023-08-05,Woodburn
27653,Kellie,Rubio,Kellie Rubio,FEMALE,2023-05-18,Cliffside
27654,Carrie,Diaz,Carrie Diaz,FEMALE,2023-03-28,Berkeley
27655,Melinda,Alvarez,Melinda Alvarez,FEMALE,2023-10-11,Coronado
27656,Gabriel,Bryant,Gabriel Bryant,MALE,2023-08-05,Vancouver
27657,Frederick,Chandra,Frederick Chandra,MALE,2023-11-28,Chicago
27658,Cole,Gray,Cole Gray,MALE,2023-04-03,Corvallis
27659,Jesse,Lopez,Jesse Lopez,MALE,2023-01-28,Seattle
27660,Gerald,Carlson,Gerald Carlson,MALE,2023-12-24,Concord
27661,Christopher,Martinez,Christopher Martinez,MALE,2023-02-24,National City
27662,Bianca,Zheng,Bianca Zheng,FEMALE,2021-01-24,Burbank
27663,Aaron,Collins,Aaron Collins,MALE,2021-01-25,Santa Cruz
27664,Luis,Roberts,Luis Roberts,MALE,2023-04-15,West Covina
27665,Miguel,Patterson,Miguel Patterson,MALE,2023-05-28,Daly City
27666,Alyssa,Garcia,Alyssa Garcia,FEMALE,2021-01-06,Fremont
27667,Jessica,Sanchez,Jessica Sanchez,FEMALE,2021-01-19,Daly City
27668,Kevin,Gonzalez,Kevin Gonzalez,MALE,2021-01-03,Kirkland
27669,Katelyn,Allen,Katelyn Allen,FEMALE,2021-01-25,Coronado
27670,Kayla,Long,Kayla Long,FEMALE,2021-01-12,Novato
27671,Jeremiah,Martinez,Jeremiah Martinez,MALE,2021-01-09,Ballard
27672,Justin,Brown,Justin Brown,MALE,2021-08-25,Oak Bay
27673,Jennifer,Young,Jennifer Young,FEMALE,2021-01-28,Bremerton
27674,Gabrielle,Rivera,Gabrielle Rivera,FEMALE,2023-08-20,Lincoln Acres
27675,Arianna,Bell,Arianna Bell,FEMALE,2023-06-14,Salem
27676,Trevor,Flores,Trevor Flores,MALE,2024-01-13,Redwood City
27677,Marissa,Powell,Marissa Powell,FEMALE,2023-07-22,Burien
27678,Angel,Carter,Angel Carter,MALE,2021-02-17,Lake Oswego
27679,Kayla,Walker,Kayla Walker,FEMALE,2023-07-29,Puyallup
27680,Benjamin,Foster,Benjamin Foster,MALE,2023-04-07,Chula Vista
27681,Olivia,Jackson,Olivia Jackson,FEMALE,2021-02-15,Chula Vista
27682,Jennifer,Kelly,Jennifer Kelly,FEMALE,2023-11-25,Mill Valley
27683,Alexandra,Reed,Alexandra Reed,FEMALE,2023-09-01,Beaverton
27684,Emma,Coleman,Emma Coleman,FEMALE,2023-09-03,Edmonds
27685,Alfredo,Torres,Alfredo Torres,MALE,2023-12-13,Melbourne
27686,Vincent,Zhang,Vincent Zhang,MALE,2024-01-28,Lane Cove
27687,Brandy,Madan,Brandy Madan,FEMALE,2023-12-22,South Melbourne
27688,Arthur,Sanz,Arthur Sanz,MALE,2023-01-28,Goulburn
27689,Seth,Walker,Seth Walker,MALE,2023-09-13,Hobart
27690,Jaime,Navarro,Jaime Navarro,FEMALE,2023-09-18,Findon
27691,Marshall,Goel,Marshall Goel,MALE,2023-09-05,Goulburn
27692,Isaac,Lopez,Isaac Lopez,MALE,2023-09-01,Hervey Bay
27693,Tyrone,Alvarez,Tyrone Alvarez,MALE,2023-09-10,Milsons Point
27694,Lee,Gill,Lee Gill,MALE,2023-12-18,Wollongong
27695,Leslie,Blanco,Leslie Blanco,FEMALE,2023-11-30,Springwood
27696,Ruben,Rana,Ruben Rana,MALE,2023-12-07,Silverwater
27697,Melvin,Nath,Melvin Nath,MALE,2023-12-07,Caloundra
27698,Isabella,Bell,Isabella Bell,FEMALE,2023-12-08,Rockhampton
27699,Rebecca,Turner,Rebecca Turner,FEMALE,2023-12-19,Brisbane
27700,Barry,Arun,Barry Arun,MALE,2023-05-11,Geelong
27701,Joel,Arthur,Joel Arthur,MALE,2023-12-20,Darlinghurst
27702,Darryl,Lu,Darryl Lu,MALE,2023-12-06,Lane Cove
27703,Meredith,Navarro,Meredith Navarro,FEMALE,2023-06-22,Melton
27704,Jimmy,Romero,Jimmy Romero,MALE,2023-03-09,East Brisbane
27705,Roger,Pal,Roger Pal,MALE,2023-12-02,Hervey Bay
27706,Brianna,Flores,Brianna Flores,FEMALE,2023-09-08,Caloundra
27707,Colleen,Raji,Colleen Raji,FEMALE,2023-09-15,North Sydney
27708,Katie,Goel,Katie Goel,FEMALE,2023-08-31,Rockhampton
27709,Clifford,Lopez,Clifford Lopez,MALE,2023-09-02,Hobart
27710,Sean,Bailey,Sean Bailey,MALE,2023-10-10,Townsville
27711,Barbara,Tang,Barbara Tang,FEMALE,2023-09-30,Warrnambool
27712,Teresa,Munoz,Teresa Munoz,FEMALE,2023-12-26,Hervey Bay
27713,Lacey,Zhao,Lacey Zhao,FEMALE,2023-12-08,Cranbourne
27714,Omar,Pal,Omar Pal,MALE,2023-12-12,Goulburn
27715,Mya,Ross,Mya Ross,FEMALE,2023-12-07,Hervey Bay
27716,Albert,Ramos,Albert Ramos,MALE,2023-06-29,Lavender Bay
27717,Ebony,Romero,Ebony Romero,FEMALE,2023-12-04,Rhodes
27718,Franklin,Shan,Franklin Shan,MALE,2023-06-11,St. Leonards
27719,Nathan,King,Nathan King,MALE,2023-10-05,Bendigo
27720,Arturo,Wang,Arturo Wang,MALE,2023-03-02,Hervey Bay
27721,Clayton,Pal,Clayton Pal,MALE,2023-10-23,Silverwater
27722,Melvin,Jai,Melvin Jai,MALE,2023-10-08,St. Leonards
27723,Ruth,Sullivan,Ruth Sullivan,FEMALE,2023-12-20,Brisbane
27724,Tyler,Martin,Tyler Martin,MALE,2023-09-26,Shawnee
27725,Samuel,Sharma,Samuel Sharma,MALE,2023-10-24,N. Vancouver
27726,Sophia,Hall,Sophia Hall,FEMALE,2021-02-04,Lemon Grove
27727,Chloe,Hill,Chloe Hill,FEMALE,2023-03-22,San Diego
27728,Colleen,Deng,Colleen Deng,FEMALE,2023-11-23,Hervey Bay
27729,Sophia,Phillips,Sophia Phillips,FEMALE,2023-02-11,Lynnwood
27730,Isabella,Cox,Isabella Cox,FEMALE,2023-05-06,Ballard
27731,Gabriel,Shan,Gabriel Shan,MALE,2023-12-12,Shawnee
27732,Katherine,White,Katherine White,FEMALE,2023-11-09,Walla Walla
27733,Ronald,Subram,Ronald Subram,MALE,2023-12-12,Perth
27734,Aaron,McDonald,Aaron McDonald,MALE,2023-06-05,Oak Bay
27735,Shelby,Sanders,Shelby Sanders,FEMALE,2024-01-24,Everett
27736,Mackenzie,Young,Mackenzie Young,FEMALE,2023-12-01,Woodburn
27737,Brandon,Taylor,Brandon Taylor,MALE,2023-05-22,Redwood City
27738,Kaylee,Parker,Kaylee Parker,FEMALE,2023-09-20,Cliffside
27739,Marie,Moreno,Marie Moreno,FEMALE,2023-05-15,Cliffside
27740,Jodi,Nath,Jodi Nath,FEMALE,2023-03-17,Burien
27741,Gabrielle,Foster,Gabrielle Foster,FEMALE,2024-01-21,Burien
27742,Devin,Jones,Devin Jones,MALE,2023-11-03,Lebanon
27743,Stefanie,Garcia,Stefanie Garcia,FEMALE,2023-12-09,Geelong
27744,Gilbert,Pal,Gilbert Pal,MALE,2023-01-21,Springwood
27745,Levi,Sanchez,Levi Sanchez,MALE,2023-01-06,Lavender Bay
27746,Dale,Raje,Dale Raje,MALE,2023-02-27,St. Leonards
27747,Edward,Henderson,Edward Henderson,MALE,2023-12-01,Edmonds
27748,Luis,Patterson,Luis Patterson,MALE,2023-10-02,Milwaukie
27749,Alexis,Brown,Alexis Brown,FEMALE,2023-08-14,Burbank
27750,Carlos,Phillips,Carlos Phillips,MALE,2023-09-16,Burlingame
27751,Zoe,Cooper,Zoe Cooper,FEMALE,2023-05-29,Fremont
27752,Christian,Butler,Christian Butler,MALE,2021-08-19,Victoria
27753,Steven,Morgan,Steven Morgan,MALE,2023-03-21,W. Linn
27754,Marcus,Gonzalez,Marcus Gonzalez,MALE,2023-08-22,La Jolla
27755,Alyssa,Jenkins,Alyssa Jenkins,FEMALE,2023-05-06,Woodland Hills
27756,Angela,Ward,Angela Ward,FEMALE,2023-07-17,Sooke
27757,Bobby,Van,Bobby Van,MALE,2023-03-25,Cliffside
27758,Sara,Cox,Sara Cox,FEMALE,2023-03-25,Vancouver
27759,Alexandria,Brooks,Alexandria Brooks,FEMALE,2021-02-17,Renton
27760,Latasha,Bradley,Latasha Bradley,FEMALE,2023-05-30,Pantin
27761,Monica,Madan,Monica Madan,FEMALE,2023-06-11,Berlin
27762,Shawn,Yuan,Shawn Yuan,MALE,2023-11-06,Berks
27763,Stephanie,Wright,Stephanie Wright,FEMALE,2023-10-05,Saint-Denis
27764,Jaclyn,Becker,Jaclyn Becker,FEMALE,2023-10-14,Paris
27765,Jerry,Tang,Jerry Tang,MALE,2023-01-20,Frankfurt
27766,Joel,Vance,Joel Vance,MALE,2023-01-03,Dresden
27767,Brandy,Arun,Brandy Arun,FEMALE,2022-12-28,Solingen
27768,Deanna,Madan,Deanna Madan,FEMALE,2023-10-17,Orleans
27769,Marie,Madan,Marie Madan,FEMALE,2023-10-23,Paris
27770,Autumn,Zhao,Autumn Zhao,FEMALE,2023-02-22,Erlangen
27771,Terrance,Subram,Terrance Subram,MALE,2023-10-05,Roubaix
27772,Darrell,Goel,Darrell Goel,MALE,2023-03-07,Morangis
27773,Alan,Li,Alan Li,MALE,2023-11-20,Orly
27774,Marc,Munoz,Marc Munoz,MALE,2023-02-20,Stuttgart
27775,Nina,Shen,Nina Shen,FEMALE,2023-06-24,Erlangen
27776,Audrey,Gomez,Audrey Gomez,FEMALE,2023-11-13,Paris
27777,Jarred,Martin,Jarred Martin,MALE,2023-02-20,München
27778,Tabitha,Garcia,Tabitha Garcia,FEMALE,2023-08-01,London
27779,Jordan,Washington,Jordan Washington,MALE,2023-11-15,Chatou
27780,Christy,Andersen,Christy Andersen,FEMALE,2023-11-14,Dunkerque
27781,Allen,Sai,Allen Sai,MALE,2023-08-27,London
27782,Mason,Hernandez,Mason Hernandez,MALE,2023-02-25,Watford
27783,Isabel,Bradley,Isabel Bradley,FEMALE,2023-04-02,Watford
27784,Shane,Arun,Shane Arun,MALE,2023-11-20,Villeneuve-d'Ascq
27785,Sebastian,Bell,Sebastian Bell,MALE,2023-07-24,Esher-Molesey
27786,Cynthia,Raman,Cynthia Raman,FEMALE,2023-09-05,Peterborough
27787,Gerald,Ramos,Gerald Ramos,MALE,2023-02-25,Hannover
27788,Brent,Lin,Brent Lin,MALE,2023-03-11,Warrington
27789,Nicolas,Goldberg,Nicolas Goldberg,MALE,2023-08-30,W. York
27790,Molly,Srini,Molly Srini,FEMALE,2023-09-05,London
27791,Shawna,Deng,Shawna Deng,FEMALE,2023-03-02,München
27792,Jacquelyn,Alonso,Jacquelyn Alonso,FEMALE,2023-03-10,Kassel
27793,Mitchell,Shan,Mitchell Shan,MALE,2024-01-05,Colombes
27794,Dawn,Kumar,Dawn Kumar,FEMALE,2023-03-03,Reading
27795,Holly,Vance,Holly Vance,FEMALE,2023-07-03,Paris
27796,Jarrod,Patel,Jarrod Patel,MALE,2023-08-03,Paris
27797,Melvin,Deng,Melvin Deng,MALE,2023-05-30,Duesseldorf
27798,Brandon,Bryant,Brandon Bryant,MALE,2023-07-13,Neunkirchen
27799,Bryce,Watson,Bryce Watson,MALE,2023-01-18,Watford
27800,Regina,Suri,Regina Suri,FEMALE,2023-02-02,York
27801,Kaitlyn,Cooper,Kaitlyn Cooper,FEMALE,2023-02-28,Frankfurt
27802,Robyn,Romero,Robyn Romero,FEMALE,2023-09-17,Cheltenham
27803,Theresa,Suarez,Theresa Suarez,FEMALE,2023-05-13,Pantin
27804,Shaun,Xu,Shaun Xu,MALE,2023-09-25,Gloucestershire
27805,Barbara,Ye,Barbara Ye,FEMALE,2023-11-11,Croix
27806,Krista,Sanz,Krista Sanz,FEMALE,2023-02-19,Maidenhead
27807,Shaun,Kumar,Shaun Kumar,MALE,2023-02-17,Boulogne-Billancourt
27808,Christopher,Clark,Christopher Clark,MALE,2023-11-13,Chatou
27809,Arianna,Sanchez,Arianna Sanchez,FEMALE,2023-07-18,Werne
27810,Meghan,Munoz,Meghan Munoz,FEMALE,2023-12-14,Gateshead
27811,Darren,Vazquez,Darren Vazquez,MALE,2023-07-20,Kassel
27812,Alison,Lal,Alison Lal,FEMALE,2023-08-18,Paris
27813,Roy,Vance,Roy Vance,MALE,2023-08-18,Frankfurt
27814,Katrina,Shan,Katrina Shan,FEMALE,2023-03-16,Münster
27815,Jamie,Chow,Jamie Chow,FEMALE,2023-02-15,Peterborough
27816,Erick,Kapoor,Erick Kapoor,MALE,2023-05-24,Croix
27817,Sandra,Hu,Sandra Hu,FEMALE,2023-12-17,Liverpool
27818,Candice,Hu,Candice Hu,FEMALE,2023-12-27,Warrington
27819,Michele,Martin,Michele Martin,FEMALE,2023-01-14,Watford
27820,Joel,Patel,Joel Patel,MALE,2022-12-29,Woolston
27821,Leonard,Deng,Leonard Deng,MALE,2023-02-12,York
27822,Jerry,Lal,Jerry Lal,MALE,2023-07-24,York
27823,Joan,Gao,Joan Gao,FEMALE,2023-07-05,Hamburg
27824,Michele,Moreno,Michele Moreno,FEMALE,2023-11-01,Orleans
27825,Christy,Zimmerman,Christy Zimmerman,FEMALE,2023-04-25,Bottrop
27826,Nicolas,Xu,Nicolas Xu,MALE,2023-04-21,München
27827,Meagan,Malhotra,Meagan Malhotra,FEMALE,2023-11-07,Birmingham
27828,Ernest,Gao,Ernest Gao,MALE,2023-03-23,London
27829,Jorge,Wang,Jorge Wang,MALE,2023-12-03,Paris
27830,Caleb,Hall,Caleb Hall,MALE,2023-11-08,Paderborn
27831,Clinton,Vazquez,Clinton Vazquez,MALE,2024-01-23,Bonn
27832,Margaret,Powell,Margaret Powell,FEMALE,2023-08-11,Erlangen
27833,Dawn,Lu,Dawn Lu,FEMALE,2023-11-18,London
27834,Diana,Suarez,Diana Suarez,FEMALE,2023-07-09,Orleans
27835,Darren,Ruiz,Darren Ruiz,MALE,2023-02-23,Saint Ouen
27836,Pedro,Navarro,Pedro Navarro,MALE,2023-03-17,Courbevoie
27837,Kelsey,Jai,Kelsey Jai,FEMALE,2023-02-15,London
27838,Janelle,Sai,Janelle Sai,FEMALE,2023-11-24,Stuttgart
27839,Susan,Li,Susan Li,FEMALE,2023-03-13,Stoke-on-Trent
27840,John,Johnson,John Johnson,MALE,2023-05-30,Chatou
27841,Gerald,Vance,Gerald Vance,MALE,2023-03-19,London
27842,Evelyn,Arun,Evelyn Arun,FEMALE,2023-06-28,London
27843,Gerald,Navarro,Gerald Navarro,MALE,2023-07-09,Grevenbroich
27844,Arturo,Li,Arturo Li,MALE,2023-06-18,Paris
27845,Angel,Wright,Angel Wright,MALE,2023-11-02,Drancy
27846,Albert,Rubio,Albert Rubio,MALE,2023-12-03,Paris
27847,Kristina,Rana,Kristina Rana,FEMALE,2023-06-18,Warrington
27848,Fernando,Perez,Fernando Perez,MALE,2023-10-28,York
27849,Dalton,Adams,Dalton Adams,MALE,2023-11-07,Bobigny
27850,Jason,Green,Jason Green,MALE,2023-03-27,Saint-Denis
27851,Diana,Martin,Diana Martin,FEMALE,2023-04-08,Paris
27852,Jamie,Ramos,Jamie Ramos,MALE,2023-09-11,London
27853,Amy,Zheng,Amy Zheng,FEMALE,2023-09-22,Saint Germain en Laye
27854,Marc,Rubio,Marc Rubio,MALE,2023-12-02,Paris
27855,Lisa,Ye,Lisa Ye,FEMALE,2023-11-02,Ingolstadt
27856,Bonnie,Tang,Bonnie Tang,FEMALE,2023-09-26,Runcorn
27857,Brandi,Munoz,Brandi Munoz,FEMALE,2023-03-14,Lieusaint
27858,Anders,Skjønaa,Anders Skjønaa,FEMALE,2023-07-20,Bonn
27859,Danny,Carlson,Danny Carlson,MALE,2023-04-12,Salzgitter
27860,Hector,Martin,Hector Martin,MALE,2023-12-21,Lane Cove
27861,Karen,He,Karen He,FEMALE,2023-12-20,Sunbury
27862,Joanna,Alonso,Joanna Alonso,FEMALE,2023-12-21,Hawthorne
27863,Carolyn,Ruiz,Carolyn Ruiz,FEMALE,2023-12-18,Newcastle
27864,Shaun,Luo,Shaun Luo,MALE,2023-06-02,North Ryde
27865,Destiny,Butler,Destiny Butler,FEMALE,2023-06-07,Port Macquarie
27866,Sergio,Raman,Sergio Raman,MALE,2023-07-06,South Melbourne
27867,Alberto,Blanco,Alberto Blanco,MALE,2023-08-07,Lavender Bay
27868,Jessie,Rubio,Jessie Rubio,FEMALE,2023-09-29,Newcastle
27869,Shawna,Shan,Shawna Shan,FEMALE,2023-10-23,Lane Cove
27870,Ryan,Davis,Ryan Davis,MALE,2023-11-12,Warrnambool
27871,Faith,Cook,Faith Cook,FEMALE,2023-12-23,Townsville
27872,Ivan,Martinez,Ivan Martinez,MALE,2023-12-17,Rockhampton
27873,Dawn,Xu,Dawn Xu,FEMALE,2022-12-28,Wollongong
27874,Randy,Zhao,Randy Zhao,MALE,2023-03-11,Coffs Harbour
27875,Pamela,Patel,Pamela Patel,FEMALE,2023-03-11,Rockhampton
27876,Willie,Deng,Willie Deng,MALE,2023-06-27,Bendigo
27877,Rebekah,Dominguez,Rebekah Dominguez,FEMALE,2023-07-11,Warrnambool
27878,Dennis,He,Dennis He,MALE,2023-08-03,Hervey Bay
27879,Kelvin,Chander,Kelvin Chander,MALE,2023-08-11,Melton
27880,Curtis,Hu,Curtis Hu,MALE,2023-04-11,Stoke-on-Trent
27881,Raul,Nath,Raul Nath,MALE,2023-12-16,Paris
27882,Franklin,Hu,Franklin Hu,MALE,2023-04-12,Erlangen
27883,Marc,Hernandez,Marc Hernandez,MALE,2023-04-22,Grevenbroich
27884,Jill,Alonso,Jill Alonso,FEMALE,2023-04-15,Hamburg
27885,Marvin,Torres,Marvin Torres,MALE,2023-09-28,London
27886,Denise,Gonzalez,Denise Gonzalez,FEMALE,2023-11-06,Pantin
27887,Eugene,Zhang,Eugene Zhang,MALE,2023-05-05,Paris
27888,Tina,Rodriguez,Tina Rodriguez,FEMALE,2023-12-17,Paris
27889,Jodi,Xie,Jodi Xie,FEMALE,2023-10-25,Paris
27890,Kyle,Evans,Kyle Evans,MALE,2023-09-12,Esher-Molesey
27891,Carlos,Howard,Carlos Howard,MALE,2023-09-13,Leeds
27892,Isabella,Foster,Isabella Foster,FEMALE,2023-10-02,Peterborough
27893,Clinton,Jiménez,Clinton Jiménez,MALE,2023-09-30,Villeneuve-d'Ascq
27894,Gerald,Sai,Gerald Sai,MALE,2023-10-18,Leeds
27895,Colin,Pal,Colin Pal,MALE,2023-12-15,Bobigny
27896,Orlando,Torres,Orlando Torres,MALE,2023-10-27,Runcorn
27897,Robin,Munoz,Robin Munoz,FEMALE,2023-05-25,Braunschweig
27898,Trinity,Bell,Trinity Bell,FEMALE,2023-12-13,Saint Germain en Laye
27899,Mandy,Xu,Mandy Xu,FEMALE,2023-12-09,Cergy
27900,Toni,Prasad,Toni Prasad,FEMALE,2023-05-18,Poing
27901,Mariah,Cooper,Mariah Cooper,FEMALE,2023-04-19,Runcorn
27902,Carolyn,Alonso,Carolyn Alonso,FEMALE,2023-07-30,Hamburg
27903,Janelle,Suri,Janelle Suri,FEMALE,2023-03-28,Pantin
27904,Andre,Rana,Andre Rana,MALE,2023-02-24,Gateshead
27905,Mario,Black,Mario Black,MALE,2023-06-18,Warrington
27906,Gilbert,Chen,Gilbert Chen,MALE,2023-10-21,Oxon
27907,Michael,Taylor,Michael Taylor,MALE,2023-10-24,Esher-Molesey
27908,Adriana,Sanchez,Adriana Sanchez,FEMALE,2023-05-28,Berlin
27909,Mayra,Randall,Mayra Randall,FEMALE,2023-10-10,London
27910,Arturo,Zhou,Arturo Zhou,MALE,2023-02-13,Melbourne
27911,Robert,Moore,Robert Moore,MALE,2024-01-06,Lynnwood
27912,Caitlin,Ramirez,Caitlin Ramirez,FEMALE,2023-12-19,Redmond
27913,Brittney,Zheng,Brittney Zheng,FEMALE,2023-08-11,Beverly Hills
27914,Jasmine,Foster,Jasmine Foster,FEMALE,2023-04-12,Coronado
27915,Jordan,Green,Jordan Green,FEMALE,2023-10-15,Imperial Beach
27916,Aaron,Carter,Aaron Carter,MALE,2023-12-22,Woodland Hills
27917,Andrea,Sanders,Andrea Sanders,FEMALE,2021-02-18,Long Beach
27918,Samantha,Ross,Samantha Ross,FEMALE,2021-02-16,Burlingame
27919,Ryan,Lal,Ryan Lal,MALE,2021-02-27,Issaquah
27920,Mary,Howard,Mary Howard,FEMALE,2021-02-15,Woodland Hills
27921,Sydney,Long,Sydney Long,FEMALE,2023-08-19,Cliffside
27922,Isabella,King,Isabella King,FEMALE,2023-10-19,Bremerton
27923,Douglas,Arun,Douglas Arun,MALE,2023-10-23,Sulzbach Taunus
27924,Jeffery,He,Jeffery He,MALE,2023-03-29,Kiel
27925,Adam,Butler,Adam Butler,MALE,2023-11-13,Gateshead
27926,Eduardo,Mitchell,Eduardo Mitchell,MALE,2023-03-17,Saint Germain en Laye
27927,Omar,Zhao,Omar Zhao,MALE,2023-12-24,Birmingham
27928,Dianne,Slattengren,Dianne Slattengren,FEMALE,2023-08-27,Maidenhead
27929,Ross,Madan,Ross Madan,MALE,2023-03-23,Warrington
27930,Clarence,Sharma,Clarence Sharma,MALE,2023-04-01,Berlin
27931,Tabitha,Patel,Tabitha Patel,FEMALE,2023-11-22,Berlin
27932,Leslie,Diaz,Leslie Diaz,FEMALE,2023-08-09,Essen
27933,Amber,Evans,Amber Evans,FEMALE,2023-11-20,Saint-Denis
27934,Lanna,Slaven,Lanna Slaven,FEMALE,2023-12-13,Les Ulis
27935,Johnny,Chander,Johnny Chander,MALE,2023-08-26,Colomiers
27936,Bruce,Martin,Bruce Martin,MALE,2023-06-17,Croix
27937,Kristine,Alvarez,Kristine Alvarez,FEMALE,2023-03-18,Hamburg
27938,Ricky,Serrano,Ricky Serrano,MALE,2023-07-12,London
27939,Lawrence,Navarro,Lawrence Navarro,MALE,2023-04-10,Oxon
27940,Ross,Suarez,Ross Suarez,MALE,2023-05-11,London
27941,Margaret,Chen,Margaret Chen,FEMALE,2023-06-24,Grevenbroich
27942,Marvin,Diaz,Marvin Diaz,MALE,2023-01-30,Courbevoie
27943,Sabrina,Alvarez,Sabrina Alvarez,FEMALE,2023-04-19,Ingolstadt
27944,Dalton,Bell,Dalton Bell,MALE,2023-05-28,Kassel
27945,Christine,Andersen,Christine Andersen,FEMALE,2023-04-26,London
27946,Katie,Holt,Katie Holt,FEMALE,2023-11-19,Warrington
27947,Alison,Andersen,Alison Andersen,FEMALE,2023-10-28,München
27948,Cathy,Sloan,Cathy Sloan,MALE,2023-05-30,München
27949,Jason,Russell,Jason Russell,MALE,2023-01-04,York
27950,Shannon,Sanz,Shannon Sanz,MALE,2023-11-06,Metz
27951,Roy,Torres,Roy Torres,MALE,2023-12-14,Paris
27952,Roy,Perez,Roy Perez,MALE,2023-06-27,Essen
27953,Marie,Garcia,Marie Garcia,FEMALE,2023-02-12,Oxford
27954,Brenda,Saunders,Brenda Saunders,FEMALE,2023-08-21,Paris
27955,Ramon,Wu,Ramon Wu,MALE,2023-06-20,Billericay
27956,Terrence,Jai,Terrence Jai,MALE,2023-02-21,Maidenhead
27957,Tabitha,Suri,Tabitha Suri,FEMALE,2023-03-31,Oxford
27958,Marcus,Clark,Marcus Clark,MALE,2023-12-16,Peterborough
27959,Armando,Ramos,Armando Ramos,MALE,2023-08-01,Leipzig
27960,Randall,Alonso,Randall Alonso,MALE,2023-04-20,Paderborn
27961,Alejandro,Zheng,Alejandro Zheng,MALE,2023-03-23,Boulogne-sur-Mer
27962,Rebekah,Martin,Rebekah Martin,FEMALE,2023-07-30,Lille
27963,Kendra,Dominguez,Kendra Dominguez,FEMALE,2023-12-12,Hamburg
27964,Alicia,Shan,Alicia Shan,FEMALE,2023-05-04,Leeds
27965,Meredith,Gomez,Meredith Gomez,FEMALE,2023-03-09,Milton Keynes
27966,Jenny,Chen,Jenny Chen,FEMALE,2023-03-24,Les Ulis
27967,Stefanie,Patel,Stefanie Patel,FEMALE,2023-04-18,York
27968,Roger,Xu,Roger Xu,MALE,2023-02-02,St. Leonards
27969,Bryant,Patel,Bryant Patel,MALE,2023-11-25,Brisbane
27970,Willie,Andersen,Willie Andersen,MALE,2023-04-04,North Ryde
27971,Jodi,Jai,Jodi Jai,FEMALE,2023-10-30,Goulburn
27972,Leonard,Smith,Leonard Smith,MALE,2023-11-23,Port Macquarie
27973,Randall,Serrano,Randall Serrano,MALE,2023-11-24,Seaford
27974,Dustin,Shen,Dustin Shen,MALE,2023-11-16,Gold Coast
27975,Jay,Gill,Jay Gill,MALE,2023-09-11,Goulburn
27976,Dominique,Gonzalez,Dominique Gonzalez,FEMALE,2023-09-16,Coffs Harbour
27977,Jerome,Alonso,Jerome Alonso,MALE,2023-11-09,Lavender Bay
27978,Barbara,Luo,Barbara Luo,FEMALE,2023-02-04,Milsons Point
27979,Ramon,Zeng,Ramon Zeng,MALE,2023-08-02,Newcastle
27980,Crystal,Hu,Crystal Hu,FEMALE,2023-05-16,Darlinghurst
27981,Aimee,Hu,Aimee Hu,FEMALE,2023-01-31,Melton
27982,Cesar,Perez,Cesar Perez,MALE,2023-11-02,Darlinghurst
27983,Ruben,Saunders,Ruben Saunders,MALE,2023-10-31,Cloverdale
27984,Rebekah,Ramos,Rebekah Ramos,FEMALE,2023-11-28,Hawthorne
27985,Michele,Shen,Michele Shen,FEMALE,2023-11-17,Malabar
27986,Henry,Vance,Henry Vance,MALE,2023-12-09,Lavender Bay
27987,Wyatt,Jenkins,Wyatt Jenkins,MALE,2023-12-04,Geelong
27988,Dylan,Ross,Dylan Ross,MALE,2023-10-19,Fremont
27989,Joseph,Thomas,Joseph Thomas,MALE,2024-01-07,Newport Beach
27990,Katherine,Thompson,Katherine Thompson,FEMALE,2023-08-14,Novato
27991,Natalie,Rivera,Natalie Rivera,FEMALE,2023-09-15,Oregon City
27992,Dylan,Taylor,Dylan Taylor,MALE,2023-11-19,Salem
27993,Hunter,Miller,Hunter Miller,MALE,2023-05-05,Santa Cruz
27994,Jodi,Rai,Jodi Rai,FEMALE,2023-08-23,Beaverton
27995,Carlos,Stewart,Carlos Stewart,MALE,2023-03-02,Berkeley
27996,Angela,Alexander,Angela Alexander,FEMALE,2023-02-09,Mill Valley
27997,Lydia,Malhotra,Lydia Malhotra,FEMALE,2023-11-01,Burlingame
27998,Ethan,Lewis,Ethan Lewis,MALE,2023-09-10,Shawnee
27999,Nathan,Shan,Nathan Shan,MALE,2023-11-10,Portland
28000,Rebecca,Roberts,Rebecca Roberts,FEMALE,2023-09-07,Langley
28001,Sydney,Rodriguez,Sydney Rodriguez,FEMALE,2023-10-13,Burlingame
28002,Christy,Kumar,Christy Kumar,FEMALE,2023-04-01,Bremerton
28003,Julia,Sanchez,Julia Sanchez,FEMALE,2023-02-20,Lynnwood
28004,Andrea,Edwards,Andrea Edwards,FEMALE,2023-04-15,Marysville
28005,Amber,Young,Amber Young,FEMALE,2023-03-27,Berkeley
28006,Seth,Torres,Seth Torres,MALE,2023-06-09,Long Beach
28007,Clayton,Ye,Clayton Ye,MALE,2023-08-15,Beverly Hills
28008,Jada,Baker,Jada Baker,FEMALE,2023-07-24,Salem
28009,Arianna,Washington,Arianna Washington,FEMALE,2023-07-11,La Jolla
28010,Justin,Long,Justin Long,MALE,2023-08-11,Oregon City
28011,Andrew,Lan,Andrew Lan,MALE,2023-04-24,Milwaukie
28012,Ian,Stewart,Ian Stewart,MALE,2023-08-23,Lake Oswego
28013,James,Miller,James Miller,MALE,2021-08-13,Port Hammond
28014,Rachel,Robinson,Rachel Robinson,FEMALE,2021-02-04,Beverly Hills
28015,Christian,Chen,Christian Chen,MALE,2023-05-27,Kirkland
28016,Cody,Sanders,Cody Sanders,MALE,2023-10-10,Newport Beach
28017,Christopher,Martin,Christopher Martin,MALE,2021-02-11,Bremerton
28018,Rachel,Foster,Rachel Foster,FEMALE,2021-01-30,Redwood City
28019,Melissa,Ramirez,Melissa Ramirez,FEMALE,2023-12-21,Edmonds
28020,Lucas,Griffin,Lucas Griffin,MALE,2023-05-08,Everett
28021,Katherine,Nelson,Katherine Nelson,FEMALE,2023-07-09,Port Hammond
28022,Jason,Lopez,Jason Lopez,MALE,2021-02-15,Downey
28023,Andrea,James,Andrea James,FEMALE,2024-01-03,Corvallis
28024,Miguel,Perry,Miguel Perry,MALE,2024-01-17,Burlingame
28025,Mya,Russell,Mya Russell,FEMALE,2024-01-21,Vancouver
28026,Paige,Ross,Paige Ross,FEMALE,2023-11-27,Palo Alto
28027,Destiny,Hughes,Destiny Hughes,FEMALE,2023-11-07,Victoria
28028,Elijah,Allen,Elijah Allen,MALE,2023-04-08,Marysville
28029,Seth,Price,Seth Price,MALE,2023-08-24,Burbank
28030,Jason,Gonzalez,Jason Gonzalez,MALE,2021-02-10,Beaverton
28031,Kari,Navarro,Kari Navarro,FEMALE,2021-02-07,Chula Vista
28032,Grace,Coleman,Grace Coleman,FEMALE,2023-02-21,Glendale
28033,Gavin,Jenkins,Gavin Jenkins,MALE,2023-10-30,Burlingame
28034,Gabriella,Stewart,Gabriella Stewart,FEMALE,2023-12-04,Langford
28035,Gabriella,Green,Gabriella Green,FEMALE,2023-04-29,Newton
28036,Jonathan,Gonzales,Jonathan Gonzales,MALE,2021-08-03,Sooke
28037,Jeremiah,Gonzales,Jeremiah Gonzales,MALE,2023-12-14,Woodburn
28038,Philip,Gomez,Philip Gomez,MALE,2021-02-01,Bellflower
28039,Xavier,Lee,Xavier Lee,MALE,2021-02-09,Palo Alto
28040,Jack,Mitchell,Jack Mitchell,MALE,2021-02-08,Everett
28041,Rebecca,Wright,Rebecca Wright,FEMALE,2021-02-27,Olympia
28042,Joseph,Brown,Joseph Brown,MALE,2021-02-12,Concord
28043,Gabrielle,Young,Gabrielle Young,FEMALE,2023-04-24,Concord
28044,Jimmy,Navarro,Jimmy Navarro,MALE,2021-02-16,Concord
28045,Zachary,Thomas,Zachary Thomas,MALE,2023-09-07,Haney
28046,Michelle,Reed,Michelle Reed,FEMALE,2023-12-13,Langford
28047,Jay,Sanchez,Jay Sanchez,MALE,2021-02-15,Beaverton
28048,Samuel,Powell,Samuel Powell,MALE,2023-10-31,Lemon Grove
28049,Xavier,Washington,Xavier Washington,MALE,2023-02-13,Oakland
28050,Isaiah,Evans,Isaiah Evans,MALE,2023-10-10,Santa Monica
28051,Thomas,Young,Thomas Young,MALE,2021-08-28,Vancouver
28052,Franklin,Li,Franklin Li,MALE,2023-11-04,Bremerton
28053,Jared,Howard,Jared Howard,MALE,2023-04-15,Beverly Hills
28054,Carol,Cox,Carol Cox,FEMALE,2023-03-30,Redwood City
28055,Brooke,Peterson,Brooke Peterson,FEMALE,2023-06-16,Port Orchard
28056,Alex,Gray,Alex Gray,MALE,2023-11-27,Walla Walla
28057,Rachel,Anderson,Rachel Anderson,FEMALE,2023-03-25,Seattle
28058,Jaime,Alvarez,Jaime Alvarez,FEMALE,2023-12-03,Burlingame
28059,Bradley,Shen,Bradley Shen,MALE,2023-07-23,Bellflower
28060,Blake,Rodriguez,Blake Rodriguez,MALE,2023-08-08,Salem
28061,Kyle,Lopez,Kyle Lopez,MALE,2021-02-16,Burlingame
28062,Xavier,Roberts,Xavier Roberts,MALE,2021-02-27,Santa Monica
28063,Gabrielle,Turner,Gabrielle Turner,FEMALE,2021-02-09,Santa Cruz
28064,Tamara,Nath,Tamara Nath,FEMALE,2021-02-23,Beaverton
28065,Carrie,Gill,Carrie Gill,FEMALE,2021-02-02,Beverly Hills
28066,Justin,Taylor,Justin Taylor,MALE,2021-01-29,Downey
28067,Olivia,Bennett,Olivia Bennett,FEMALE,2021-02-08,Lemon Grove
28068,Amanda,Wood,Amanda Wood,FEMALE,2021-02-06,Newport Beach
28069,Jacob,Johnson,Jacob Johnson,MALE,2023-11-27,Sooke
28070,Ian,Morris,Ian Morris,MALE,2021-02-11,Daly City
28071,Trevor,Ross,Trevor Ross,MALE,2021-02-08,Berkeley
28072,Alyssa,Morris,Alyssa Morris,FEMALE,2023-10-29,Metchosin
28073,Mackenzie,Green,Mackenzie Green,FEMALE,2023-05-24,Port Hammond
28074,Justin,Davis,Justin Davis,MALE,2023-10-17,Vancouver
28075,Edward,Jones,Edward Jones,MALE,2023-11-23,Spokane
28076,Logan,Williams,Logan Williams,MALE,2021-02-07,Redwood City
28077,Sarah,Williams,Sarah Williams,FEMALE,2023-06-04,San Gabriel
28078,Jack,Young,Jack Young,MALE,2021-02-18,Lake Oswego
28079,Haley,Phillips,Haley Phillips,FEMALE,2023-11-30,Shawnee
28080,Isabella,Peterson,Isabella Peterson,FEMALE,2023-02-28,Victoria
28081,Paige,Watson,Paige Watson,FEMALE,2023-12-14,Portland
28082,Nathaniel,Peterson,Nathaniel Peterson,MALE,2023-03-02,Puyallup
28083,Kaitlyn,Foster,Kaitlyn Foster,FEMALE,2021-02-12,Bellflower
28084,Cameron,McDonald,Cameron McDonald,MALE,2023-09-06,Berkeley
28085,Jeremiah,Evans,Jeremiah Evans,MALE,2023-06-02,Marysville
28086,Bridget,Anand,Bridget Anand,FEMALE,2023-04-08,Bellflower
28087,Maria,Simmons,Maria Simmons,FEMALE,2023-05-29,Bellflower
28088,Marshall,Lal,Marshall Lal,MALE,2021-03-06,Bellflower
28089,Xavier,Campbell,Xavier Campbell,MALE,2023-09-12,Chula Vista
28090,Edward,Walker,Edward Walker,MALE,2023-04-01,Fremont
28091,Valerie,Liang,Valerie Liang,FEMALE,2023-11-25,Newcastle
28092,Morgan,Hall,Morgan Hall,FEMALE,2021-08-11,Haney
28093,Brad,Kumar,Brad Kumar,MALE,2023-09-20,Bellingham
28094,Melanie,Peterson,Melanie Peterson,FEMALE,2023-02-21,Lake Oswego
28095,Natalie,Bryant,Natalie Bryant,FEMALE,2023-06-27,Sedro Woolley
28096,Alexandra,Stewart,Alexandra Stewart,FEMALE,2021-03-15,Berkeley
28097,Jennifer,Barnes,Jennifer Barnes,FEMALE,2021-03-09,Chula Vista
28098,Roger,Zhu,Roger Zhu,MALE,2023-11-11,Sunbury
28099,Jesse,Turner,Jesse Turner,MALE,2021-03-26,Woodland Hills
28100,Kimberly,Gray,Kimberly Gray,FEMALE,2023-08-12,Woodland Hills
28101,Timothy,Bell,Timothy Bell,MALE,2023-02-10,Port Hammond
28102,Arturo,Deng,Arturo Deng,MALE,2023-12-27,North Ryde
28103,Pedro,Martin,Pedro Martin,MALE,2023-12-12,Silverwater
28104,Hannah,Williams,Hannah Williams,FEMALE,2023-11-29,Coronado
28105,Hannah,Garcia,Hannah Garcia,FEMALE,2023-09-10,Downey
28106,Chloe,Williams,Chloe Williams,FEMALE,2023-04-15,Grossmont
28107,Tara,Simpson,Tara Simpson,FEMALE,2023-02-14,Geelong
28108,Roger,Yang,Roger Yang,MALE,2023-03-07,Geelong
28109,Leonard,Tang,Leonard Tang,MALE,2023-03-12,Geelong
28110,Cassandra,Sai,Cassandra Sai,FEMALE,2023-03-12,Newcastle
28111,Jon,Zhang,Jon Zhang,MALE,2023-03-27,Sydney
28112,Savannah,Evans,Savannah Evans,FEMALE,2021-03-07,Downey
28113,Amanda,Powell,Amanda Powell,FEMALE,2023-04-18,Wollongong
28114,Jared,Cox,Jared Cox,MALE,2023-02-25,Gold Coast
28115,Deanna,Jiménez,Deanna Jiménez,FEMALE,2023-03-09,Caloundra
28116,Sabrina,Dominguez,Sabrina Dominguez,FEMALE,2023-04-23,Hawthorne
28117,Craig,Vazquez,Craig Vazquez,MALE,2023-04-08,Sydney
28118,Briana,Jiménez,Briana Jiménez,FEMALE,2023-12-22,Brisbane
28119,Curtis,Ma,Curtis Ma,MALE,2023-12-10,Milsons Point
28120,Pedro,Alvarez,Pedro Alvarez,MALE,2023-12-06,St. Leonards
28121,Julia,Robinson,Julia Robinson,FEMALE,2023-11-06,Victoria
28122,Gabriel,King,Gabriel King,MALE,2023-05-25,Redmond
28123,Daisy,Ortega,Daisy Ortega,FEMALE,2023-09-28,Berkeley
28124,Mackenzie,Kelly,Mackenzie Kelly,FEMALE,2023-11-28,Daly City
28125,Dalton,Jackson,Dalton Jackson,MALE,2023-12-13,Fremont
28126,Anna,Johnson,Anna Johnson,FEMALE,2023-04-09,Glendale
28127,Fernando,Price,Fernando Price,MALE,2023-04-07,Santa Cruz
28128,Jeremiah,Lee,Jeremiah Lee,MALE,2023-12-01,El Cajon
28129,Justin,Griffin,Justin Griffin,MALE,2021-08-13,Sooke
28130,Joshua,Taylor,Joshua Taylor,MALE,2021-08-14,Langley
28131,Todd,Zhu,Todd Zhu,MALE,2021-03-04,Burbank
28132,Clinton,Romero,Clinton Romero,MALE,2023-12-05,Hervey Bay
28133,Willie,Huang,Willie Huang,MALE,2023-11-30,Rhodes
28134,Terrance,Rana,Terrance Rana,MALE,2023-12-08,Lane Cove
28135,Carla,Madan,Carla Madan,FEMALE,2023-12-02,Coffs Harbour
28136,Kelli,Raje,Kelli Raje,FEMALE,2023-01-02,Darlinghurst
28137,Kristi,Lopez,Kristi Lopez,FEMALE,2023-10-13,North Sydney
28138,Marvin,Ramos,Marvin Ramos,MALE,2024-01-25,South Melbourne
28139,Carrie,Gutierrez,Carrie Gutierrez,FEMALE,2023-09-01,Melbourne
28140,Gilbert,Kumar,Gilbert Kumar,MALE,2023-12-28,Rockhampton
28141,Joseph,Robinson,Joseph Robinson,MALE,2023-02-22,Victoria
28142,Willie,Lin,Willie Lin,MALE,2021-03-26,Ballard
28143,Samuel,Gonzalez,Samuel Gonzalez,MALE,2023-03-18,Spokane
28144,Noah,Phillips,Noah Phillips,MALE,2023-07-17,Yakima
28145,Brandon,Jones,Brandon Jones,MALE,2021-03-02,Burbank
28146,Gavin,Washington,Gavin Washington,MALE,2023-07-07,Mill Valley
28147,Omar,Black,Omar Black,MALE,2021-03-30,Bellflower
28148,Jon,Zhao,Jon Zhao,MALE,2021-03-19,Bremerton
28149,William,Miller,William Miller,MALE,2021-03-16,Lakewood
28150,Connor,Chen,Connor Chen,MALE,2021-03-15,Lincoln Acres
28151,Katherine,Walker,Katherine Walker,FEMALE,2023-06-28,Downey
28152,Ian,Rivera,Ian Rivera,MALE,2021-03-30,San Carlos
28153,Mackenzie,Torres,Mackenzie Torres,FEMALE,2023-11-03,Oak Bay
28154,Katherine,Patterson,Katherine Patterson,FEMALE,2021-03-18,Long Beach
28155,Taylor,Watson,Taylor Watson,FEMALE,2021-03-23,Newport Beach
28156,Gabrielle,Hall,Gabrielle Hall,FEMALE,2021-03-01,Santa Cruz
28157,Elijah,Edwards,Elijah Edwards,MALE,2023-09-10,Newton
28158,Clarence,Luo,Clarence Luo,MALE,2021-03-10,Berkeley
28159,Tamara,Yang,Tamara Yang,FEMALE,2021-03-16,Berkeley
28160,Melanie,Reed,Melanie Reed,FEMALE,2023-11-26,Langford
28161,Jessica,Perry,Jessica Perry,FEMALE,2021-08-11,Newton
28162,Bruce,Ward,Bruce Ward,MALE,2021-03-17,Grossmont
28163,Rachel,Washington,Rachel Washington,FEMALE,2021-03-23,Woodburn
28164,Gabrielle,Coleman,Gabrielle Coleman,FEMALE,2021-03-14,Lakewood
28165,Alexa,Rivera,Alexa Rivera,FEMALE,2021-08-12,Cliffside
28166,Cassidy,Coleman,Cassidy Coleman,FEMALE,2021-03-20,Coronado
28167,Samuel,Hughes,Samuel Hughes,MALE,2021-03-25,Los Angeles
28168,Jacqueline,Ward,Jacqueline Ward,FEMALE,2021-03-04,Long Beach
28169,Lucas,Blue,Lucas Blue,MALE,2021-08-14,Victoria
28170,Isabella,Johnson,Isabella Johnson,FEMALE,2021-03-18,Glendale
28171,Aidan,Henderson,Aidan Henderson,MALE,2021-03-27,Burien
28172,Charles,Moore,Charles Moore,MALE,2021-03-03,Burbank
28173,Timothy,Young,Timothy Young,MALE,2021-08-26,Cliffside
28174,Marco,Subram,Marco Subram,MALE,2024-01-15,Beaverton
28175,Clifford,Subram,Clifford Subram,MALE,2023-02-24,Beaverton
28176,Natalie,Roberts,Natalie Roberts,FEMALE,2021-08-13,Newton
28177,Cameron,Henderson,Cameron Henderson,MALE,2021-08-22,Royal Oak
28178,Katherine,James,Katherine James,FEMALE,2021-08-06,Victoria
28179,Billy,Alvarez,Billy Alvarez,MALE,2021-03-07,Beaverton
28180,Jerry,Chander,Jerry Chander,MALE,2021-03-19,Bellingham
28181,Katherine,Rodriguez,Katherine Rodriguez,FEMALE,2021-03-04,Lebanon
28182,Fernando,Turner,Fernando Turner,MALE,2021-03-05,Woodland Hills
28183,Nicole,Howard,Nicole Howard,FEMALE,2021-03-07,Burbank
28184,Madison,Russell,Madison Russell,FEMALE,2021-03-22,Newport Beach
28185,Eric,Alexander,Eric Alexander,MALE,2021-03-06,Burbank
28186,Jenny,Wagner,Jenny Wagner,FEMALE,2021-03-05,Beaverton
28187,Aaron,Chen,Aaron Chen,MALE,2023-07-13,Los Angeles
28188,Kayla,Price,Kayla Price,FEMALE,2023-12-04,Lake Oswego
28189,James,Griffin,James Griffin,MALE,2023-12-21,N. Vancouver
28190,Kimberly,Cook,Kimberly Cook,FEMALE,2021-03-25,Redwood City
28191,Mya,Long,Mya Long,FEMALE,2021-03-22,Burien
28192,Abigail,Sanchez,Abigail Sanchez,FEMALE,2023-10-21,Yakima
28193,Taylor,Davis,Taylor Davis,FEMALE,2021-03-06,Lemon Grove
28194,Lydia,Garcia,Lydia Garcia,FEMALE,2021-03-27,Beaverton
28195,Kellie,Martin,Kellie Martin,FEMALE,2023-12-05,Burnaby
28196,Timothy,Cox,Timothy Cox,MALE,2021-04-27,Salem
28197,Kayla,Rodriguez,Kayla Rodriguez,FEMALE,2021-08-11,Vancouver
28198,Jared,Moyer,Jared Moyer,MALE,2021-08-12,Sooke
28199,Alyssa,Jones,Alyssa Jones,FEMALE,2021-04-02,San Francisco
28200,Morgan,Henderson,Morgan Henderson,FEMALE,2021-04-06,Santa Monica
28201,Tyler,Martinez,Tyler Martinez,MALE,2023-01-19,Hervey Bay
28202,Maria,King,Maria King,FEMALE,2022-12-30,Bendigo
28203,Victor,Gomez,Victor Gomez,MALE,2023-01-05,South Melbourne
28204,Peter,Xu,Peter Xu,MALE,2022-12-31,Wollongong
28205,Carolyn,Mehta,Carolyn Mehta,FEMALE,2023-04-26,East Brisbane
28206,Angelica,Long,Angelica Long,FEMALE,2023-01-24,Port Macquarie
28207,Larry,Moreno,Larry Moreno,MALE,2023-01-05,Seaford
28208,Karen,Sun,Karen Sun,FEMALE,2023-02-23,Perth
28209,Krista,Carlson,Krista Carlson,FEMALE,2023-04-17,Sunbury
28210,Meghan,Alan,Meghan Alan,FEMALE,2023-04-15,Lavender Bay
28211,Randall,Suarez,Randall Suarez,MALE,2023-04-11,Rockhampton
28212,Melody,Hernandez,Melody Hernandez,FEMALE,2023-04-19,Cranbourne
28213,Jared,Morgan,Jared Morgan,MALE,2023-08-11,Melbourne
28214,Hailey,King,Hailey King,FEMALE,2023-09-30,Goulburn
28215,Priscilla,Shen,Priscilla Shen,FEMALE,2023-04-04,Warrnambool
28216,Adrienne,Ramos,Adrienne Ramos,FEMALE,2023-03-02,Silverwater
28217,Kristy,Carlson,Kristy Carlson,FEMALE,2023-02-25,Caloundra
28218,Denise,Arun,Denise Arun,FEMALE,2023-09-08,Malabar
28219,Chad,Goel,Chad Goel,MALE,2023-11-24,Lavender Bay
28220,Kelsey,Xu,Kelsey Xu,FEMALE,2023-11-16,Rockhampton
28221,Isabella,Rodriguez,Isabella Rodriguez,FEMALE,2021-04-15,San Gabriel
28222,Eduardo,Lewis,Eduardo Lewis,MALE,2021-03-31,W. Linn
28223,Jessica,Davis,Jessica Davis,FEMALE,2021-04-16,Downey
28224,Spencer,Henderson,Spencer Henderson,MALE,2021-04-15,Newport Beach
28225,Robert,Ross,Robert Ross,MALE,2023-07-05,San Diego
28226,Sebastian,Ramirez,Sebastian Ramirez,MALE,2023-02-01,Edmonds
28227,Caleb,Wang,Caleb Wang,MALE,2023-08-27,Port Orchard
28228,Gloria,Reed,Gloria Reed,FEMALE,2023-09-04,Puyallup
28229,Samantha,Wilson,Samantha Wilson,FEMALE,2023-08-21,Torrance
28230,Stephanie,Morgan,Stephanie Morgan,FEMALE,2023-05-23,Woodland Hills
28231,James,Powell,James Powell,MALE,2023-08-10,Salem
28232,Gavin,Russell,Gavin Russell,MALE,2023-07-04,Beaverton
28233,Patrick,Richardson,Patrick Richardson,MALE,2023-05-16,Walla Walla
28234,Jack,Nelson,Jack Nelson,MALE,2021-04-10,Bellflower
28235,Cole,Rogers,Cole Rogers,MALE,2023-03-16,Coronado
28236,Isabel,Diaz,Isabel Diaz,FEMALE,2023-07-26,Daly City
28237,Hailey,Foster,Hailey Foster,FEMALE,2023-01-29,Downey
28238,Dalton,Flores,Dalton Flores,MALE,2023-12-29,Fremont
28239,Richard,Ramirez,Richard Ramirez,MALE,2023-03-01,Victoria
28240,Eduardo,Clark,Eduardo Clark,MALE,2021-04-13,Puyallup
28241,Charles,King,Charles King,MALE,2023-03-06,Renton
28242,Madison,Butler,Madison Butler,FEMALE,2023-08-13,Chula Vista
28243,Marcus,Cook,Marcus Cook,MALE,2021-04-07,Lemon Grove
28244,Samantha,Davis,Samantha Davis,FEMALE,2021-04-07,Torrance
28245,Gavin,Henderson,Gavin Henderson,MALE,2024-01-02,Haney
28246,Alexa,Gray,Alexa Gray,FEMALE,2021-04-12,Corvallis
28247,Jonathan,Adams,Jonathan Adams,MALE,2021-04-27,Lake Oswego
28248,Eric,Scott,Eric Scott,MALE,2023-02-21,Metchosin
28249,Julia,Carter,Julia Carter,FEMALE,2023-10-14,Milwaukie
28250,Tyrone,Dominguez,Tyrone Dominguez,MALE,2021-04-09,Bellflower
28251,Joe,Rubio,Joe Rubio,MALE,2023-06-14,Beverly Hills
28252,Sydney,Murphy,Sydney Murphy,FEMALE,2023-10-19,Newport Beach
28253,Jeremiah,Green,Jeremiah Green,MALE,2023-07-02,West Covina
28254,Jacqueline,Brooks,Jacqueline Brooks,FEMALE,2023-06-21,Sooke
28255,Robert,Clark,Robert Clark,MALE,2021-04-29,Ballard
28256,Colin,Beck,Colin Beck,MALE,2023-05-27,Beaverton
28257,Zachary,Martin,Zachary Martin,MALE,2021-04-03,Yakima
28258,Destiny,Bryant,Destiny Bryant,FEMALE,2024-01-01,San Francisco
28259,Samuel,Mitchell,Samuel Mitchell,MALE,2021-04-08,Santa Monica
28260,Hunter,Roberts,Hunter Roberts,MALE,2023-06-28,Haney
28261,Stephanie,Griffin,Stephanie Griffin,FEMALE,2023-10-28,Victoria
28262,Destiny,Diaz,Destiny Diaz,FEMALE,2024-01-21,Everett
28263,Jonathan,Lee,Jonathan Lee,MALE,2023-11-19,Everett
28264,Nicole,Diaz,Nicole Diaz,FEMALE,2021-04-26,Kirkland
28265,Shirleen,Travers,Shirleen Travers,MALE,2023-11-28,Salem
28266,Wyatt,Flores,Wyatt Flores,MALE,2023-04-02,Salem
28267,Jordan,Young,Jordan Young,FEMALE,2023-02-28,Burlingame
28268,Jordan,Campbell,Jordan Campbell,FEMALE,2021-04-11,Concord
28269,Alexandra,Green,Alexandra Green,FEMALE,2023-03-10,Glendale
28270,Samuel,Long,Samuel Long,MALE,2021-04-20,Walla Walla
28271,Sean,Gonzalez,Sean Gonzalez,MALE,2021-04-07,Beverly Hills
28272,Hunter,Jai,Hunter Jai,MALE,2023-11-12,Sooke
28273,Madeline,Mitchell,Madeline Mitchell,FEMALE,2021-04-04,Redwood City
28274,William,Rodriguez,William Rodriguez,MALE,2023-01-30,Burien
28275,Ian,Howard,Ian Howard,MALE,2023-12-15,Burlingame
28276,Christy,Deng,Christy Deng,FEMALE,2023-09-12,Bellingham
28277,Katrina,Deng,Katrina Deng,FEMALE,2024-01-21,Bellingham
28278,Jaime,Becker,Jaime Becker,MALE,2023-05-06,Bremerton
28279,Spencer,Simmons,Spencer Simmons,MALE,2023-05-10,Bremerton
28280,Tristan,Powell,Tristan Powell,MALE,2023-08-26,Oregon City
28281,Juan,Cox,Juan Cox,MALE,2023-04-27,Colma
28282,Cindy,Foster,Cindy Foster,FEMALE,2023-07-10,Salem
28283,Rachel,Long,Rachel Long,FEMALE,2023-12-21,N. Vancouver
28284,Bailey,Kelly,Bailey Kelly,FEMALE,2023-12-19,Royal Oak
28285,Savannah,King,Savannah King,FEMALE,2021-04-08,Oregon City
28286,Destiny,Alexander,Destiny Alexander,FEMALE,2023-04-25,Redmond
28287,Lauren,Bennett,Lauren Bennett,FEMALE,2023-04-23,Concord
28288,Marco,Srini,Marco Srini,MALE,2021-04-27,Concord
28289,Jack,Gonzales,Jack Gonzales,MALE,2023-12-16,Redwood City
28290,Ian,Brooks,Ian Brooks,MALE,2023-05-12,Cliffside
28291,David,Miller,David Miller,MALE,2023-09-14,Bremerton
28292,Alexandra,Smith,Alexandra Smith,FEMALE,2023-04-29,Newton
28293,Shelby,Cox,Shelby Cox,FEMALE,2021-04-26,Santa Monica
28294,Alexis,Jenkins,Alexis Jenkins,FEMALE,2021-04-26,Long Beach
28295,Wyatt,Collins,Wyatt Collins,MALE,2021-04-26,Lebanon
28296,Thomas,Butler,Thomas Butler,MALE,2021-04-11,Berkeley
28297,Gabrielle,Edwards,Gabrielle Edwards,FEMALE,2021-04-07,Milwaukie
28298,Maria,Edwards,Maria Edwards,FEMALE,2021-04-11,Lemon Grove
28299,Jonathan,Shan,Jonathan Shan,MALE,2021-04-15,Grossmont
28300,Abigail,Bennett,Abigail Bennett,FEMALE,2023-04-11,Spokane
28301,Jasmine,Long,Jasmine Long,FEMALE,2023-02-07,Coronado
28302,Caroline,Hughes,Caroline Hughes,FEMALE,2023-03-06,Metchosin
28303,Justin,Lewis,Justin Lewis,MALE,2023-07-18,Warrnambool
28304,Colleen,Zeng,Colleen Zeng,FEMALE,2023-03-07,South Melbourne
28305,Patricia,Lopez,Patricia Lopez,FEMALE,2023-10-08,Bendigo
28306,Elizabeth,Powell,Elizabeth Powell,FEMALE,2023-07-30,Melton
28307,Morgan,Gray,Morgan Gray,FEMALE,2023-05-05,Rockhampton
28308,Hector,Serrano,Hector Serrano,MALE,2023-05-03,Caloundra
28309,Julie,Lal,Julie Lal,FEMALE,2023-02-20,Gold Coast
28310,Ross,Sanchez,Ross Sanchez,MALE,2023-11-07,Melton
28311,Terry,Raje,Terry Raje,MALE,2023-01-28,Sydney
28312,Joy,Jimenez,Joy Jimenez,FEMALE,2023-05-13,Lavender Bay
28313,Brett,Perez,Brett Perez,MALE,2023-05-20,Townsville
28314,Dwayne,Romero,Dwayne Romero,MALE,2023-05-11,Sunbury
28315,Stacy,Alonso,Stacy Alonso,FEMALE,2023-06-09,Hawthorne
28316,Jaime,Martin,Jaime Martin,FEMALE,2023-06-01,Melbourne
28317,Ivan,Weber,Ivan Weber,MALE,2023-06-05,Silverwater
28318,Grace,Lee,Grace Lee,FEMALE,2023-06-26,Hervey Bay
28319,Ashlee,She,Ashlee She,FEMALE,2023-06-21,Lane Cove
28320,Janet,Navarro,Janet Navarro,FEMALE,2023-06-13,North Sydney
28321,Arturo,Wu,Arturo Wu,MALE,2023-06-26,Brisbane
28322,Willie,Chen,Willie Chen,MALE,2023-04-04,Milsons Point
28323,Nathan,Moore,Nathan Moore,MALE,2023-02-14,Hobart
28324,Jésus,Martin,Jésus Martin,MALE,2023-06-23,Darlinghurst
28325,Drew,Lal,Drew Lal,MALE,2023-05-30,Gold Coast
28326,Carla,Lopez,Carla Lopez,FEMALE,2023-02-13,Rockhampton
28327,Tabitha,Serrano,Tabitha Serrano,FEMALE,2023-02-15,Cranbourne
28328,Kyle,Green,Kyle Green,MALE,2023-12-02,Rockhampton
28329,Marcus,Washington,Marcus Washington,MALE,2023-09-10,Townsville
28330,Charles,Bailey,Charles Bailey,MALE,2023-03-22,Olympia
28331,Colleen,Beck,Colleen Beck,FEMALE,2023-03-07,Burbank
28332,Ryan,Washington,Ryan Washington,MALE,2023-06-07,Royal Oak
28333,Jaime,Jimenez,Jaime Jimenez,FEMALE,2023-02-06,Berkeley
28334,Marco,Tanara,Marco Tanara,FEMALE,2023-09-07,Bremerton
28335,Rebekah,Srini,Rebekah Srini,FEMALE,2023-10-07,Concord
28336,Edward,Martin,Edward Martin,MALE,2023-08-20,Marysville
28337,Melissa,Bennett,Melissa Bennett,FEMALE,2023-12-08,Oregon City
28338,Kristi,Vance,Kristi Vance,FEMALE,2023-06-05,Rhodes
28339,Sean,Edwards,Sean Edwards,MALE,2021-04-12,Walla Walla
28340,Lucas,Butler,Lucas Butler,MALE,2021-04-17,Santa Cruz
28341,Jeremy,Wilson,Jeremy Wilson,MALE,2023-08-27,Vancouver
28342,Brianna,Murphy,Brianna Murphy,FEMALE,2023-07-06,Haney
28343,Shelby,Morgan,Shelby Morgan,FEMALE,2023-06-15,Redmond
28344,Alvin,Zhu,Alvin Zhu,MALE,2023-04-05,Beverly Hills
28345,Diana,Serrano,Diana Serrano,FEMALE,2023-06-10,Concord
28346,Eduardo,Russell,Eduardo Russell,MALE,2024-01-18,Victoria
28347,Latoya,Anand,Latoya Anand,FEMALE,2023-05-12,Bellingham
28348,Nichole,Jai,Nichole Jai,FEMALE,2023-09-22,North Sydney
28349,Kristi,Vazquez,Kristi Vazquez,FEMALE,2023-10-21,Seaford
28350,Alisha,Holt,Alisha Holt,FEMALE,2023-08-18,Warrnambool
28351,Donald,Rodriguez,Donald Rodriguez,MALE,2023-07-19,Seaford
28352,Meghan,Sanz,Meghan Sanz,FEMALE,2023-07-08,Coffs Harbour
28353,Summer,Kapoor,Summer Kapoor,FEMALE,2023-07-28,East Brisbane
28354,Ian,Wilson,Ian Wilson,MALE,2021-08-26,Haney
28355,Carlos,James,Carlos James,MALE,2021-04-17,Woodland Hills
28356,Blake,Gonzalez,Blake Gonzalez,MALE,2023-09-17,La Jolla
28357,Danielle,Howard,Danielle Howard,FEMALE,2023-12-18,Oak Bay
28358,Austin,Powell,Austin Powell,MALE,2023-10-13,Burlingame
28359,Madison,Anderson,Madison Anderson,FEMALE,2023-07-07,Sooke
28360,Isaiah,Adams,Isaiah Adams,MALE,2023-06-01,Newport Beach
28361,Kayla,Wilson,Kayla Wilson,FEMALE,2023-10-11,Kirkland
28362,Kaylee,Sanchez,Kaylee Sanchez,FEMALE,2021-04-19,Novato
28363,Savannah,Travers,Savannah Travers,FEMALE,2021-08-06,Shawnee
28364,Alison,Nara,Alison Nara,FEMALE,2023-08-10,Paris
28365,Stacey,Zhao,Stacey Zhao,FEMALE,2023-04-26,London
28366,Dalton,Rivera,Dalton Rivera,MALE,2023-10-12,Cheltenham
28367,Jerome,Johnsen,Jerome Johnsen,MALE,2023-10-10,Bury
28368,Fernando,Butler,Fernando Butler,MALE,2023-12-28,Roubaix
28369,Carolyn,Moreno,Carolyn Moreno,FEMALE,2023-05-11,Berlin
28370,Eddie,Gutierrez,Eddie Gutierrez,MALE,2023-10-07,London
28371,Mandy,Liang,Mandy Liang,FEMALE,2023-10-11,London
28372,Vincent,Hu,Vincent Hu,MALE,2023-10-27,Esher-Molesey
28373,Shane,Lopez,Shane Lopez,MALE,2023-08-05,Paris
28374,Ruben,Vance,Ruben Vance,MALE,2023-03-08,Hamburg
28375,Kathleen,Diaz,Kathleen Diaz,FEMALE,2023-11-03,London
28376,Eugene,Chen,Eugene Chen,MALE,2023-07-26,Saarlouis
28377,Walter,Ortega,Walter Ortega,MALE,2023-05-07,Cambridge
28378,Sara,Sanchez,Sara Sanchez,FEMALE,2023-12-21,Drancy
28379,Edgar,Rana,Edgar Rana,MALE,2023-04-10,Colomiers
28380,Lindsay,Goel,Lindsay Goel,FEMALE,2023-11-01,Orly
28381,Cedric,Tang,Cedric Tang,MALE,2023-09-14,Berlin
28382,Roberto,Ortega,Roberto Ortega,MALE,2023-06-16,Kiel
28383,Lacey,Zhou,Lacey Zhou,FEMALE,2023-06-08,Hamburg
28384,Tamara,Xie,Tamara Xie,FEMALE,2023-08-07,Lille
28385,Cassie,Deng,Cassie Deng,FEMALE,2023-12-20,Paris
28386,Sergio,Subram,Sergio Subram,MALE,2023-11-03,London
28387,Roberto,Alvarez,Roberto Alvarez,MALE,2023-11-18,Stoke-on-Trent
28388,Sheila,Rowe,Sheila Rowe,FEMALE,2023-06-18,Stuttgart
28389,Rachael,Martinez,Rachael Martinez,FEMALE,2020-12-29,Pantin
28390,Frederick,Suri,Frederick Suri,MALE,2021-01-24,Colombes
28391,Monique,Jimenez,Monique Jimenez,FEMALE,2023-02-15,Paris
28392,Luke,Green,Luke Green,MALE,2023-02-04,Gateshead
28393,Ramon,Zheng,Ramon Zheng,MALE,2021-01-27,Courbevoie
28394,Alisha,Zhang,Alisha Zhang,FEMALE,2021-02-23,Morangis
28395,Shannon,Dominguez,Shannon Dominguez,MALE,2021-02-28,Orly
28396,Rebekah,Munoz,Rebekah Munoz,FEMALE,2023-08-19,Hamburg
28397,Cynthia,Rana,Cynthia Rana,FEMALE,2023-05-08,Newcastle upon Tyne
28398,Shawn,Lal,Shawn Lal,MALE,2023-07-09,Paris La Defense
28399,Dale,Deng,Dale Deng,MALE,2023-10-29,London
28400,Cedric,Anand,Cedric Anand,MALE,2023-06-08,Berlin
28401,Maria,Alexander,Maria Alexander,FEMALE,2021-03-21,Dunkerque
28402,Kristin,Kumar,Kristin Kumar,FEMALE,2023-02-12,Paris
28403,Jaclyn,Sharma,Jaclyn Sharma,FEMALE,2023-05-27,London
28404,Whitney,Raman,Whitney Raman,FEMALE,2023-10-11,Braunschweig
28405,Erick,Malhotra,Erick Malhotra,MALE,2023-08-07,Grevenbroich
28406,Gerald,Srini,Gerald Srini,MALE,2024-01-24,Les Ulis
28407,Emma,Miller,Emma Miller,FEMALE,2021-05-14,Villeneuve-d'Ascq
28408,Tasha,Lal,Tasha Lal,FEMALE,2023-05-06,Berks
28409,Bonnie,Rai,Bonnie Rai,FEMALE,2023-02-05,Berlin
28410,Cheryl,Gill,Cheryl Gill,FEMALE,2023-02-20,Bracknell
28411,Jay,Rodriguez,Jay Rodriguez,MALE,2023-02-25,London
28412,Walter,Vazquez,Walter Vazquez,MALE,2023-02-23,Saint Germain en Laye
28413,Dalton,Martinez,Dalton Martinez,MALE,2023-09-19,Gateshead
28414,Bradley,Luo,Bradley Luo,MALE,2021-05-21,Metz
28415,Melissa,Rogers,Melissa Rogers,FEMALE,2023-05-17,Bury
28416,Roger,Black,Roger Black,MALE,2023-05-30,Wokingham
28417,Ashlee,Lal,Ashlee Lal,FEMALE,2023-06-04,Bury
28418,Kelli,Zhu,Kelli Zhu,FEMALE,2021-06-07,Paris
28419,Cheryl,Suarez,Cheryl Suarez,FEMALE,2021-07-15,Les Ulis
28420,Tracy,Chapman,Tracy Chapman,FEMALE,2021-07-22,Saint-Denis
28421,Monica,Gonzalez,Monica Gonzalez,FEMALE,2023-06-12,Hof
28422,Joy,Moyer,Joy Moyer,FEMALE,2023-12-17,Pantin
28423,Victor,Ortega,Victor Ortega,MALE,2023-03-17,Duesseldorf
28424,Neil,Romero,Neil Romero,MALE,2023-11-13,Bracknell
28425,Gilbert,Nara,Gilbert Nara,MALE,2023-11-01,Kirkby
28426,Melvin,Xie,Melvin Xie,MALE,2023-10-11,London
28427,Yolanda,Deng,Yolanda Deng,FEMALE,2023-11-11,London
28428,Ebony,Alvarez,Ebony Alvarez,FEMALE,2023-11-20,Milton Keynes
28429,Devin,Bell,Devin Bell,MALE,2023-05-26,Lille
28430,Armando,Suarez,Armando Suarez,MALE,2023-08-05,Münster
28431,Tyrone,Sanz,Tyrone Sanz,MALE,2023-08-21,Lille
28432,Bruce,Carlson,Bruce Carlson,MALE,2023-10-29,Hamburg
28433,Deborah,Shen,Deborah Shen,FEMALE,2023-12-22,Paris
28434,Brian,Lauer,Brian Lauer,MALE,2023-06-13,Essen
28435,Edwin,Liu,Edwin Liu,MALE,2024-01-20,Poing
28436,Derrick,Carlson,Derrick Carlson,MALE,2023-10-31,London
28437,Mary,Smith,Mary Smith,FEMALE,2023-11-30,Milton Keynes
28438,Heidi,Sanchez,Heidi Sanchez,FEMALE,2023-12-04,Warrington
28439,Olivia,Gray,Olivia Gray,FEMALE,2024-01-16,Oxford
28440,Allison,Ramirez,Allison Ramirez,FEMALE,2023-08-23,Lille
28441,Peter,Nath,Peter Nath,MALE,2023-09-19,Villeneuve-d'Ascq
28442,Phillip,Prasad,Phillip Prasad,MALE,2023-03-27,Colombes
28443,Alfredo,Dominguez,Alfredo Dominguez,MALE,2021-08-03,Colombes
28444,Pedro,Sai,Pedro Sai,MALE,2023-03-20,Versailles
28445,Shaun,She,Shaun She,MALE,2023-11-10,Bonn
28446,Mayra,Subram,Mayra Subram,FEMALE,2023-06-29,West Sussex
28447,Dalton,Walker,Dalton Walker,MALE,2023-05-29,Drancy
28448,Katherine,Campbell,Katherine Campbell,FEMALE,2023-10-03,Gateshead
28449,Jarred,Gill,Jarred Gill,MALE,2021-08-05,Morangis
28450,Nelson,Martin,Nelson Martin,MALE,2023-02-12,Paderborn
28451,Nichole,Chander,Nichole Chander,FEMALE,2023-11-05,Gloucestershire
28452,Alexandra,Young,Alexandra Young,FEMALE,2023-04-15,Saint-Denis
28453,Valerie,Lin,Valerie Lin,FEMALE,2023-08-03,Bottrop
28454,Shawna,Simpson,Shawna Simpson,FEMALE,2023-06-28,Erlangen
28455,Raymond,Sara,Raymond Sara,MALE,2023-05-12,Darmstadt
28456,Todd,Xu,Todd Xu,MALE,2023-02-04,Orleans
28457,Bruce,Gonzalez,Bruce Gonzalez,MALE,2023-12-31,Bobigny
28458,Casey,She,Casey She,FEMALE,2021-09-08,Lieusaint
28459,Dana,Muñoz,Dana Muñoz,FEMALE,2023-07-30,Berks
28460,Nathan,Powell,Nathan Powell,MALE,2023-03-15,Dunkerque
28461,Joe,Dominguez,Joe Dominguez,MALE,2023-11-18,Dresden
28462,Kendra,Serrano,Kendra Serrano,FEMALE,2023-03-26,Drancy
28463,Emmanuel,Arun,Emmanuel Arun,MALE,2023-09-07,Reading
28464,Eddie,Hernandez,Eddie Hernandez,MALE,2023-12-13,Paris
28465,Wendy,Serrano,Wendy Serrano,FEMALE,2023-03-10,Bonn
28466,Marco,Chandra,Marco Chandra,MALE,2024-01-08,Roncq
28467,Tasha,Tang,Tasha Tang,FEMALE,2023-10-07,Hamburg
28468,Melody,Harrison,Melody Harrison,FEMALE,2023-05-12,Lancaster
28469,Morgan,Green,Morgan Green,FEMALE,2023-10-26,York
28470,Tamara,Tang,Tamara Tang,FEMALE,2021-09-04,Orly
28471,Phillip,Sullivan,Phillip Sullivan,MALE,2021-09-21,Roncq
28472,Kellie,Ramos,Kellie Ramos,FEMALE,2023-06-25,Darmstadt
28473,Bruce,Rodriguez,Bruce Rodriguez,MALE,2023-09-17,Newcastle upon Tyne
28474,Terrence,Nara,Terrence Nara,MALE,2023-12-06,High Wycombe
28475,Bruce,Ramos,Bruce Ramos,MALE,2023-03-25,Dunkerque
28476,Bradley,Xie,Bradley Xie,MALE,2023-11-04,Paris
28477,Kenneth,Tang,Kenneth Tang,MALE,2023-12-04,London
28478,Riley,Long,Riley Long,FEMALE,2021-09-10,Lille
28479,Marvin,Gomez,Marvin Gomez,MALE,2023-04-21,North Sydney
28480,Arthur,Vazquez,Arthur Vazquez,MALE,2023-05-13,Lavender Bay
28481,Kristine,Moreno,Kristine Moreno,FEMALE,2023-05-20,Springwood
28482,Jaime,She,Jaime She,MALE,2023-05-12,Brisbane
28483,Tara,Raje,Tara Raje,FEMALE,2023-05-22,Perth
28484,Harold,Raman,Harold Raman,MALE,2023-05-28,Townsville
28485,Bianca,Wu,Bianca Wu,FEMALE,2023-05-14,Cloverdale
28486,Rebekah,Chandra,Rebekah Chandra,FEMALE,2023-06-08,Sunbury
28487,Gerald,Gill,Gerald Gill,MALE,2023-06-27,Silverwater
28488,Reginald,Travers,Reginald Travers,MALE,2023-06-17,Melbourne
28489,Jeffery,Zhu,Jeffery Zhu,MALE,2023-07-30,Saarbrücken
28490,Krista,Ramos,Krista Ramos,FEMALE,2023-07-07,Ingolstadt
28491,Cassie,Jai,Cassie Jai,FEMALE,2021-11-19,Paris
28492,Bethany,Tang,Bethany Tang,FEMALE,2021-11-09,Villeneuve-d'Ascq
28493,Morgan,Wilson,Morgan Wilson,FEMALE,2023-07-30,Hamburg
28494,Ross,Martinez,Ross Martinez,MALE,2023-07-19,Ingolstadt
28495,Catherine,Morgan,Catherine Morgan,FEMALE,2023-05-07,Drancy
28496,Adam,Shan,Adam Shan,MALE,2023-08-10,Metz
28497,Alvin,Yang,Alvin Yang,MALE,2023-07-07,Saarbrücken
28498,Tabitha,Ruiz,Tabitha Ruiz,FEMALE,2023-02-17,Verrieres Le Buisson
28499,Lydia,Srini,Lydia Srini,FEMALE,2023-07-09,Berlin
28500,Jermaine,Gonzalez,Jermaine Gonzalez,MALE,2023-07-13,Berlin
28501,Gerald,Perez,Gerald Perez,MALE,2023-08-25,Bonn
28502,Dominique,Jordan,Dominique Jordan,FEMALE,2023-07-31,Dresden
28503,Jay,Sanz,Jay Sanz,MALE,2023-12-11,Milton Keynes
28504,Reginald,Gomez,Reginald Gomez,MALE,2021-12-17,Paris
28505,Barbara,Xie,Barbara Xie,FEMALE,2023-08-22,Grevenbroich
28506,Ruth,Schmidt,Ruth Schmidt,FEMALE,2022-01-11,Les Ulis
28507,Deanna,Suri,Deanna Suri,FEMALE,2023-08-20,Hannover
28508,Jaime,Romero,Jaime Romero,FEMALE,2023-12-11,Peterborough
28509,Audrey,Diaz,Audrey Diaz,FEMALE,2023-08-14,Dresden
28510,Gregory,Andersen,Gregory Andersen,MALE,2022-01-15,Saint Germain en Laye
28511,Chase,Rivera,Chase Rivera,MALE,2023-12-21,Gateshead
28512,Dwayne,Alonso,Dwayne Alonso,MALE,2022-02-21,Paris
28513,Molly,Fernandez,Molly Fernandez,FEMALE,2023-08-28,Frankfurt
28514,Lisa,Chen,Lisa Chen,FEMALE,2023-04-27,Les Ulis
28515,Tony,Lal,Tony Lal,MALE,2023-12-19,London
28516,Vincent,Lin,Vincent Lin,MALE,2023-12-01,London
28517,Troy,Gonzalez,Troy Gonzalez,MALE,2023-12-28,Lancaster
28518,Tammy,Sanchez,Tammy Sanchez,FEMALE,2023-07-31,Frankfurt am Main
28519,Jésus,Ramos,Jésus Ramos,MALE,2022-02-21,Colombes
28520,Susan,Liang,Susan Liang,FEMALE,2022-02-28,Lieusaint
28521,Bradley,Tang,Bradley Tang,MALE,2023-09-04,Duesseldorf
28522,Rosa,Ma,Rosa Ma,FEMALE,2023-09-25,Sulzbach Taunus
28523,Charles,James,Charles James,MALE,2023-06-16,Cheltenham
28524,Paula,Gill,Paula Gill,FEMALE,2023-06-21,London
28525,Dominic,Rodriguez,Dominic Rodriguez,MALE,2023-12-23,Lancaster
28526,Luke,Yang,Luke Yang,MALE,2023-12-21,Newcastle upon Tyne
28527,Dwayne,Rubio,Dwayne Rubio,MALE,2023-12-21,West Sussex
28528,Tasha,Chande,Tasha Chande,FEMALE,2023-09-23,Duesseldorf
28529,Tara,Chande,Tara Chande,FEMALE,2022-02-26,Orleans
28530,Gavin,Powell,Gavin Powell,MALE,2023-11-29,York
28531,Jared,Reed,Jared Reed,MALE,2023-09-02,Saarlouis
28532,Tony,Xie,Tony Xie,MALE,2022-02-01,Paris
28533,Clayton,Sun,Clayton Sun,MALE,2023-02-03,Springwood
28534,Sabrina,Romero,Sabrina Romero,FEMALE,2023-07-17,Melton
28535,Leslie,Ferrier,Leslie Ferrier,FEMALE,2023-02-05,Geelong
28536,Martha,Guo,Martha Guo,FEMALE,2023-02-23,Bendigo
28537,Christian,Hayes,Christian Hayes,MALE,2023-06-11,Brisbane
28538,Jerome,Sanz,Jerome Sanz,MALE,2023-08-24,Frankfurt am Main
28539,Barbara,Zhou,Barbara Zhou,FEMALE,2023-04-12,Lille
28540,Leah,Zhang,Leah Zhang,FEMALE,2022-02-17,Courbevoie
28541,Isabella,Perez,Isabella Perez,FEMALE,2022-02-03,Saint Germain en Laye
28542,Martha,Zhao,Martha Zhao,FEMALE,2023-02-18,Orly
28543,Roger,Ye,Roger Ye,MALE,2023-03-30,München
28544,Nicolas,Shan,Nicolas Shan,MALE,2023-10-20,Salzgitter
28545,Micheal,Ramos,Micheal Ramos,MALE,2023-06-23,Verrieres Le Buisson
28546,Alisha,Xu,Alisha Xu,FEMALE,2023-06-29,Bobigny
28547,April,Shen,April Shen,FEMALE,2022-02-08,Paris
28548,Krista,Ortega,Krista Ortega,FEMALE,2023-09-01,Hamburg
28549,Lydia,Subram,Lydia Subram,FEMALE,2023-07-09,Warrington
28550,Wayne,Andersen,Wayne Andersen,MALE,2023-11-11,Colomiers
28551,Warren,Xu,Warren Xu,MALE,2023-05-02,Dunkerque
28552,Holly,Subram,Holly Subram,FEMALE,2023-11-16,Reading
28553,Sabrina,Serrano,Sabrina Serrano,FEMALE,2022-03-12,Saint Ouen
28554,Natalie,Sanders,Natalie Sanders,FEMALE,2023-09-29,Bottrop
28555,Monique,Serrano,Monique Serrano,FEMALE,2023-09-29,Paderborn
28556,Isabel,Gonzales,Isabel Gonzales,FEMALE,2023-10-24,Solingen
28557,Casey,Alvarez,Casey Alvarez,MALE,2023-07-11,Kirkby
28558,Dawn,Stone,Dawn Stone,FEMALE,2023-11-30,Solingen
28559,Billy,Gutierrez,Billy Gutierrez,MALE,2022-03-10,Tremblay-en-France
28560,Peggy,Smith,Peggy Smith,FEMALE,2022-03-03,Croix
28561,Carlos,Kelly,Carlos Kelly,MALE,2023-11-23,Warrington
28562,Phillip,Martinez,Phillip Martinez,MALE,2022-03-17,Roissy en Brie
28563,Dennis,Cai,Dennis Cai,MALE,2023-10-08,Berlin
28564,Alisha,Deng,Alisha Deng,FEMALE,2023-11-28,Frankfurt
28565,James,Allen,James Allen,MALE,2023-12-24,Darmstadt
28566,Colin,Sun,Colin Sun,MALE,2024-01-24,Hannover
28567,Ann,Kapoor,Ann Kapoor,FEMALE,2023-10-31,Saint-Denis
28568,Daisy,Alonso,Daisy Alonso,FEMALE,2023-11-23,Saarlouis
28569,Dustin,Jai,Dustin Jai,MALE,2022-03-07,Paris
28570,Jenna,Turner,Jenna Turner,FEMALE,2023-07-04,Kirkby
28571,Anna,Torres,Anna Torres,FEMALE,2023-12-20,Coronado
28572,Jeffery,Ye,Jeffery Ye,MALE,2023-05-08,Bellingham
28573,Tyrone,Gill,Tyrone Gill,MALE,2021-04-21,Burien
28574,Kayla,Flores,Kayla Flores,FEMALE,2021-08-26,Oak Bay
28575,Linda,Gutierrez,Linda Gutierrez,FEMALE,2023-09-08,Burnaby
28576,Sunil,Uppal,Sunil Uppal,MALE,2023-10-29,Everett
28577,Austin,Harris,Austin Harris,MALE,2023-07-23,Issaquah
28578,Zoe,Rogers,Zoe Rogers,FEMALE,2024-01-15,Lynnwood
28579,Grace,Ross,Grace Ross,FEMALE,2023-12-03,Oregon City
28580,Aimee,Liu,Aimee Liu,FEMALE,2021-04-20,Bellflower
28581,Allison,Collins,Allison Collins,FEMALE,2023-12-02,Haney
28582,Olivia,Hall,Olivia Hall,FEMALE,2023-09-28,Portland
28583,Ryan,Long,Ryan Long,MALE,2021-04-19,Walla Walla
28584,Rolando,Smith,Rolando Smith,FEMALE,2021-04-16,Berkeley
28585,Julian,Russell,Julian Russell,MALE,2023-08-19,Burbank
28586,Gabriel,Diaz,Gabriel Diaz,MALE,2021-04-18,Lemon Grove
28587,Xavier,Harris,Xavier Harris,MALE,2021-04-11,Mill Valley
28588,Emma,Griffin,Emma Griffin,FEMALE,2021-04-13,Torrance
28589,John,Walker,John Walker,MALE,2023-04-10,N. Vancouver
28590,Gabriel,Jai,Gabriel Jai,MALE,2023-03-19,Oregon City
28591,Mary,Collins,Mary Collins,FEMALE,2023-07-27,Fremont
28592,Alyssa,Johnson,Alyssa Johnson,FEMALE,2023-12-14,San Gabriel
28593,Faith,Peterson,Faith Peterson,FEMALE,2023-12-13,Newport Beach
28594,Sydney,Cooper,Sydney Cooper,FEMALE,2023-08-13,W. Linn
28595,Xavier,James,Xavier James,MALE,2023-04-09,Lemon Grove
28596,Haley,Butler,Haley Butler,FEMALE,2023-12-14,Redwood City
28597,Brianna,Harris,Brianna Harris,FEMALE,2023-04-18,Novato
28598,Wyatt,Russell,Wyatt Russell,MALE,2021-04-02,San Diego
28599,Stephanie,Perry,Stephanie Perry,FEMALE,2023-04-28,Spokane
28600,Destiny,Clark,Destiny Clark,FEMALE,2023-03-30,Westminster
28601,Christian,Gonzales,Christian Gonzales,MALE,2023-04-03,Oakland
28602,Isabella,Morgan,Isabella Morgan,FEMALE,2023-10-17,Haney
28603,Brian,Bell,Brian Bell,MALE,2023-09-03,San Carlos
28604,Allison,James,Allison James,FEMALE,2023-02-05,Beaverton
28605,Caleb,Coleman,Caleb Coleman,MALE,2023-08-22,Glendale
28606,Joshua,Wilson,Joshua Wilson,MALE,2023-03-11,Oakland
28607,Hunter,Sharma,Hunter Sharma,MALE,2023-01-29,Lynnwood
28608,Brian,Richardson,Brian Richardson,MALE,2023-11-12,Victoria
28609,Jose,Harris,Jose Harris,MALE,2023-10-16,Burien
28610,Jacqueline,Bailey,Jacqueline Bailey,FEMALE,2023-10-11,Lebanon
28611,Christian,Alexander,Christian Alexander,MALE,2023-03-16,Salem
28612,Gabriel,Roberts,Gabriel Roberts,MALE,2023-06-13,Burbank
28613,James,Campbell,James Campbell,MALE,2023-11-25,Everett
28614,Luis,Jenkins,Luis Jenkins,MALE,2023-05-15,Spokane
28615,Jonathan,Flores,Jonathan Flores,MALE,2023-05-03,Lebanon
28616,Sarah,Harris,Sarah Harris,FEMALE,2023-12-03,San Gabriel
28617,Noah,Davis,Noah Davis,MALE,2023-12-17,Everett
28618,Katelyn,Bailey,Katelyn Bailey,FEMALE,2021-05-24,Seattle
28619,Brianna,Bailey,Brianna Bailey,FEMALE,2021-05-14,National City
28620,Cole,Richardson,Cole Richardson,MALE,2021-08-11,Metchosin
28621,Kristen,Liu,Kristen Liu,FEMALE,2021-05-16,Barstow
28622,Julia,Cooper,Julia Cooper,FEMALE,2023-08-15,Grossmont
28623,Marcus,Turner,Marcus Turner,MALE,2023-03-22,Santa Cruz
28624,Carson,Jenkins,Carson Jenkins,MALE,2021-08-17,Langford
28625,Logan,Griffin,Logan Griffin,MALE,2021-05-27,Sedro Woolley
28626,Bailey,Hernandez,Bailey Hernandez,FEMALE,2021-08-26,Royal Oak
28627,Edward,Collins,Edward Collins,MALE,2021-05-04,Torrance
28628,Courtney,Phillips,Courtney Phillips,FEMALE,2021-05-08,Bremerton
28629,Cynthia,Madan,Cynthia Madan,FEMALE,2021-05-11,Bellflower
28630,Jack,Zimmerman,Jack Zimmerman,MALE,2021-08-02,Sooke
28631,Isaiah,Phillips,Isaiah Phillips,MALE,2023-02-10,N. Vancouver
28632,Kathryn,Nath,Kathryn Nath,FEMALE,2023-05-04,Beaverton
28633,Christina,Howard,Christina Howard,FEMALE,2023-04-27,Redmond
28634,Nathan,Mitchell,Nathan Mitchell,MALE,2024-01-23,Salem
28635,Levi,Gonzalez,Levi Gonzalez,MALE,2021-05-17,Bellflower
28636,Victoria,Bryant,Victoria Bryant,FEMALE,2023-12-26,Fremont
28637,Brandon,Lee,Brandon Lee,MALE,2023-09-24,Imperial Beach
28638,Alexandra,Thompson,Alexandra Thompson,FEMALE,2023-04-07,La Jolla
28639,Jacqueline,Morgan,Jacqueline Morgan,FEMALE,2023-06-26,Lincoln Acres
28640,Bryce,Cook,Bryce Cook,MALE,2023-07-23,Langford
28641,Brittany,Butler,Brittany Butler,FEMALE,2023-09-08,Portland
28642,Lauren,Ward,Lauren Ward,FEMALE,2023-06-13,Colma
28643,Xavier,Gray,Xavier Gray,MALE,2021-05-19,Spring Valley
28644,Martha,Chow,Martha Chow,FEMALE,2021-05-12,Burien
28645,Martin,Fernandez,Martin Fernandez,MALE,2021-05-05,Burlingame
28646,Alexis,Moore,Alexis Moore,FEMALE,2021-08-20,Oak Bay
28647,Hannah,Foster,Hannah Foster,FEMALE,2021-08-20,Port Hammond
28648,Dylan,Harris,Dylan Harris,MALE,2021-08-01,Royal Oak
28649,Nathan,Martinez,Nathan Martinez,MALE,2021-05-24,Burlingame
28650,Jessica,Clark,Jessica Clark,FEMALE,2021-05-08,Novato
28651,Lauren,Brown,Lauren Brown,FEMALE,2021-05-12,Berkeley
28652,Mariah,Murphy,Mariah Murphy,FEMALE,2021-09-09,Langford
28653,Grace,Williams,Grace Williams,FEMALE,2021-05-02,Beverly Hills
28654,Miguel,Nelson,Miguel Nelson,MALE,2021-05-08,Salem
28655,Devin,Smith,Devin Smith,MALE,2021-05-08,Tacoma
28656,Lucas,Murphy,Lucas Murphy,MALE,2021-08-29,Shawnee
28657,Ryan,Hayes,Ryan Hayes,MALE,2021-05-26,Milwaukie
28658,Jasmine,Bailey,Jasmine Bailey,FEMALE,2021-05-10,Lakewood
28659,Vanessa,Simmons,Vanessa Simmons,FEMALE,2022-01-24,N. Vancouver
28660,Justin,Anderson,Justin Anderson,MALE,2021-05-01,Beaverton
28661,Dalton,Ward,Dalton Ward,MALE,2021-05-29,Lynnwood
28662,Isaiah,Murphy,Isaiah Murphy,MALE,2021-05-02,La Jolla
28663,Marcus,Coleman,Marcus Coleman,MALE,2022-01-03,Vancouver
28664,Ashlee,Sharma,Ashlee Sharma,FEMALE,2021-05-01,Beaverton
28665,Donna,Anand,Donna Anand,FEMALE,2021-05-28,Bellingham
28666,Kelvin,Zhu,Kelvin Zhu,MALE,2021-05-08,Bremerton
28667,Devin,Williams,Devin Williams,MALE,2021-05-02,Corvallis
28668,Jeremy,Parker,Jeremy Parker,MALE,2023-03-23,Port Hammond
28669,Jordan,Carter,Jordan Carter,MALE,2022-01-23,Cliffside
28670,Julia,Gonzales,Julia Gonzales,FEMALE,2021-05-21,Marysville
28671,Gabrielle,Russell,Gabrielle Russell,FEMALE,2021-05-04,Puyallup
28672,Blake,Johnson,Blake Johnson,MALE,2021-05-07,Los Angeles
28673,Arianna,Reed,Arianna Reed,FEMALE,2021-05-30,Mill Valley
28674,Nathan,Yang,Nathan Yang,MALE,2021-05-25,Santa Monica
28675,Angel,Mitchell,Angel Mitchell,MALE,2021-05-08,West Covina
28676,Alex,Bailey,Alex Bailey,MALE,2021-05-21,Burbank
28677,Damien,Tang,Damien Tang,MALE,2024-01-12,Bellingham
28678,Ben,Adams,Ben Adams,MALE,2021-05-24,Bremerton
28679,Julian,Bryant,Julian Bryant,MALE,2023-12-13,Salem
28680,Hannah,Brown,Hannah Brown,FEMALE,2023-10-24,Milwaukie
28681,Victoria,Johnson,Victoria Johnson,FEMALE,2023-11-03,Marysville
28682,Cassidy,Perry,Cassidy Perry,FEMALE,2023-03-17,Coronado
28683,Mallory,Munoz,Mallory Munoz,FEMALE,2022-03-13,Versailles
28684,Kristi,Saunders,Kristi Saunders,FEMALE,2023-09-02,München
28685,Marshall,Zhu,Marshall Zhu,MALE,2022-03-02,Drancy
28686,Sheena,Jai,Sheena Jai,FEMALE,2023-09-18,Salzgitter
28687,Javier,Gutierrez,Javier Gutierrez,MALE,2023-07-09,Frankfurt am Main
28688,Margaret,Ye,Margaret Ye,FEMALE,2023-10-01,Münster
28689,Kelvin,Zhang,Kelvin Zhang,MALE,2022-04-19,Paris
28690,Cory,Chandra,Cory Chandra,MALE,2022-04-28,Les Ulis
28691,Alejandro,Andersen,Alejandro Andersen,MALE,2023-10-03,Paderborn
28692,Kristi,Rowe,Kristi Rowe,FEMALE,2023-12-10,London
28693,Tamara,Chande,Tamara Chande,FEMALE,2023-12-14,London
28694,Larry,Suarez,Larry Suarez,MALE,2023-01-15,Milton Keynes
28695,Mario,Raji,Mario Raji,MALE,2023-07-14,Reading
28696,Robin,Navarro,Robin Navarro,FEMALE,2023-08-07,Liverpool
28697,Raquel,Gutierrez,Raquel Gutierrez,FEMALE,2023-08-28,Liverpool
28698,Kristina,Madan,Kristina Madan,FEMALE,2023-10-06,Leipzig
28699,Leah,Lu,Leah Lu,FEMALE,2023-09-30,Poing
28700,Summer,Garcia,Summer Garcia,FEMALE,2023-10-29,Offenbach
28701,Felicia,Gill,Felicia Gill,FEMALE,2023-10-30,München
28702,Danny,Martin,Danny Martin,MALE,2023-11-18,Duesseldorf
28703,Felicia,Suarez,Felicia Suarez,FEMALE,2023-09-09,London
28704,Roy,Ruiz,Roy Ruiz,MALE,2023-08-29,London
28705,Ashley,Powell,Ashley Powell,FEMALE,2023-10-02,Darmstadt
28706,Reginald,Ashe,Reginald Ashe,MALE,2023-10-17,Berlin
28707,Sharon,Raje,Sharon Raje,FEMALE,2022-04-14,Orly
28708,Darryl,Sun,Darryl Sun,MALE,2022-04-07,Metz
28709,Stefanie,Gonzalez,Stefanie Gonzalez,FEMALE,2023-03-03,London
28710,Tyrone,Vazquez,Tyrone Vazquez,MALE,2023-08-02,Bonn
28711,Rebekah,Torres,Rebekah Torres,FEMALE,2022-04-04,Colombes
28712,Gregory,Goel,Gregory Goel,MALE,2023-04-12,West Sussex
28713,Franklin,Nath,Franklin Nath,MALE,2022-04-17,Colombes
28714,Arturo,Gao,Arturo Gao,MALE,2023-02-25,Sunbury
28715,Maria,Foster,Maria Foster,FEMALE,2023-07-18,Gold Coast
28716,Darren,Garcia,Darren Garcia,MALE,2023-08-20,South Melbourne
28717,Calvin,Anand,Calvin Anand,MALE,2023-04-30,North Sydney
28718,Cassandra,Raman,Cassandra Raman,FEMALE,2023-08-26,Lavender Bay
28719,Neil,Vazquez,Neil Vazquez,MALE,2023-02-04,Lane Cove
28720,Candice,Liu,Candice Liu,FEMALE,2023-02-02,Brisbane
28721,Jaclyn,Lin,Jaclyn Lin,FEMALE,2023-10-30,Hervey Bay
28722,Carmen,Stone,Carmen Stone,FEMALE,2023-07-24,Metz
28723,Ryan,Yang,Ryan Yang,MALE,2023-04-04,Watford
28724,Marvin,Navarro,Marvin Navarro,MALE,2022-04-23,Paris
28725,Edward,Jenkins,Edward Jenkins,MALE,2023-04-26,Tremblay-en-France
28726,Kelli,Liang,Kelli Liang,FEMALE,2023-11-24,Kiel
28727,Brett,Madan,Brett Madan,MALE,2022-05-28,Roncq
28728,Dylan,Long,Dylan Long,MALE,2022-06-17,Dunkerque
28729,Heather,Sun,Heather Sun,FEMALE,2023-04-07,London
28730,Nicole,Robinson,Nicole Robinson,FEMALE,2023-02-03,Stoke-on-Trent
28731,Jermaine,Subram,Jermaine Subram,MALE,2023-04-21,Birmingham
28732,Bianca,Yang,Bianca Yang,FEMALE,2023-09-22,Gateshead
28733,Diana,Ramos,Diana Ramos,FEMALE,2023-09-12,London
28734,Briana,Moreno,Briana Moreno,FEMALE,2023-09-29,London
28735,Kimberly,Morgan,Kimberly Morgan,FEMALE,2023-05-08,Esher-Molesey
28736,Paula,Navarro,Paula Navarro,FEMALE,2022-06-28,Morangis
28737,Eugene,Lin,Eugene Lin,MALE,2023-02-13,Orleans
28738,Lori,Romero,Lori Romero,FEMALE,2023-08-26,London
28739,Mya,Perry,Mya Perry,FEMALE,2022-06-16,Bobigny
28740,Alisha,Alan,Alisha Alan,FEMALE,2022-06-09,Paris
28741,Bruce,Dominguez,Bruce Dominguez,MALE,2023-12-15,Werne
28742,Erick,Vance,Erick Vance,MALE,2023-09-30,Cambridge
28743,Kelly,Wood,Kelly Wood,FEMALE,2023-10-07,Paris
28744,Jenny,Xu,Jenny Xu,FEMALE,2023-11-01,Berlin
28745,Geoffrey,Rana,Geoffrey Rana,MALE,2023-11-25,Milton Keynes
28746,Juan,Ruiz,Juan Ruiz,MALE,2023-04-08,Lancaster
28747,Arthur,Gonzalez,Arthur Gonzalez,MALE,2023-05-24,Berks
28748,Kelly,Washington,Kelly Washington,FEMALE,2023-07-15,Cheltenham
28749,Franklin,Zhou,Franklin Zhou,MALE,2022-06-22,Drancy
28750,Andy,Romero,Andy Romero,MALE,2022-06-20,Paris
28751,Joe,Belson,Joe Belson,MALE,2022-06-17,Paris
28752,Andre,Subram,Andre Subram,MALE,2023-12-13,Berlin
28753,Kristine,Carlson,Kristine Carlson,FEMALE,2023-02-26,West Sussex
28754,Chad,Nara,Chad Nara,MALE,2023-07-31,Berlin
28755,Raymond,Gonzalez,Raymond Gonzalez,MALE,2023-06-11,Stoke-on-Trent
28756,Stacey,Hee,Stacey Hee,FEMALE,2022-06-14,Lieusaint
28757,Ronald,Rodriguez,Ronald Rodriguez,MALE,2022-06-16,Paris
28758,Troy,Rodriguez,Troy Rodriguez,MALE,2022-06-19,Saint Ouen
28759,Melissa,Rivera,Melissa Rivera,FEMALE,2023-12-27,Esher-Molesey
28760,Lucas,Hall,Lucas Hall,MALE,2023-12-07,Corvallis
28761,Robert,Campbell,Robert Campbell,MALE,2021-05-05,Downey
28762,Aaron,Henderson,Aaron Henderson,MALE,2024-01-02,Oregon City
28763,Mohamed,Pal,Mohamed Pal,FEMALE,2021-05-16,Burlingame
28764,Frank,Rubio,Frank Rubio,MALE,2023-02-08,Colma
28765,Abigail,Gonzales,Abigail Gonzales,FEMALE,2021-05-11,San Carlos
28766,Joe,Alonso,Joe Alonso,MALE,2022-01-05,Calgary
28767,Gilbert,Hu,Gilbert Hu,MALE,2023-05-26,Cliffside
28768,Emmanuel,Rodriguez,Emmanuel Rodriguez,MALE,2023-11-01,Burien
28769,Brianna,Foster,Brianna Foster,FEMALE,2021-05-23,Everett
28770,Sebastian,James,Sebastian James,MALE,2021-05-13,W. Linn
28771,Katherine,Russell,Katherine Russell,FEMALE,2023-12-26,Shawnee
28772,Eric,Hughes,Eric Hughes,MALE,2021-05-07,W. Linn
28773,Gerald,Malhotra,Gerald Malhotra,MALE,2023-06-25,Beverly Hills
28774,Latasha,Rowe,Latasha Rowe,FEMALE,2021-05-07,Concord
28775,Morgan,Anderson,Morgan Anderson,FEMALE,2021-05-15,Lemon Grove
28776,Abigail,Morris,Abigail Morris,FEMALE,2023-07-15,West Covina
28777,Brittany,Wood,Brittany Wood,FEMALE,2023-11-24,Yakima
28778,Maurice,Sharma,Maurice Sharma,MALE,2021-08-02,Cliffside
28779,Morgan,Reed,Morgan Reed,FEMALE,2023-09-24,Sooke
28780,Melissa,Griffin,Melissa Griffin,FEMALE,2023-06-13,Seattle
28781,Alex,Collins,Alex Collins,MALE,2023-08-05,San Carlos
28782,Cody,Howard,Cody Howard,MALE,2024-01-22,Coronado
28783,Makayla,Rivera,Makayla Rivera,FEMALE,2023-04-28,Lebanon
28784,Briana,Gomez,Briana Gomez,FEMALE,2023-12-21,Chula Vista
28785,Jose,Foster,Jose Foster,MALE,2023-06-21,Grossmont
28786,Erick,Prasad,Erick Prasad,MALE,2023-05-27,Burien
28787,Gabrielle,Wood,Gabrielle Wood,FEMALE,2023-09-26,Bremerton
28788,Dominique,Martinez,Dominique Martinez,FEMALE,2023-01-28,Colma
28789,Elijah,Zhang,Elijah Zhang,MALE,2024-01-28,Coronado
28790,Seth,Howard,Seth Howard,MALE,2021-05-04,Lake Oswego
28791,Richard,Johnston,Richard Johnston,MALE,2023-02-26,Spokane
28792,Henry,Stone,Henry Stone,MALE,2021-05-06,Burien
28793,Alexander,Jackson,Alexander Jackson,MALE,2023-02-21,Puyallup
28794,Juan,Cooper,Juan Cooper,MALE,2021-05-04,W. Linn
28795,Jesse,Allen,Jesse Allen,MALE,2021-05-16,Newport Beach
28796,Cameron,Coleman,Cameron Coleman,MALE,2023-04-02,Beverly Hills
28797,Alexandra,Wood,Alexandra Wood,FEMALE,2021-05-19,Oakland
28798,Timothy,Phillips,Timothy Phillips,MALE,2022-02-24,Royal Oak
28799,Amber,Nelson,Amber Nelson,FEMALE,2021-05-19,Glendale
28800,Mason,Sanchez,Mason Sanchez,MALE,2023-11-07,Burlingame
28801,Katelyn,Hall,Katelyn Hall,FEMALE,2023-06-25,Everett
28802,Allison,Nelson,Allison Nelson,FEMALE,2022-02-01,Newton
28803,Gabriella,Edwards,Gabriella Edwards,FEMALE,2023-04-27,Kirkland
28804,Wyatt,Allen,Wyatt Allen,MALE,2021-06-04,Burbank
28805,Marissa,Bennett,Marissa Bennett,FEMALE,2021-06-25,Mill Valley
28806,Randall,Hernandez,Randall Hernandez,MALE,2023-03-21,Cedar City
28807,Maria,Cox,Maria Cox,FEMALE,2021-06-10,Corvallis
28808,Trinity,Watson,Trinity Watson,FEMALE,2023-06-30,Lynnwood
28809,Isaac,Cooper,Isaac Cooper,MALE,2023-04-05,W. Linn
28810,Kaylee,Blue,Kaylee Blue,FEMALE,2023-02-21,Coronado
28811,Caleb,Phillips,Caleb Phillips,MALE,2023-08-11,Imperial Beach
28812,Brianna,Watson,Brianna Watson,FEMALE,2023-08-14,Novato
28813,Cameron,Washington,Cameron Washington,MALE,2023-03-13,Redwood City
28814,Anna,Butler,Anna Butler,FEMALE,2023-11-26,Burien
28815,Lauren,James,Lauren James,FEMALE,2023-11-18,Torrance
28816,Jessica,Cox,Jessica Cox,FEMALE,2023-08-21,Corvallis
28817,James,Lee,James Lee,MALE,2023-02-21,Oak Bay
28818,Dwayne,Hernandez,Dwayne Hernandez,MALE,2022-02-12,Cliffside
28819,Grace,Bennett,Grace Bennett,FEMALE,2022-02-03,Newton
28820,Naomi,Alvarez,Naomi Alvarez,FEMALE,2021-06-21,Bellingham
28821,Blake,Jackson,Blake Jackson,MALE,2021-06-11,Issaquah
28822,Amanda,Alexander,Amanda Alexander,FEMALE,2021-06-30,Issaquah
28823,Xavier,Brown,Xavier Brown,MALE,2021-06-22,Olympia
28824,Brandon,Gonzales,Brandon Gonzales,MALE,2021-06-22,Redmond
28825,Caleb,Hernandez,Caleb Hernandez,MALE,2021-06-05,Renton
28826,Jack,Sharma,Jack Sharma,MALE,2021-06-28,Woodburn
28827,Joshua,Robinson,Joshua Robinson,MALE,2021-06-02,Coronado
28828,Andrea,Murphy,Andrea Murphy,FEMALE,2021-06-09,Santa Monica
28829,Robert,Bryant,Robert Bryant,MALE,2021-05-31,Berkeley
28830,Matthew,Smith,Matthew Smith,MALE,2021-06-16,Port Orchard
28831,Elizabeth,Harris,Elizabeth Harris,FEMALE,2021-06-20,Imperial Beach
28832,Joseph,Rodriguez,Joseph Rodriguez,MALE,2022-02-04,Sooke
28833,Abigail,Harris,Abigail Harris,FEMALE,2021-06-10,Edmonds
28834,Natalie,Hill,Natalie Hill,FEMALE,2022-02-17,Victoria
28835,Elijah,Phillips,Elijah Phillips,MALE,2021-06-19,Coronado
28836,Lauren,Cook,Lauren Cook,FEMALE,2022-02-15,Metchosin
28837,Victoria,Rodriguez,Victoria Rodriguez,FEMALE,2022-02-09,Oak Bay
28838,Jasmine,Ross,Jasmine Ross,FEMALE,2021-06-11,Bremerton
28839,Connor,Parker,Connor Parker,MALE,2021-06-30,W. Linn
28840,Valerie,Harrison,Valerie Harrison,FEMALE,2021-06-14,Burbank
28841,Samuel,Gonzales,Samuel Gonzales,MALE,2021-06-25,Colma
28842,Nicole,Bailey,Nicole Bailey,FEMALE,2021-06-04,Long Beach
28843,Chloe,Price,Chloe Price,FEMALE,2021-06-19,Beverly Hills
28844,Emma,Rivera,Emma Rivera,FEMALE,2021-06-26,Bellflower
28845,Kaitlyn,Simmons,Kaitlyn Simmons,FEMALE,2021-06-06,Burien
28846,Cynthia,Lopez,Cynthia Lopez,FEMALE,2021-06-30,Chula Vista
28847,Carly,Xu,Carly Xu,FEMALE,2021-06-12,Concord
28848,Justin,Butler,Justin Butler,MALE,2022-02-11,Victoria
28849,Garrett,Murphy,Garrett Murphy,MALE,2021-06-17,Spokane
28850,Nelson,Hernandez,Nelson Hernandez,MALE,2022-02-03,Cliffside
28851,Miguel,Mitchell,Miguel Mitchell,MALE,2021-06-18,Everett
28852,Mariah,Watson,Mariah Watson,FEMALE,2021-06-08,Lake Oswego
28853,Miguel,Davis,Miguel Davis,MALE,2021-06-02,Marysville
28854,Morgan,Walker,Morgan Walker,FEMALE,2021-06-24,W. Linn
28855,Alexandra,Perez,Alexandra Perez,FEMALE,2023-07-15,Oakland
28856,Luke,Wang,Luke Wang,MALE,2021-06-12,Spokane
28857,Matthew,Johnson,Matthew Johnson,MALE,2021-06-05,Downey
28858,Aidan,Hughes,Aidan Hughes,MALE,2023-06-07,Mill Valley
28859,Micah,Cai,Micah Cai,MALE,2021-06-19,Bountiful
28860,Ian,Anderson,Ian Anderson,MALE,2023-05-15,Novato
28861,Alexandra,Walker,Alexandra Walker,FEMALE,2023-10-15,Redmond
28862,Catherine,Ramirez,Catherine Ramirez,FEMALE,2023-02-25,Tacoma
28863,Allison,Bell,Allison Bell,FEMALE,2024-01-05,Woodburn
28864,Natalie,Murphy,Natalie Murphy,FEMALE,2023-09-25,Redwood City
28865,Alex,Reed,Alex Reed,MALE,2023-06-14,Concord
28866,Aaron,Adams,Aaron Adams,MALE,2023-04-28,Downey
28867,Natalie,Martinez,Natalie Martinez,FEMALE,2023-06-27,Los Angeles
28868,Jason,Chen,Jason Chen,MALE,2023-12-24,Newport Beach
28869,Isabella,Howard,Isabella Howard,FEMALE,2021-06-27,Port Orchard
28870,Brian,Watson,Brian Watson,MALE,2021-06-25,Lynnwood
28871,Jasmine,West,Jasmine West,FEMALE,2021-06-29,Issaquah
28872,Kelli,He,Kelli He,FEMALE,2023-03-11,Bendigo
28873,Roger,Deng,Roger Deng,MALE,2024-01-21,Berkeley
28874,Alexa,Brooks,Alexa Brooks,FEMALE,2023-05-22,Redmond
28875,Denise,Smith,Denise Smith,MALE,2023-12-12,Roncq
28876,Austin,Garcia,Austin Garcia,MALE,2023-06-12,Hamburg
28877,Joe,Vance,Joe Vance,MALE,2023-02-28,London
28878,Alvin,Guo,Alvin Guo,MALE,2023-10-21,Oxford
28879,Edwin,Xie,Edwin Xie,MALE,2023-07-13,Warrington
28880,Felicia,Moyer,Felicia Moyer,FEMALE,2023-04-08,Wokingham
28881,Allen,Kapoor,Allen Kapoor,MALE,2023-06-13,Paris
28882,Tasha,Shen,Tasha Shen,FEMALE,2023-05-12,Saint-Denis
28883,Eddie,Romero,Eddie Romero,MALE,2023-10-13,Berks
28884,Sheila,Suarez,Sheila Suarez,FEMALE,2023-12-18,York
28885,Kelvin,Raji,Kelvin Raji,MALE,2022-07-24,Cergy
28886,Franklin,Jai,Franklin Jai,MALE,2023-12-03,Paris
28887,Casey,Serrano,Casey Serrano,MALE,2023-08-29,Hamburg
28888,Casey,Lal,Casey Lal,FEMALE,2023-12-18,Saint Ouen
28889,Alison,Beck,Alison Beck,FEMALE,2023-08-15,Berlin
28890,Jaclyn,Ma,Jaclyn Ma,FEMALE,2023-07-06,Münster
28891,Jasmine,Smith,Jasmine Smith,FEMALE,2023-08-21,Newcastle upon Tyne
28892,Marissa,Bryant,Marissa Bryant,FEMALE,2023-08-14,Peterborough
28893,Jessie,Gutierrez,Jessie Gutierrez,FEMALE,2023-05-05,Chatou
28894,Maurice,Xu,Maurice Xu,MALE,2023-11-25,Roissy en Brie
28895,Mitchell,Luo,Mitchell Luo,MALE,2024-01-19,München
28896,Edward,Davis,Edward Davis,MALE,2023-03-19,Esher-Molesey
28897,Jennifer,Ross,Jennifer Ross,FEMALE,2024-01-06,Versailles
28898,Melanie,Patterson,Melanie Patterson,FEMALE,2023-03-06,Billericay
28899,Alejandro,Anand,Alejandro Anand,MALE,2023-12-25,London
28900,Jasmine,Price,Jasmine Price,FEMALE,2023-05-29,Hamburg
28901,Martha,Hee,Martha Hee,FEMALE,2023-07-21,München
28902,Suzanne,She,Suzanne She,FEMALE,2023-07-28,Offenbach
28903,Kara,Luo,Kara Luo,FEMALE,2023-02-11,London
28904,Ian,Flores,Ian Flores,MALE,2022-07-07,Dunkerque
28905,Katherine,Bailey,Katherine Bailey,FEMALE,2023-04-25,Lille
28906,Steve,Xu,Steve Xu,MALE,2023-10-14,Saint-Denis
28907,Blake,Jenkins,Blake Jenkins,MALE,2023-09-22,Runcorn
28908,Dominique,Sai,Dominique Sai,FEMALE,2023-02-01,Woolston
28909,Tommy,Champion,Tommy Champion,MALE,2023-08-23,Les Ulis
28910,Melody,Martin,Melody Martin,FEMALE,2023-09-19,Paris
28911,Levi,Rodriguez,Levi Rodriguez,MALE,2023-08-04,Saint Ouen
28912,Alejandro,Zhu,Alejandro Zhu,MALE,2023-10-02,Verrieres Le Buisson
28913,Krista,Diaz,Krista Diaz,FEMALE,2023-10-22,Newcastle upon Tyne
28914,Alicia,Rai,Alicia Rai,FEMALE,2023-05-10,Wokingham
28915,Johnny,Yuan,Johnny Yuan,MALE,2023-06-14,Drancy
28916,Kathryn,Shan,Kathryn Shan,FEMALE,2023-04-28,London
28917,Sandra,Zhou,Sandra Zhou,FEMALE,2024-01-01,Paris
28918,Gina,Blanco,Gina Blanco,FEMALE,2023-02-22,London
28919,Krystal,Wagner,Krystal Wagner,FEMALE,2023-03-02,Roubaix
28920,Renée,Alvarez,Renée Alvarez,FEMALE,2023-11-07,Stuttgart
28921,Corey,Deng,Corey Deng,MALE,2023-03-22,London
28922,Brent,Ye,Brent Ye,MALE,2023-08-21,Hobart
28923,Roberto,Hernandez,Roberto Hernandez,MALE,2023-03-15,Milsons Point
28924,Sydney,Washington,Sydney Washington,FEMALE,2023-12-22,Bendigo
28925,Warren,Lu,Warren Lu,MALE,2023-11-16,Lane Cove
28926,Danny,Schmidt,Danny Schmidt,MALE,2023-11-13,Townsville
28927,Jermaine,Rana,Jermaine Rana,MALE,2023-03-05,Cloverdale
28928,Margaret,Wu,Margaret Wu,FEMALE,2023-03-29,Silverwater
28929,Marie,Fernandez,Marie Fernandez,FEMALE,2023-10-11,Gold Coast
28930,Jarrod,Kapoor,Jarrod Kapoor,MALE,2023-12-10,Sydney
28931,Darren,Jiménez,Darren Jiménez,MALE,2023-06-17,Malabar
28932,Marshall,Ashe,Marshall Ashe,MALE,2023-12-12,Matraville
28933,Colleen,Rai,Colleen Rai,FEMALE,2023-10-22,South Melbourne
28934,Ricardo,Nara,Ricardo Nara,MALE,2023-08-17,Goulburn
28935,Eddie,Johnsen,Eddie Johnsen,MALE,2023-03-18,Hervey Bay
28936,Karla,Raje,Karla Raje,FEMALE,2023-03-13,Caloundra
28937,Tommy,Nath,Tommy Nath,MALE,2023-06-22,Brisbane
28938,Sarah,Moore,Sarah Moore,FEMALE,2023-11-03,Sunbury
28939,Ronald,Fernandez,Ronald Fernandez,MALE,2023-03-03,Melbourne
28940,Kristine,Serrano,Kristine Serrano,FEMALE,2023-03-25,Bendigo
28941,Deanna,Moreno,Deanna Moreno,FEMALE,2023-10-22,Goulburn
28942,Frederick,Raman,Frederick Raman,MALE,2023-04-16,Coffs Harbour
28943,Arthur,Martin,Arthur Martin,MALE,2023-07-01,Townsville
28944,Whitney,Malhotra,Whitney Malhotra,FEMALE,2023-08-21,Port Macquarie
28945,Rafael,Lal,Rafael Lal,MALE,2023-04-20,Findon
28946,John,Anderson,John Anderson,MALE,2023-12-31,Hervey Bay
28947,Grant,Nath,Grant Nath,MALE,2023-06-08,Caloundra
28948,Valerie,Ye,Valerie Ye,FEMALE,2023-03-01,Caloundra
28949,Lance,Ramos,Lance Ramos,MALE,2023-03-15,Lavender Bay
28950,Carl,Lal,Carl Lal,MALE,2023-04-16,Lane Cove
28951,Monica,Rodriguez,Monica Rodriguez,FEMALE,2023-07-15,Townsville
28952,Arturo,Huang,Arturo Huang,MALE,2023-03-26,Rhodes
28953,Trisha,Gao,Trisha Gao,FEMALE,2023-03-23,Rockhampton
28954,Omar,Hu,Omar Hu,MALE,2023-04-19,Rockhampton
28955,Emmanuel,Fernandez,Emmanuel Fernandez,MALE,2023-12-28,Bendigo
28956,Colleen,Xu,Colleen Xu,FEMALE,2023-07-17,Seaford
28957,Kate,Xu,Kate Xu,FEMALE,2023-04-29,Perth
28958,Randy,Liang,Randy Liang,MALE,2023-12-03,Milsons Point
28959,Jimmy,Ashe,Jimmy Ashe,MALE,2023-04-23,East Brisbane
28960,Jacquelyn,Vazquez,Jacquelyn Vazquez,FEMALE,2024-01-06,Hawthorne
28961,Mathew,Ramos,Mathew Ramos,MALE,2023-04-12,Port Macquarie
28962,Stanley,Lopez,Stanley Lopez,MALE,2023-04-20,Townsville
28963,Ross,Prasad,Ross Prasad,MALE,2023-04-21,Matraville
28964,Trevor,Foster,Trevor Foster,MALE,2023-04-24,Westminster
28965,Trinity,Morris,Trinity Morris,FEMALE,2023-11-05,Portland
28966,Martha,Li,Martha Li,FEMALE,2021-06-14,Concord
28967,Jessica,Morris,Jessica Morris,FEMALE,2023-02-20,Bellflower
28968,Marcus,Morgan,Marcus Morgan,MALE,2023-08-18,Redwood City
28969,Eduardo,Flores,Eduardo Flores,MALE,2023-05-12,Walla Walla
28970,Danielle,Peterson,Danielle Peterson,FEMALE,2023-11-05,Oregon City
28971,Jason,Shan,Jason Shan,MALE,2023-02-06,Issaquah
28972,Taylor,Bennett,Taylor Bennett,FEMALE,2023-08-25,Bremerton
28973,Bryan,Cooper,Bryan Cooper,MALE,2023-10-28,Mill Valley
28974,Kelly,Hayes,Kelly Hayes,FEMALE,2023-10-05,National City
28975,Walter,Gill,Walter Gill,MALE,2023-11-06,Burlingame
28976,Christina,Peterson,Christina Peterson,FEMALE,2023-05-14,Metchosin
28977,Carlos,Nelson,Carlos Nelson,MALE,2023-05-30,Palo Alto
28978,Alexandria,Watson,Alexandria Watson,FEMALE,2023-07-10,Beverly Hills
28979,Matthew,Williams,Matthew Williams,MALE,2023-03-24,Salem
28980,Alyssa,Watson,Alyssa Watson,FEMALE,2023-05-21,Kirkland
28981,Luke,Jai,Luke Jai,MALE,2023-03-18,Redwood City
28982,Sydney,Watson,Sydney Watson,FEMALE,2023-05-04,Lincoln Acres
28983,Sean,Lopez,Sean Lopez,MALE,2023-08-11,Bellflower
28984,Katherine,Cox,Katherine Cox,FEMALE,2023-07-23,Olympia
28985,Andrew,Taylor,Andrew Taylor,MALE,2023-03-23,West Covina
28986,Caleb,King,Caleb King,MALE,2023-08-01,Westminster
28987,Jessica,Harris,Jessica Harris,FEMALE,2024-01-21,Woodland Hills
28988,Harold,Perez,Harold Perez,MALE,2021-06-01,Colma
28989,Angela,Cox,Angela Cox,FEMALE,2021-06-21,Milwaukie
28990,Ann,Raman,Ann Raman,FEMALE,2021-06-19,Concord
28991,Timothy,Ward,Timothy Ward,MALE,2023-03-29,Beaverton
28992,Darren,Fernandez,Darren Fernandez,MALE,2023-07-19,Cliffside
28993,Destiny,Perry,Destiny Perry,FEMALE,2021-06-18,Milwaukie
28994,Noah,Hayes,Noah Hayes,MALE,2023-07-27,Lakewood
28995,Alexandra,Wright,Alexandra Wright,FEMALE,2023-06-01,Edmonds
28996,Rachel,Rivera,Rachel Rivera,FEMALE,2023-08-16,Cliffside
28997,Hector,Carlson,Hector Carlson,MALE,2021-06-03,Chula Vista
28998,Kristina,Rodriguez,Kristina Rodriguez,FEMALE,2023-02-20,Concord
28999,Edward,Martinez,Edward Martinez,MALE,2023-07-25,La Jolla
29000,Nathan,Baker,Nathan Baker,MALE,2023-02-20,Port Orchard
29001,Carl,Nath,Carl Nath,MALE,2023-12-04,Cliffside
29002,Hannah,Walker,Hannah Walker,FEMALE,2023-03-19,Kirkland
29003,Veronica,Perez,Veronica Perez,FEMALE,2023-09-08,Chula Vista
29004,Andrew,Thomas,Andrew Thomas,MALE,2021-06-07,Santa Monica
29005,Cameron,Gonzales,Cameron Gonzales,MALE,2023-03-05,Westminster
29006,Christian,Kumar,Christian Kumar,MALE,2023-08-03,Corvallis
29007,Elijah,Perry,Elijah Perry,MALE,2023-12-03,W. Linn
29008,Andres,Luo,Andres Luo,MALE,2021-06-23,Burbank
29009,Stanley,Arun,Stanley Arun,MALE,2023-07-14,Burlingame
29010,Jennifer,Long,Jennifer Long,FEMALE,2021-06-22,Colma
29011,Allison,Roberts,Allison Roberts,FEMALE,2021-05-31,San Francisco
29012,Jeremiah,Taylor,Jeremiah Taylor,MALE,2023-10-23,Royal Oak
29013,Emma,Hall,Emma Hall,FEMALE,2022-02-21,Westminster
29014,Ryan,Powell,Ryan Powell,MALE,2023-02-04,Edmonds
29015,Trinity,Murphy,Trinity Murphy,FEMALE,2023-05-24,Issaquah
29016,Jackson,Perez,Jackson Perez,MALE,2021-06-21,Marysville
29017,Gabriel,Long,Gabriel Long,MALE,2021-06-15,Woodburn
29018,Drew,Luo,Drew Luo,MALE,2023-11-19,Burbank
29019,Isaiah,Morris,Isaiah Morris,MALE,2021-06-20,Lakewood
29020,Jackson,Young,Jackson Young,MALE,2023-06-27,Spring Valley
29021,William,Clark,William Clark,MALE,2023-08-02,Westminster
29022,Sydney,Diaz,Sydney Diaz,FEMALE,2023-09-30,Oregon City
29023,Dalton,Campbell,Dalton Campbell,MALE,2023-10-12,Renton
29024,Deanna,Blanco,Deanna Blanco,FEMALE,2024-01-22,Burbank
29025,Miguel,Hayes,Miguel Hayes,MALE,2023-02-23,Glendale
29026,Sydney,Mitchell,Sydney Mitchell,FEMALE,2023-08-18,Glendale
29027,Jacob,Walker,Jacob Walker,MALE,2023-12-15,Haney
29028,Samuel,Parker,Samuel Parker,MALE,2023-10-11,Burlingame
29029,Marcus,Bennett,Marcus Bennett,MALE,2023-11-22,Corvallis
29030,Jeremy,Adams,Jeremy Adams,MALE,2023-12-20,Santa Monica
29031,Brandon,Chen,Brandon Chen,MALE,2023-11-10,Bremerton
29032,Taylor,Ramirez,Taylor Ramirez,FEMALE,2021-06-14,Mill Valley
29033,Natalie,Cooper,Natalie Cooper,FEMALE,2023-06-14,Glendale
29034,Jonathan,Patterson,Jonathan Patterson,MALE,2023-06-15,Edmonds
29035,Elijah,Scott,Elijah Scott,MALE,2023-12-16,Woodland Hills
29036,Rebecca,Baker,Rebecca Baker,FEMALE,2023-12-31,Ballard
29037,Brandon,Lewis,Brandon Lewis,MALE,2023-05-07,Haney
29038,Vanessa,Hughes,Vanessa Hughes,FEMALE,2023-12-19,Lakewood
29039,Xavier,Hayes,Xavier Hayes,MALE,2023-10-29,Spokane
29040,Colleen,Liu,Colleen Liu,FEMALE,2023-02-06,Berkeley
29041,Charles,Collins,Charles Collins,MALE,2023-12-25,Royal Oak
29042,Edward,Jackson,Edward Jackson,MALE,2023-01-11,Langford
29043,Luke,Alexander,Luke Alexander,MALE,2023-01-16,Westminster
29044,Olivia,Wilson,Olivia Wilson,FEMALE,2021-06-18,Portland
29045,Anna,Jones,Anna Jones,FEMALE,2023-04-24,Mill Valley
29046,Gabriella,Richardson,Gabriella Richardson,FEMALE,2023-07-17,Yakima
29047,Jack,Lopez,Jack Lopez,MALE,2023-07-28,Port Hammond
29048,William,Harris,William Harris,MALE,2021-06-10,Berkeley
29049,Kelly,Simmons,Kelly Simmons,FEMALE,2023-04-05,Portland
29050,Jack,Russell,Jack Russell,MALE,2023-12-10,Bellflower
29051,Michele,She,Michele She,FEMALE,2023-09-03,Burlingame
29052,Ian,Peterson,Ian Peterson,MALE,2023-04-01,La Jolla
29053,Nelson,Gomez,Nelson Gomez,MALE,2023-05-15,Goulburn
29054,Abby,Kapoor,Abby Kapoor,FEMALE,2023-06-16,North Ryde
29055,Monica,Sai,Monica Sai,FEMALE,2023-05-31,Rockhampton
29056,Angelica,Griffin,Angelica Griffin,FEMALE,2021-06-10,West Covina
29057,Latoya,Andersen,Latoya Andersen,FEMALE,2023-06-18,Bellflower
29058,Olivia,Reed,Olivia Reed,FEMALE,2021-06-06,Coronado
29059,Jocelyn,Perry,Jocelyn Perry,FEMALE,2021-06-26,Downey
29060,David,Washington,David Washington,MALE,2021-06-20,La Jolla
29061,Jaime,Kumar,Jaime Kumar,MALE,2023-12-10,Silverwater
29062,Dennis,Liu,Dennis Liu,MALE,2023-06-17,South Melbourne
29063,Alan,Liang,Alan Liang,MALE,2023-06-07,Melbourne
29064,Jose,Butler,Jose Butler,MALE,2023-06-21,Cranbourne
29065,Pamela,Rodriguez,Pamela Rodriguez,FEMALE,2023-06-13,Townsville
29066,Ricky,Suarez,Ricky Suarez,MALE,2023-07-17,Warrnambool
29067,Russell,Chander,Russell Chander,MALE,2023-08-07,Geelong
29068,Cassandra,Madan,Cassandra Madan,FEMALE,2023-06-03,Matraville
29069,Clarence,Lin,Clarence Lin,MALE,2023-06-24,Melbourne
29070,Arianna,Simmons,Arianna Simmons,FEMALE,2021-06-29,Lakewood
29071,Megan,Thomas,Megan Thomas,FEMALE,2023-05-16,Metchosin
29072,Emma,Ramirez,Emma Ramirez,FEMALE,2023-12-24,Vancouver
29073,Melanie,Barnes,Melanie Barnes,FEMALE,2023-04-30,Bellingham
29074,Joan,Long,Joan Long,FEMALE,2023-06-08,Puyallup
29075,Jack,Wright,Jack Wright,MALE,2023-04-02,Salem
29076,Megan,Miller,Megan Miller,FEMALE,2023-12-16,Fremont
29077,Blake,Henderson,Blake Henderson,MALE,2023-11-07,Santa Monica
29078,Victoria,Sanders,Victoria Sanders,FEMALE,2023-08-18,Santa Monica
29079,Brian,Rogers,Brian Rogers,MALE,2023-01-28,Lincoln Acres
29080,Yolanda,Nara,Yolanda Nara,FEMALE,2023-07-25,Malabar
29081,Darren,Lopez,Darren Lopez,MALE,2023-07-24,Perth
29082,Sabrina,Ramos,Sabrina Ramos,FEMALE,2023-06-30,Wollongong
29083,Toni,Sullivan,Toni Sullivan,FEMALE,2023-09-26,Matraville
29084,Beth,Hernandez,Beth Hernandez,FEMALE,2023-07-01,Hervey Bay
29085,Brad,Goel,Brad Goel,MALE,2023-07-17,Cloverdale
29086,Frank,Diaz,Frank Diaz,MALE,2023-07-10,Rockhampton
29087,Steve,Ye,Steve Ye,MALE,2023-08-14,Newcastle
29088,Tamara,Anand,Tamara Anand,FEMALE,2023-08-06,Newcastle
29089,Noah,Henderson,Noah Henderson,MALE,2023-04-07,Burbank
29090,Lacey,Ye,Lacey Ye,FEMALE,2023-08-27,Lavender Bay
29091,Mallory,Hernandez,Mallory Hernandez,FEMALE,2023-08-04,Cranbourne
29092,Jessie,Ma,Jessie Ma,MALE,2023-05-30,Warrnambool
29093,Erik,Blanco,Erik Blanco,MALE,2023-08-19,North Sydney
29094,Jessie,He,Jessie He,MALE,2023-08-11,Cranbourne
29095,Jaime,Jimenez,Jaime Jimenez,MALE,2023-08-08,Lane Cove
29096,Margaret,Stewart,Margaret Stewart,FEMALE,2023-08-07,Bendigo
29097,Bonnie,Beck,Bonnie Beck,FEMALE,2023-08-20,Townsville
29098,Jimmy,Gill,Jimmy Gill,MALE,2023-08-02,Matraville
29099,Tony,Shen,Tony Shen,MALE,2023-09-22,Perth
29100,Vanessa,Diaz,Vanessa Diaz,FEMALE,2023-11-29,Warrnambool
29101,Monique,Rubio,Monique Rubio,FEMALE,2023-10-31,Rhodes
29102,Marie,Mehta,Marie Mehta,FEMALE,2023-04-01,Hobart
29103,Karl,Raji,Karl Raji,MALE,2023-04-01,Malabar
29104,Nathan,Zhang,Nathan Zhang,MALE,2023-11-06,Victoria
29105,Martha,Ma,Martha Ma,FEMALE,2023-04-14,Burbank
29106,Calvin,Beck,Calvin Beck,MALE,2021-06-26,Burlingame
29107,Tonya,Luo,Tonya Luo,FEMALE,2023-04-19,Concord
29108,Seth,Evans,Seth Evans,MALE,2021-06-11,El Cajon
29109,Elizabeth,Miller,Elizabeth Miller,FEMALE,2023-05-01,San Francisco
29110,Sydney,Smith,Sydney Smith,FEMALE,2021-06-17,Los Angeles
29111,Dale,Anand,Dale Anand,MALE,2021-06-09,Burbank
29112,Edward,Powell,Edward Powell,MALE,2023-05-11,Bellflower
29113,Alícia,Anand,Alícia Anand,FEMALE,2023-04-24,Cranbourne
29114,Levi,Raman,Levi Raman,MALE,2023-04-13,Rhodes
29115,Jacquelyn,Munoz,Jacquelyn Munoz,FEMALE,2023-04-13,Melbourne
29116,Janelle,Patel,Janelle Patel,FEMALE,2023-04-08,Melton
29117,Glenn,She,Glenn She,MALE,2023-06-03,Rockhampton
29118,Noah,Griffin,Noah Griffin,MALE,2023-08-05,Cranbourne
29119,Lee,Oliver,Lee Oliver,MALE,2023-10-31,Malabar
29120,Kaitlyn,Brown,Kaitlyn Brown,FEMALE,2023-06-08,Gold Coast
29121,Julie,Luo,Julie Luo,FEMALE,2023-09-10,Brisbane
29122,Shannon,Munoz,Shannon Munoz,MALE,2023-07-30,Perth
29123,Tonya,Goel,Tonya Goel,FEMALE,2023-10-26,Gold Coast
29124,Angel,Edwards,Angel Edwards,MALE,2023-05-14,Haney
29125,Andrea,Reed,Andrea Reed,FEMALE,2023-11-11,Yakima
29126,Chloe,Cox,Chloe Cox,FEMALE,2021-06-01,Burbank
29127,Bryan,Murphy,Bryan Murphy,MALE,2023-03-24,Colma
29128,Alyssa,Reed,Alyssa Reed,FEMALE,2021-06-07,Grossmont
29129,Timothy,Watson,Timothy Watson,MALE,2023-05-03,San Gabriel
29130,Hannah,Washington,Hannah Washington,FEMALE,2023-02-06,Westminster
29131,Brandon,Coleman,Brandon Coleman,MALE,2023-12-10,Glendale
29132,Brianna,Cook,Brianna Cook,FEMALE,2021-06-23,Daly City
29133,Sydney,King,Sydney King,FEMALE,2023-12-25,Oregon City
29134,Pedro,Dominguez,Pedro Dominguez,MALE,2023-10-06,Burien
29135,Adam,Allen,Adam Allen,MALE,2022-02-22,Haney
29136,Caroline,Bryant,Caroline Bryant,FEMALE,2021-06-10,Bellflower
29137,Jack,Allen,Jack Allen,MALE,2023-01-25,Metchosin
29138,Eduardo,Wood,Eduardo Wood,MALE,2021-06-30,Woodland Hills
29139,Riley,Coleman,Riley Coleman,FEMALE,2021-06-06,Torrance
29140,Richard,Ward,Richard Ward,MALE,2021-07-06,Port Orchard
29141,Suzanne,Wang,Suzanne Wang,FEMALE,2021-07-08,Berkeley
29142,Ashley,Smith,Ashley Smith,FEMALE,2021-07-06,Burlingame
29143,Grace,Jenkins,Grace Jenkins,FEMALE,2021-07-02,Lakewood
29144,Brandon,Zhang,Brandon Zhang,MALE,2021-07-24,Redmond
29145,Shelby,Gray,Shelby Gray,FEMALE,2021-07-19,Olympia
29146,Ian,Henderson,Ian Henderson,MALE,2021-07-08,Edmonds
29147,Mary,Roberts,Mary Roberts,FEMALE,2021-07-27,Marysville
29148,Gabriella,Murphy,Gabriella Murphy,FEMALE,2021-07-21,Mill Valley
29149,Ariana,Bell,Ariana Bell,FEMALE,2022-03-17,Cliffside
29150,Wyatt,Griffin,Wyatt Griffin,MALE,2021-07-31,Lake Oswego
29151,Caroline,Long,Caroline Long,FEMALE,2021-07-04,Chula Vista
29152,Steven,Sanders,Steven Sanders,MALE,2022-03-18,Vancouver
29153,Pedro,Arun,Pedro Arun,MALE,2023-05-14,Beverly Hills
29154,Eduardo,Bennett,Eduardo Bennett,MALE,2022-04-25,Langley
29155,Gabriella,Kelly,Gabriella Kelly,FEMALE,2021-07-28,Puyallup
29156,Ashley,Barnes,Ashley Barnes,FEMALE,2021-07-22,San Francisco
29157,Seth,Powell,Seth Powell,MALE,2021-07-17,Santa Cruz
29158,Ian,Edwards,Ian Edwards,MALE,2021-07-10,Burien
29159,Emma,Morgan,Emma Morgan,FEMALE,2022-04-23,Vancouver
29160,Logan,Baker,Logan Baker,MALE,2023-07-09,Marysville
29161,Thomas,Martinez,Thomas Martinez,MALE,2023-10-29,Oakland
29162,Xavier,Murphy,Xavier Murphy,MALE,2023-05-20,Salem
29163,Mason,Murphy,Mason Murphy,MALE,2021-07-11,Portland
29164,Jennifer,James,Jennifer James,FEMALE,2023-06-09,Oregon City
29165,Benjamin,Perry,Benjamin Perry,MALE,2023-02-26,N. Vancouver
29166,Jaime,Hernandez,Jaime Hernandez,MALE,2021-07-13,Berkeley
29167,Dawn,Shen,Dawn Shen,FEMALE,2021-07-04,Bremerton
29168,Derrick,Romero,Derrick Romero,MALE,2021-07-21,Chula Vista
29169,Victoria,Bailey,Victoria Bailey,FEMALE,2021-07-09,Bremerton
29170,Alexandra,Adams,Alexandra Adams,FEMALE,2021-07-03,Burlingame
29171,Jay,Alvarez,Jay Alvarez,MALE,2023-09-13,Burien
29172,Arturo,Carson,Arturo Carson,MALE,2023-12-24,Concord
29173,Richard,Bradley,Richard Bradley,MALE,2023-04-27,Yakima
29174,Richard,Parker,Richard Parker,MALE,2021-07-04,Puyallup
29175,Sean,Rivera,Sean Rivera,MALE,2021-07-31,Burien
29176,Luke,Evans,Luke Evans,MALE,2023-04-18,Shawnee
29177,Frank,Martin,Frank Martin,MALE,2023-04-28,Chula Vista
29178,Candice,She,Candice She,FEMALE,2023-04-24,North Ryde
29179,Patricia,Mehta,Patricia Mehta,FEMALE,2023-03-30,Warrnambool
29180,Erik,Gomez,Erik Gomez,MALE,2023-04-28,North Ryde
29181,Melinda,Suarez,Melinda Suarez,FEMALE,2023-09-23,Cloverdale
29182,Wesley,Xu,Wesley Xu,MALE,2023-08-30,Rhodes
29183,Gabrielle,Simmons,Gabrielle Simmons,FEMALE,2023-04-13,Hervey Bay
29184,Kristi,Madan,Kristi Madan,FEMALE,2023-04-22,Findon
29185,Warren,Li,Warren Li,MALE,2023-09-16,Wollongong
29186,Mathew,Serrano,Mathew Serrano,MALE,2023-09-17,Townsville
29187,Jerome,Ramos,Jerome Ramos,MALE,2023-10-23,Bendigo
29188,Colin,Kumar,Colin Kumar,MALE,2023-07-04,Hawthorne
29189,Roy,Dominguez,Roy Dominguez,MALE,2023-08-17,North Sydney
29190,Kaitlin,Suri,Kaitlin Suri,FEMALE,2023-04-17,Rhodes
29191,Chelsea,Weber,Chelsea Weber,FEMALE,2023-04-16,Sydney
29192,Jessica,Ramirez,Jessica Ramirez,FEMALE,2023-04-23,Warrnambool
29193,Alejandro,Liang,Alejandro Liang,MALE,2023-12-10,Port Macquarie
29194,Grace,Powell,Grace Powell,FEMALE,2023-04-15,Wollongong
29195,Barbara,Xu,Barbara Xu,FEMALE,2023-04-06,Wollongong
29196,Darren,Serrano,Darren Serrano,MALE,2023-04-09,Gold Coast
29197,Morgan,Brown,Morgan Brown,FEMALE,2023-11-12,Victoria
29198,Faith,Ramirez,Faith Ramirez,FEMALE,2021-07-17,West Covina
29199,James,Wilson,James Wilson,MALE,2023-09-06,Fremont
29200,Jackson,Collins,Jackson Collins,MALE,2023-07-24,Beaverton
29201,Kara,Jai,Kara Jai,FEMALE,2021-07-22,Berkeley
29202,Jerry,Kumar,Jerry Kumar,MALE,2021-07-14,Burien
29203,Laura,Hu,Laura Hu,FEMALE,2021-07-28,Chula Vista
29204,Austin,Sharma,Austin Sharma,MALE,2021-07-08,Walla Walla
29205,David,Long,David Long,MALE,2023-11-28,West Covina
29206,Nicholas,Anderson,Nicholas Anderson,MALE,2023-04-18,Grossmont
29207,Katelyn,James,Katelyn James,FEMALE,2021-07-24,Tacoma
29208,Amber,Lopez,Amber Lopez,FEMALE,2021-07-23,Bellingham
29209,Jordan,Evans,Jordan Evans,MALE,2023-02-26,Westminster
29210,Devin,Peterson,Devin Peterson,MALE,2023-08-24,Everett
29211,Stephanie,Ross,Stephanie Ross,FEMALE,2023-12-05,Lynnwood
29212,Jocelyn,Gonzales,Jocelyn Gonzales,FEMALE,2023-10-11,Marysville
29213,Jodi,Luo,Jodi Luo,FEMALE,2023-09-15,Cliffside
29214,Joseph,Martinez,Joseph Martinez,MALE,2023-02-15,Westminster
29215,Abigail,Barnes,Abigail Barnes,FEMALE,2024-01-09,Corvallis
29216,Antonio,Wood,Antonio Wood,MALE,2024-01-27,Lebanon
29217,Alexis,Wilson,Alexis Wilson,FEMALE,2023-04-20,Tacoma
29218,Brandon,Moore,Brandon Moore,MALE,2023-08-30,W. Linn
29219,Darren,Arun,Darren Arun,MALE,2024-01-21,Chula Vista
29220,Melinda,Ramos,Melinda Ramos,FEMALE,2023-08-05,Colma
29221,Kelly,Bennett,Kelly Bennett,FEMALE,2021-07-20,Oakland
29222,Evan,Perez,Evan Perez,MALE,2021-07-12,Torrance
29223,Angel,Phillips,Angel Phillips,MALE,2021-07-28,Bremerton
29224,Kaylee,Bailey,Kaylee Bailey,FEMALE,2023-03-05,Concord
29225,Matthew,Lee,Matthew Lee,MALE,2021-07-31,Port Orchard
29226,Katherine,Lee,Katherine Lee,FEMALE,2023-07-18,Redmond
29227,Levi,Patel,Levi Patel,MALE,2023-11-12,Chula Vista
29228,Courtney,Campbell,Courtney Campbell,FEMALE,2023-02-18,Newport Beach
29229,Lance,Moreno,Lance Moreno,MALE,2023-09-07,Cliffside
29230,Kaitlyn,Diaz,Kaitlyn Diaz,FEMALE,2023-02-27,Haney
29231,Brittany,Simmons,Brittany Simmons,FEMALE,2023-11-06,Victoria
29232,Samantha,Simmons,Samantha Simmons,FEMALE,2023-04-01,Milwaukie
29233,Caitlin,Sanders,Caitlin Sanders,FEMALE,2023-10-23,Olympia
29234,Kevin,Lopez,Kevin Lopez,MALE,2023-07-09,Daly City
29235,Isaiah,Rogers,Isaiah Rogers,MALE,2023-08-16,El Cajon
29236,Eric,Young,Eric Young,MALE,2021-07-09,El Cajon
29237,Jennifer,Jenkins,Jennifer Jenkins,FEMALE,2021-07-30,Lakewood
29238,Xavier,Powell,Xavier Powell,MALE,2021-07-17,Torrance
29239,Samantha,Miller,Samantha Miller,FEMALE,2021-07-22,Torrance
29240,Madeline,Allen,Madeline Allen,FEMALE,2023-12-20,Westminster
29241,Sophia,Evans,Sophia Evans,FEMALE,2023-03-28,Bellingham
29242,Blake,Thomas,Blake Thomas,MALE,2021-07-26,Yakima
29243,Jared,Torres,Jared Torres,MALE,2023-10-25,Bellflower
29244,Eric,Ross,Eric Ross,MALE,2024-01-06,Chula Vista
29245,Angel,Roberts,Angel Roberts,MALE,2023-12-04,Palo Alto
29246,Thomas,Williams,Thomas Williams,MALE,2023-09-30,San Diego
29247,Sara,Gray,Sara Gray,FEMALE,2023-02-15,Langford
29248,Jonathan,Martin,Jonathan Martin,MALE,2023-02-15,Redmond
29249,Austin,Long,Austin Long,MALE,2023-02-17,Sedro Woolley
29250,Anthony,Williams,Anthony Williams,MALE,2023-04-25,Yakima
29251,Mandy,Zhou,Mandy Zhou,FEMALE,2023-04-03,Beverly Hills
29252,Alex,Parker,Alex Parker,MALE,2021-07-30,Palo Alto
29253,Savannah,Green,Savannah Green,FEMALE,2023-06-16,San Francisco
29254,Erin,Sanchez,Erin Sanchez,FEMALE,2021-07-17,Edmonds
29255,Kyle,Washington,Kyle Washington,MALE,2021-07-01,Torrance
29256,Noah,Harris,Noah Harris,MALE,2023-03-19,Vancouver
29257,Jeremiah,Russell,Jeremiah Russell,MALE,2023-10-19,Oakland
29258,Makayla,James,Makayla James,FEMALE,2021-07-30,Yakima
29259,Jonathan,Davis,Jonathan Davis,MALE,2023-10-05,Royal Oak
29260,Ricky,Carlson,Ricky Carlson,MALE,2023-09-10,Colma
29261,Robert,Turner,Robert Turner,MALE,2021-07-23,San Gabriel
29262,Cassie,Raje,Cassie Raje,FEMALE,2024-01-24,Beaverton
29263,Nathan,Li,Nathan Li,MALE,2023-11-28,Beverly Hills
29264,Riley,Brooks,Riley Brooks,FEMALE,2021-07-11,Coronado
29265,Marissa,Diaz,Marissa Diaz,FEMALE,2021-07-31,Daly City
29266,Lucas,Anderson,Lucas Anderson,MALE,2023-04-05,Langford
29267,Jordan,Perez,Jordan Perez,FEMALE,2023-07-24,Shawnee
29268,Marcus,Thomas,Marcus Thomas,MALE,2023-02-19,Edmonds
29269,Vanessa,Griffin,Vanessa Griffin,FEMALE,2023-10-05,Lebanon
29270,Carlos,Allen,Carlos Allen,MALE,2023-08-25,Spokane
29271,Antonio,Henderson,Antonio Henderson,MALE,2023-05-11,W. Linn
29272,Alex,King,Alex King,MALE,2023-08-26,Bellflower
29273,Timothy,Lopez,Timothy Lopez,MALE,2023-08-26,Bellflower
29274,Miguel,Green,Miguel Green,MALE,2021-07-05,Lemon Grove
29275,Taylor,Thomas,Taylor Thomas,FEMALE,2021-07-06,Spring Valley
29276,Sydney,Flores,Sydney Flores,FEMALE,2021-07-14,Puyallup
29277,Samantha,Mohamed,Samantha Mohamed,FEMALE,2023-03-02,Oak Bay
29278,Janet,Scott,Janet Scott,FEMALE,2021-07-12,Long Beach
29279,Hailey,Turner,Hailey Turner,FEMALE,2021-08-17,Lemon Grove
29280,Erin,Cook,Erin Cook,FEMALE,2021-08-22,Walla Walla
29281,Charles,Anderson,Charles Anderson,MALE,2022-04-25,Vancouver
29282,Taylor,Jackson,Taylor Jackson,FEMALE,2023-12-30,Sooke
29283,Jeff,Smith,Jeff Smith,MALE,2023-06-01,Concord
29284,Riley,Hughes,Riley Hughes,FEMALE,2023-12-11,Ballard
29285,Thomas,Adams,Thomas Adams,MALE,2021-08-10,Beverly Hills
29286,Rodney,Alvarez,Rodney Alvarez,MALE,2023-03-24,Cloverdale
29287,Suzanne,Lin,Suzanne Lin,FEMALE,2023-01-31,Cloverdale
29288,Glenn,Lin,Glenn Lin,MALE,2024-01-25,Darlinghurst
29289,Devon,Raje,Devon Raje,MALE,2023-04-03,Brisbane
29290,Troy,Garcia,Troy Garcia,MALE,2023-02-12,Goulburn
29291,Nancy,Subram,Nancy Subram,FEMALE,2023-09-29,Hervey Bay
29292,Diana,Dominguez,Diana Dominguez,FEMALE,2023-04-07,Geelong
29293,Nuan,Wu,Nuan Wu,MALE,2023-04-14,Hawthorne
29294,Allison,Cooper,Allison Cooper,FEMALE,2023-10-28,Townsville
29295,Glenn,Li,Glenn Li,MALE,2023-04-29,St. Leonards
29296,Nichole,Luo,Nichole Luo,FEMALE,2023-11-05,Sydney
29297,Nina,Pal,Nina Pal,FEMALE,2023-10-09,Wollongong
29298,Diana,Moreno,Diana Moreno,FEMALE,2023-10-24,Malabar
29299,Bethany,Kumar,Bethany Kumar,FEMALE,2023-11-06,Silverwater
29300,Joe,Madan,Joe Madan,MALE,2023-05-27,Brisbane
29301,Alvin,Nath,Alvin Nath,MALE,2023-04-25,Milsons Point
29302,Carolyn,Fernandez,Carolyn Fernandez,FEMALE,2023-05-06,Geelong
29303,Arturo,Pal,Arturo Pal,MALE,2023-05-23,Seaford
29304,Willie,Wang,Willie Wang,MALE,2023-04-02,Warrnambool
29305,Beth,Alvarez,Beth Alvarez,FEMALE,2023-12-29,Matraville
29306,Rafael,Anand,Rafael Anand,MALE,2023-05-16,Cranbourne
29307,Ross,Malhotra,Ross Malhotra,MALE,2023-01-29,East Brisbane
29308,Phillip,Vance,Phillip Vance,MALE,2023-05-07,Hobart
29309,Rodney,Navarro,Rodney Navarro,MALE,2023-05-21,Perth
29310,Armando,Gutierrez,Armando Gutierrez,MALE,2023-05-17,Bendigo
29311,Marie,Carlson,Marie Carlson,FEMALE,2023-11-23,Gold Coast
29312,Colleen,She,Colleen She,FEMALE,2023-05-15,Port Macquarie
29313,Jésus,Sanz,Jésus Sanz,MALE,2023-11-07,Cloverdale
29314,Meredith,Malhotra,Meredith Malhotra,FEMALE,2023-11-20,Hawthorne
29315,Jill,Gomez,Jill Gomez,FEMALE,2023-05-10,Lavender Bay
29316,Max,Romero,Max Romero,MALE,2023-05-13,Matraville
29317,James,Hill,James Hill,MALE,2023-05-25,Brisbane
29318,Edgar,Perez,Edgar Perez,MALE,2023-05-09,Rhodes
29319,Alvin,Pal,Alvin Pal,MALE,2023-05-02,Rhodes
29320,Wesley,Huang,Wesley Huang,MALE,2023-08-29,Malabar
29321,Roger,Zheng,Roger Zheng,MALE,2023-05-25,Rockhampton
29322,Gavin,Alexander,Gavin Alexander,MALE,2023-12-19,Milwaukie
29323,Andrea,Cooper,Andrea Cooper,FEMALE,2023-08-13,Port Hammond
29324,Kayla,Williams,Kayla Williams,FEMALE,2023-04-03,Ballard
29325,Cameron,Thomas,Cameron Thomas,MALE,2023-08-18,Bremerton
29326,Victoria,Diaz,Victoria Diaz,FEMALE,2021-08-10,Concord
29327,Allen,Chandra,Allen Chandra,MALE,2023-07-09,Bremerton
29328,Jason,Alexander,Jason Alexander,MALE,2023-08-16,Glendale
29329,Lucas,Campbell,Lucas Campbell,MALE,2023-11-15,Portland
29330,Alexa,Ward,Alexa Ward,FEMALE,2023-09-09,W. Linn
29331,Melvin,Yuan,Melvin Yuan,MALE,2023-08-19,Lavender Bay
29332,Shawna,Goel,Shawna Goel,FEMALE,2023-03-16,Newcastle
29333,Abby,Martinez,Abby Martinez,FEMALE,2023-03-08,Townsville
29334,Paige,Howard,Paige Howard,FEMALE,2021-08-14,Walla Walla
29335,Justin,Bryant,Justin Bryant,MALE,2021-08-15,Seattle
29336,Nathaniel,Bailey,Nathaniel Bailey,MALE,2022-04-22,Shawnee
29337,Hector,Gomez,Hector Gomez,MALE,2023-05-15,East Brisbane
29338,Bridget,Shan,Bridget Shan,FEMALE,2023-07-24,Milsons Point
29339,Brandon,Li,Brandon Li,MALE,2023-12-23,Langley
29340,Rachel,Cox,Rachel Cox,FEMALE,2021-08-26,Langley
29341,Lucas,Stewart,Lucas Stewart,MALE,2023-09-07,N. Vancouver
29342,Cassie,Anand,Cassie Anand,FEMALE,2023-08-11,Gold Coast
29343,Glenn,Wu,Glenn Wu,MALE,2023-12-19,Warrnambool
29344,Gilbert,Ye,Gilbert Ye,MALE,2023-12-26,Lane Cove
29345,Randall,Diaz,Randall Diaz,MALE,2023-12-27,Newcastle
29346,Briana,Ortega,Briana Ortega,FEMALE,2023-11-29,Sunbury
29347,Jonathan,Edwards,Jonathan Edwards,MALE,2023-02-26,San Gabriel
29348,Miguel,Bryant,Miguel Bryant,MALE,2023-08-23,Seattle
29349,Gabrielle,Bryant,Gabrielle Bryant,FEMALE,2023-07-25,Salem
29350,Julia,Thompson,Julia Thompson,FEMALE,2021-08-15,West Covina
29351,Jason,Hall,Jason Hall,MALE,2023-10-11,Cliffside
29352,Lydia,Gonzalez,Lydia Gonzalez,FEMALE,2021-08-08,Beverly Hills
29353,Orlando,Gomez,Orlando Gomez,MALE,2023-09-01,Burien
29354,Isaiah,Edwards,Isaiah Edwards,MALE,2021-08-23,Marysville
29355,Virginia,Fernandez,Virginia Fernandez,FEMALE,2022-12-31,Berlin
29356,Casey,Diaz,Casey Diaz,MALE,2023-01-04,Frankfurt
29357,Richard,Brown,Richard Brown,MALE,2023-10-03,Esher-Molesey
29358,Priscilla,Chande,Priscilla Chande,FEMALE,2023-10-31,London
29359,Harold,Fernandez,Harold Fernandez,MALE,2023-11-13,London
29360,Bryant,Rodriguez,Bryant Rodriguez,MALE,2023-11-02,Newcastle upon Tyne
29361,Sheena,Nara,Sheena Nara,FEMALE,2022-07-07,Bobigny
29362,Emmanuel,Chandra,Emmanuel Chandra,MALE,2023-11-11,Darmstadt
29363,Cristina,Jai,Cristina Jai,FEMALE,2023-11-04,Hamburg
29364,Lee,Rubio,Lee Rubio,MALE,2022-07-23,Boulogne-Billancourt
29365,Cheryl,Carlson,Cheryl Carlson,FEMALE,2023-11-01,Saarlouis
29366,Dominic,Patel,Dominic Patel,MALE,2023-11-20,Esher-Molesey
29367,Randy,Ye,Randy Ye,MALE,2023-11-21,Reading
29368,Jermaine,Kapoor,Jermaine Kapoor,MALE,2023-11-06,W. York
29369,Arturo,He,Arturo He,MALE,2023-12-13,York
29370,Mason,Kelly,Mason Kelly,MALE,2023-10-01,Bottrop
29371,Matthew,Walker,Matthew Walker,MALE,2023-10-31,Paderborn
29372,Daisy,Sanz,Daisy Sanz,FEMALE,2023-06-22,Suresnes
29373,Bobby,Subram,Bobby Subram,MALE,2023-05-10,Maidenhead
29374,Shane,Sai,Shane Sai,MALE,2023-12-02,Bonn
29375,Sergio,Malhotra,Sergio Malhotra,MALE,2023-12-25,Frankfurt am Main
29376,Matthew,Robinson,Matthew Robinson,MALE,2023-08-01,Oxford
29377,Rebekah,Carlson,Rebekah Carlson,FEMALE,2023-07-14,Saarlouis
29378,Dominic,Vance,Dominic Vance,MALE,2023-11-11,Orleans
29379,Craig,Gill,Craig Gill,MALE,2023-04-25,Saint Ouen
29380,Teresa,Blanco,Teresa Blanco,FEMALE,2022-07-25,Paris La Defense
29381,Melvin,Shen,Melvin Shen,MALE,2023-12-23,Mühlheim
29382,Karla,Deng,Karla Deng,FEMALE,2023-05-30,Wokingham
29383,Kaitlin,Vance,Kaitlin Vance,FEMALE,2023-09-01,Berkshire
29384,Latasha,Sanz,Latasha Sanz,FEMALE,2023-06-14,York
29385,Don,Lal,Don Lal,MALE,2021-01-19,Berlin
29386,Franklin,Wang,Franklin Wang,MALE,2023-03-14,York
29387,Jenny,Cai,Jenny Cai,FEMALE,2023-06-12,Paris
29388,Calvin,Kumar,Calvin Kumar,MALE,2022-07-19,Paris
29389,Thomas,Phillips,Thomas Phillips,MALE,2022-07-30,Paris
29390,Summer,Rodriguez,Summer Rodriguez,FEMALE,2022-08-02,Paris
29391,Ebony,Chandra,Ebony Chandra,FEMALE,2021-04-30,Bottrop
29392,Tamara,Andersen,Tamara Andersen,FEMALE,2023-12-08,Milton Keynes
29393,Sheena,Rai,Sheena Rai,FEMALE,2023-01-29,Orly
29394,Raquel,Torres,Raquel Torres,FEMALE,2023-03-22,Eilenburg
29395,Lydia,Rana,Lydia Rana,FEMALE,2023-12-05,Paris
29396,Arturo,Zeng,Arturo Zeng,MALE,2023-05-06,Bonn
29397,Walter,Ramos,Walter Ramos,MALE,2022-08-08,Paris
29398,Bruce,Suri,Bruce Suri,MALE,2021-04-12,Kiel
29399,Janet,Gomez,Janet Gomez,FEMALE,2021-04-10,Leipzig
29400,Marvin,Browning,Marvin Browning,MALE,2021-05-06,Paderborn
29401,Jésus,Gomez,Jésus Gomez,MALE,2023-01-22,Warrington
29402,Damien,Andersen,Damien Andersen,MALE,2023-10-01,Saint Germain en Laye
29403,Erik,Romero,Erik Romero,MALE,2021-05-24,Paderborn
29404,Chloe,Ross,Chloe Ross,FEMALE,2022-08-05,Versailles
29405,Meagan,Vance,Meagan Vance,FEMALE,2023-08-13,Versailles
29406,Melissa,Ward,Melissa Ward,FEMALE,2023-08-01,Darmstadt
29407,Samantha,Smith,Samantha Smith,FEMALE,2023-06-27,Cheltenham
29408,Heather,Chen,Heather Chen,FEMALE,2023-07-31,Les Ulis
29409,Kelsey,Pal,Kelsey Pal,FEMALE,2023-04-12,Hamburg
29410,Lucas,Price,Lucas Price,MALE,2021-05-28,Hof
29411,Cara,Lin,Cara Lin,FEMALE,2023-02-14,York
29412,Melinda,Gutierrez,Melinda Gutierrez,FEMALE,2022-08-09,Chatou
29413,Arthur,Garcia,Arthur Garcia,MALE,2023-12-14,Roissy en Brie
29414,Lydia,Patel,Lydia Patel,FEMALE,2022-08-20,Villeneuve-d'Ascq
29415,Oscar,Flores,Oscar Flores,MALE,2022-08-02,Saint-Denis
29416,Pedro,Ramos,Pedro Ramos,MALE,2023-07-14,Bury
29417,Kellie,Vazquez,Kellie Vazquez,FEMALE,2023-07-10,München
29418,Lindsey,Sharma,Lindsey Sharma,FEMALE,2023-12-22,Berlin
29419,Carrie,Vazquez,Carrie Vazquez,FEMALE,2023-10-07,Pantin
29420,Linda,Travers,Linda Travers,FEMALE,2023-09-16,Paris
29421,Blake,Williams,Blake Williams,MALE,2023-12-02,Saint-Denis
29422,Ian,Adams,Ian Adams,MALE,2023-10-14,Versailles
29423,Tony,Luo,Tony Luo,MALE,2023-11-22,Versailles
29424,Erik,Gill,Erik Gill,MALE,2023-06-24,Stuttgart
29425,Tommy,Xie,Tommy Xie,MALE,2023-02-04,Peterborough
29426,Neil,Gomez,Neil Gomez,MALE,2023-10-12,Paris
29427,Wesley,Chen,Wesley Chen,MALE,2023-05-17,Paris
29428,Kristopher,Perez,Kristopher Perez,MALE,2023-02-05,Braunschweig
29429,Marie,Suarez,Marie Suarez,FEMALE,2023-12-12,Paris
29430,Donna,Goel,Donna Goel,FEMALE,2023-08-24,Braunschweig
29431,Marie,Gutierrez,Marie Gutierrez,FEMALE,2023-03-07,Birmingham
29432,Gabrielle,Roberts,Gabrielle Roberts,FEMALE,2023-04-07,Leeds
29433,Thomas,King,Thomas King,MALE,2023-04-05,Runcorn
29434,Donna,Yuan,Donna Yuan,FEMALE,2023-04-03,Solingen
29435,Stanley,Rodriguez,Stanley Rodriguez,MALE,2023-04-22,Sulzbach Taunus
29436,Adriana,Raman,Adriana Raman,FEMALE,2023-04-30,Hamburg
29437,Haley,Bell,Haley Bell,FEMALE,2023-09-27,Saint-Denis
29438,Terrance,Fernandez,Terrance Fernandez,MALE,2023-05-11,Bonn
29439,Laura,Zhu,Laura Zhu,FEMALE,2023-07-05,High Wycombe
29440,Rafael,Cai,Rafael Cai,MALE,2023-12-03,München
29441,Adriana,Patel,Adriana Patel,FEMALE,2023-12-25,Neunkirchen
29442,Damien,Yuan,Damien Yuan,MALE,2023-04-19,Saarbrücken
29443,Gabriel,Phillips,Gabriel Phillips,MALE,2023-06-26,Runcorn
29444,Beth,Blanco,Beth Blanco,FEMALE,2023-10-08,Wokingham
29445,Bonnie,Lal,Bonnie Lal,FEMALE,2023-09-07,Dunkerque
29446,Jamie,Ma,Jamie Ma,FEMALE,2023-12-01,Braunschweig
29447,Lindsay,Deng,Lindsay Deng,FEMALE,2023-12-26,Dunkerque
29448,Lindsey,Yuan,Lindsey Yuan,FEMALE,2021-05-01,Hamburg
29449,Laura,Chen,Laura Chen,FEMALE,2021-05-13,Salzgitter
29450,Bradley,Chande,Bradley Chande,MALE,2022-09-16,Colomiers
29451,Geoffrey,Lopez,Geoffrey Lopez,MALE,2023-02-08,Paris
29452,Meredith,Romero,Meredith Romero,FEMALE,2023-08-10,Darlinghurst
29453,Victor,Vazquez,Victor Vazquez,MALE,2023-09-03,Melton
29454,Victoria,Bradley,Victoria Bradley,FEMALE,2023-09-14,Caloundra
29455,Dawn,Zeng,Dawn Zeng,FEMALE,2023-09-27,Sunbury
29456,Lindsay,She,Lindsay She,FEMALE,2023-09-08,Lane Cove
29457,Cynthia,Kapoor,Cynthia Kapoor,FEMALE,2023-09-12,Cranbourne
29458,Danny,Moreno,Danny Moreno,MALE,2023-09-14,St. Leonards
29459,Marco,Malhotra,Marco Malhotra,MALE,2023-09-19,Hervey Bay
29460,Andres,Chander,Andres Chander,MALE,2023-09-06,South Melbourne
29461,Colin,Xu,Colin Xu,MALE,2023-10-19,Findon
29462,Clinton,Hernandez,Clinton Hernandez,MALE,2023-09-30,Rockhampton
29463,Lucas,Gonzales,Lucas Gonzales,MALE,2023-10-09,Gold Coast
29464,Eugene,Gao,Eugene Gao,MALE,2023-10-15,Rockhampton
29465,Roy,Gill,Roy Gill,MALE,2023-10-20,Matraville
29466,Lance,Jimenez,Lance Jimenez,MALE,2021-06-15,Solingen
29467,Monica,Mehta,Monica Mehta,FEMALE,2021-06-04,Sulzbach Taunus
29468,Jacqueline,Morris,Jacqueline Morris,FEMALE,2023-06-04,Cheltenham
29469,Dominique,Saunders,Dominique Saunders,FEMALE,2023-06-16,Oxon
29470,Nathan,Roberts,Nathan Roberts,MALE,2023-12-05,Drancy
29471,Dana,Ortega,Dana Ortega,FEMALE,2024-01-21,Dunkerque
29472,Lacey,Sharma,Lacey Sharma,FEMALE,2023-09-01,Paris
29473,Carmen,Subram,Carmen Subram,FEMALE,2023-06-03,Oxford
29474,Jaime,Raje,Jaime Raje,MALE,2021-06-19,Saarbrücken
29475,Jared,Ward,Jared Ward,MALE,2021-06-29,Hamburg
29476,Elizabeth,Bradley,Elizabeth Bradley,FEMALE,2021-07-21,Hamburg
29477,Neil,Ruiz,Neil Ruiz,MALE,2023-06-18,London
29478,Darren,Carlson,Darren Carlson,MALE,2023-06-26,Stoke-on-Trent
29479,Tommy,Tang,Tommy Tang,MALE,2022-09-04,Versailles
29480,Nina,Raji,Nina Raji,FEMALE,2023-07-17,London
29481,Ivan,Suri,Ivan Suri,MALE,2021-08-13,Hof
29482,Clayton,Zhang,Clayton Zhang,MALE,2022-09-18,Saint Ouen
29483,Jésus,Navarro,Jésus Navarro,MALE,2022-09-09,Paris La Defense
